0.03257961,-0.03085881,0.02363029,0.9987131
0.1296478,-0.05540545,-0.002029066,0.9900089
0.1206454,-0.05375393,0.0002389317,0.9912392
0.1230288,-0.05420589,-0.0003863364,0.9909215
0.1231505,-0.05422871,-0.0004181778,0.9909052
0.1214186,-0.05390154,3.60827E-05,0.9911368
0.1252561,-0.05461982,-0.0009711962,0.9906194
0.1239732,-0.05438232,-0.0006343396,0.9907941
0.1199687,-0.0536241,0.0004164879,0.9913282
0.1169447,-0.05303428,0.001210082,0.9917207
0.118973,-0.05343143,0.0006783768,0.9914586
0.1255632,-0.05467637,-0.001051913,0.9905773
0.1300292,-0.05548004,-0.002220341,0.9899542
0.1333224,-0.05605183,-0.003093699,0.9894816
0.152918,-0.05908992,-0.008191048,0.9864367
0.1546804,-0.05933196,-0.008655096,0.9861434
0.1554987,-0.05944257,-0.008867925,0.9860061
0.1579718,-0.05977057,-0.009510892,0.9855871
0.1679081,-0.06098581,-0.01208439,0.9838402
0.1353554,-0.05639461,-0.003662836,0.9891841
0.1346889,-0.05628435,-0.003439315,0.9892822
0.1302082,-0.05551162,-0.002268792,0.9899288
0.1269483,-0.05492906,-0.001414667,0.9903863
0.1241851,-0.05442187,-0.0006908681,0.9907653
0.1241457,-0.05441441,-0.0006791516,0.9907706
0.1208387,-0.05379093,0.0001877411,0.9912136
0.1204297,-0.05371267,0.0002939915,0.9912676
0.1247066,-0.05451851,-0.000825929,0.9906944
0.1263807,-0.0548258,-0.00126484,0.9904647
0.1233633,-0.05426852,-0.0004747673,0.9908765
0.1208388,-0.05379098,0.0001875497,0.9912136
0.1232251,-0.05424264,-0.0004370166,0.9908951
0.1316716,-0.05576763,-0.002650122,0.9897198
0.1246152,-0.05450154,-0.000802401,0.9907069
0.1305434,-0.05557047,-0.002350992,0.9898812
0.1138051,-0.05240694,0.002026833,0.9921178
0.1105889,-0.05174715,0.002880649,0.992514
0.1070231,-0.05099691,0.003819026,0.9929405
0.1032791,-0.05018697,0.004814381,0.9933738
0.1297958,-0.0554392,-0.002181098,0.9899873
0.1292171,-0.05533626,-0.00200768,0.9900691
0.1307392,-0.05560487,-0.002406317,0.9898533
0.1255277,-0.05466996,-0.001057536,0.9905821
0.1034217,-0.05021852,0.004772997,0.9933575
0.1252246,-0.05461402,-0.0009618765,0.9906236
0.1408637,-0.05729566,-0.005048291,0.9883568
0.1246118,-0.05450115,-0.0008199774,0.9907072
0.1097067,-0.05156334,0.003114912,0.9926207
0.1108301,-0.05179725,0.002817227,0.9924847
0.1112911,-0.05189262,0.002695833,0.9924284
0.1169119,-0.05302783,0.001218777,0.9917248
0.1243834,-0.05445856,-0.0007418296,0.9907383
0.1208677,-0.05379661,0.0001805495,0.9912098
0.1293274,-0.05535593,-0.002036213,0.9900535
0.1274519,-0.05502019,-0.001548264,0.9903163
0.128038,-0.05512565,-0.001698972,0.9902346
0.1391362,-0.057019,-0.004601554,0.9886196
0.1348433,-0.05631039,-0.003479564,0.9892595
0.1352418,-0.05637746,-0.00358342,0.9892009
0.1415053,-0.05739705,-0.005221608,0.9882584
0.1399166,-0.05714443,-0.004805447,0.9885013
0.1145449,-0.05255542,0.001847053,0.9920252
0.08399551,-0.04567397,0.009877546,0.9953698
0.04603468,-0.03511601,0.02001134,0.9981219
0.04555529,-0.03496723,0.02014503,0.9981463
0.048993,-0.03602394,0.01918679,0.9979649
0.07388637,-0.04307203,0.01258479,0.9962566
0.06492843,-0.04063948,0.01496925,0.9969497
0.07635188,-0.04372051,0.01192869,0.9960505
0.0452979,-0.03488887,0.02021032,0.9981595
-0.006634481,-0.01701801,0.03420006,0.9992481
-0.004645931,-0.01775275,0.03369819,0.9992636
0.02619127,-0.02874685,0.02535145,0.9989219
0.01605497,-0.02528565,0.02806779,0.9991572
-0.004596729,-0.01775832,0.03371367,0.9992632
0.03202368,-0.03068603,0.02375505,0.9987335
0.04878161,-0.03595054,0.01928064,0.9979761
0.03825192,-0.03268617,0.02210055,0.9984888
0.01110641,-0.02353306,0.02942359,0.9992282
-0.01047588,-0.01552151,0.03529921,0.9992013
-0.02553379,-0.009567412,0.03941685,0.9988507
-0.0243718,-0.01004022,0.03909294,0.9988879
-0.001760181,-0.01883106,0.03292542,0.9992788
0.02090127,-0.02695479,0.02677744,0.9990593
0.04211241,-0.03390098,0.0210684,0.9983152
0.1355717,-0.05642607,-0.003654653,0.9891527
0.1532768,-0.05913576,-0.008337762,0.9863771
0.1196018,-0.05354637,0.0005855151,0.9913768
0.03531632,-0.03174564,0.02289403,0.9986095
0.02811773,-0.02939017,0.02483124,0.9988638
0.03371779,-0.03123535,0.02330442,0.9986714
0.02879736,-0.02961551,0.02464748,0.9988424
-0.005378707,-0.01747003,0.03390862,0.9992578
-0.04243255,-0.002532108,0.04407742,0.9981233
-0.05293671,0.001997389,0.04695205,0.9974915
-0.0645953,0.007199701,0.0501911,0.9966225
-0.07250343,0.01081062,0.05238526,0.9959328
-0.08653604,0.0173603,0.05625585,0.9945076
-0.07050152,0.00986482,0.05179323,0.9961173
-0.07513112,0.01202452,0.05311377,0.9956855
-0.05423716,0.002574751,0.04732059,0.9974029
-0.00908957,-0.01609289,0.03483348,0.9992222
0.05596824,-0.03806895,0.01741034,0.9975546
0.08184277,-0.04513168,0.01046416,0.9955679
0.09562517,-0.04846424,0.006824675,0.9942135
0.1039278,-0.05033145,0.00461437,0.9932998
0.07688621,-0.04385799,0.01179849,0.9960049
0.09227844,-0.04768252,0.007702974,0.9945611
0.1006037,-0.04959567,0.005510703,0.9936744
0.120489,-0.05372398,0.0002797674,0.9912598
0.1066036,-0.05090616,0.003941955,0.9929897
0.07932907,-0.04449199,0.01112735,0.9957929
0.04367986,-0.03438857,0.02064794,0.9982401
0.002831023,-0.02053379,0.0316784,0.9992831
-0.01327158,-0.01443587,0.03606768,0.9991569
-0.002333438,-0.01861618,0.0330824,0.9992766
0.02101372,-0.02699254,0.02674894,0.9990567
0.06311839,-0.04012965,0.01546486,0.997079