-0.03257962,-0.03085883,-0.02363029,0.9987131
-0.2102598,-0.06432437,0.02275456,0.9752617
-0.1868964,-0.0628451,0.01701431,0.9802198
-0.1693391,-0.06114588,0.01246991,0.9835801
-0.1631503,-0.06042406,0.01085808,0.9846893
-0.1626125,-0.06035839,0.01071775,0.9847838
-0.155822,-0.0594857,0.008956447,0.9859517
-0.1480036,-0.05838726,0.006912041,0.9872376
-0.1300986,-0.05549235,0.002238463,0.9899444
-0.1288853,-0.0552773,0.001923781,0.9901158
-0.1210485,-0.05383113,-0.0001336513,0.9911858
-0.1221869,-0.05404725,0.0001650569,0.9910345
-0.1148458,-0.05261642,-0.001761587,0.9919873
-0.1051491,-0.05059465,-0.004313463,0.9931592
-0.1040971,-0.0503663,-0.004589803,0.9932804
-0.1054802,-0.05066616,-0.004225401,0.9931207
-0.1033479,-0.05020269,-0.004787187,0.993366
-0.1073051,-0.05105711,-0.003744534,0.9929072
-0.1166942,-0.05298482,-0.001276584,0.9917527
-0.131458,-0.05573044,0.002595574,0.9897506
-0.1451434,-0.05795992,0.0061697,0.9876923
-0.1401802,-0.05718676,0.004874057,0.9884611
-0.137585,-0.05676644,0.004196497,0.988853
-0.1356719,-0.05634841,0.004375511,0.9891405
-0.133675,-0.05611231,0.003174209,0.9894303
-0.1298361,-0.05544603,0.002172644,0.9899816
-0.1154027,-0.05272773,-0.001618384,0.991917
-0.09913404,-0.04926595,-0.005895586,0.9938363
-0.0848871,-0.0458922,-0.009664902,0.9952862
-0.08873981,-0.04683557,-0.008644957,0.9949155
-0.09106426,-0.04739369,-0.008029847,0.9946842
-0.09151688,-0.04750139,-0.007910378,0.9946385
-0.0942468,-0.04814409,-0.007188754,0.9943581
-0.09846418,-0.04911424,-0.006074972,0.9939092
-0.0990705,-0.04925149,-0.005914421,0.9938432
-0.09886213,-0.04920434,-0.005970088,0.993866
-0.09597652,-0.04854538,-0.006731821,0.9941763
-0.09069415,-0.04730546,-0.008127159,0.9947214
-0.08602049,-0.04617206,-0.009365046,0.9951788
-0.08565579,-0.04608207,-0.009462663,0.9952134
-0.09761117,-0.0489203,-0.006300287,0.9940016
-0.1155278,-0.05275327,-0.001576813,0.9919012
-0.1477027,-0.05834203,0.006846436,0.9872859
-0.1633887,-0.06045322,0.01091783,0.9846473
-0.1658938,-0.06075213,0.01157086,0.9842025
-0.1876642,-0.06290606,0.01722033,0.9800655
-0.2147822,-0.06445956,0.02422065,0.9742315
-0.2228063,-0.06467506,0.02628749,0.9723597
-0.225024,-0.06471424,0.02686002,0.9718306
-0.2279835,-0.06475315,0.02762375,0.9711166
-0.2338097,-0.06478657,0.02911981,0.9696843
-0.248512,-0.06459646,0.03291225,0.9659119
-0.2375637,-0.06477435,0.03008945,0.9687427
-0.2495932,-0.06456964,0.03318432,0.9656258
-0.2564934,-0.06433439,0.03496095,0.9637686
-0.2634655,-0.06401047,0.0367526,0.9618409
-0.2779508,-0.06305198,0.04048095,0.9576686
-0.3121667,-0.05923588,0.04930933,0.9468958
-0.3476232,-0.05294501,0.05846201,0.934311
-0.3492608,-0.05259069,0.05889416,0.9336929
-0.3382071,-0.05485351,0.05602752,0.9377995
-0.3356573,-0.05534057,0.0553686,0.9387257
-0.3269669,-0.05691082,0.05311552,0.941824
-0.3402357,-0.05445612,0.05655321,0.937057
-0.3176009,-0.05843545,0.05069806,0.9450634
-0.2985081,-0.06102731,0.04577391,0.9513534
-0.2782789,-0.06302613,0.04056458,0.9575714
-0.2551949,-0.06438448,0.03462847,0.9641219
-0.2342915,-0.06478554,0.02924703,0.9695644
-0.2170286,-0.06453163,0.02479844,0.9737142
-0.2057982,-0.06408626,0.02190127,0.9762481
-0.1978975,-0.06364189,0.01986121,0.9779528
-0.1897326,-0.0630701,0.01775017,0.9796472
-0.1805913,-0.06229509,0.01538233,0.981463
-0.1638471,-0.06050747,0.01104969,0.9845663
-0.1527461,-0.059066,0.008149827,0.9864651
-0.150291,-0.05871912,0.007511738,0.9868679
-0.1415488,-0.05740397,0.005230884,0.9882517
-0.142765,-0.0575948,0.005545272,0.9880639
-0.1633023,-0.06044181,0.01090616,0.9846625
-0.1591981,-0.05992922,0.009830482,0.985377
-0.1770738,-0.06195915,0.01446995,0.9821388
-0.1718384,-0.06141998,0.01311404,0.983121
-0.1697683,-0.06119416,0.01257703,0.9835019
-0.1629676,-0.06040184,0.01081048,0.9847214
-0.1531804,-0.05912611,0.008264432,0.9863932
-0.1500561,-0.05868539,0.0074494,0.9869061
-0.1422764,-0.05751815,0.005422672,0.9881395
-0.1268141,-0.05490465,0.00137843,0.9904048
-0.1215189,-0.05392078,-2.696179E-07,0.9911235
-0.1407652,-0.0572802,0.005015129,0.9883719
-0.1177552,-0.05319348,-0.0009931447,0.9916164
-0.07973323,-0.04459419,-0.0110312,0.9957572
-0.05349153,-0.03735764,-0.01802432,0.9977065
-0.04366934,-0.03438486,-0.02065245,0.9982405
-0.03698527,-0.03228122,-0.02244508,0.9985421
-0.02895153,-0.02966654,-0.02460735,0.9988374
-0.0280485,-0.02936717,-0.0248499,0.998866
-0.02666072,-0.0289046,-0.02522331,0.9989082
-0.03417823,-0.03137724,-0.02320282,0.9986536
-0.01821546,-0.02602864,-0.02750516,0.9991167
0.06857821,0.008947669,-0.0512195,0.9962898
0.1582839,0.05390662,-0.07649451,0.982949
0.1757379,0.06335258,-0.08141649,0.9790169
0.1673123,0.0587588,-0.07902122,0.9809738
0.1488828,0.04886713,-0.07380018,0.9848855
0.1185191,0.03312134,-0.06525507,0.9902515
0.09030364,0.01919293,-0.05735096,0.9940763
0.05141835,0.001338147,-0.04654141,0.9975913
0.01806749,-0.01255201,-0.03738091,0.9990589
0.000243768,-0.01939807,-0.03250947,0.9992832
-0.01751131,-0.02578317,-0.02769903,0.9991302
-0.04186347,-0.03382324,-0.02113522,0.998327
-0.06711058,-0.04124454,-0.01438165,0.996789
-0.1000781,-0.04947822,-0.005646009,0.9937325
-0.1264146,-0.05483201,0.001274008,0.99046
-0.1444534,-0.05785488,0.005989637,0.9878007
-0.156205,-0.0595373,0.009050797,0.9858871
-0.1609863,-0.06015639,0.01029555,0.9850678
-0.1613781,-0.06020545,0.01039735,0.9849997
-0.1623317,-0.06032373,0.01064523,0.9848331
-0.1776869,-0.0620189,0.01463062,0.9820219
-0.1853596,-0.06271715,0.01661752,0.9805264
-0.1870023,-0.06285344,0.01704341,0.9801985
-0.1932238,-0.06332862,0.01865312,0.9789311
-0.2001366,-0.06377856,0.02044025,0.9774763
-0.2081359,-0.06419709,0.02250455,0.9757313
-0.2173632,-0.06454107,0.02488656,0.9736367
-0.2213136,-0.06464329,0.02590388,0.972713
-0.215965,-0.06449874,0.02452466,0.9739598
-0.2146088,-0.06445402,0.02417507,0.9742712
-0.2077778,-0.0641803,0.02241346,0.9758109
-0.2035009,-0.06396808,0.02130874,0.9767504
-0.2046732,-0.06402948,0.02161127,0.9764948
-0.2007613,-0.06381504,0.02060233,0.9773424
-0.1955013,-0.06348588,0.01924189,0.9784573
-0.1941939,-0.06339666,0.01890398,0.97873
-0.1961371,-0.06352821,0.0194063,0.9783241
-0.1932189,-0.06332823,0.01865204,0.9789321
-0.1902221,-0.06310757,0.01787671,0.9795476
-0.1865811,-0.06281888,0.01693466,0.9802829
-0.1829002,-0.06250404,0.015982,0.9810123
-0.1788815,-0.06213432,0.01494018,0.981793
-0.1775912,-0.06200963,0.01460605,0.9820402
-0.1747318,-0.0617235,0.01386471,0.9825817
-0.1764665,-0.06189868,0.01431447,0.9822542
-0.178046,-0.06205388,0.01472392,0.9819533
-0.176883,-0.06193995,0.01442259,0.9821751
-0.1753527,-0.06178685,0.0140257,0.9824648
-0.1774983,-0.06200058,0.01458197,0.9820579
-0.1778476,-0.06203463,0.0146725,0.9819912
-0.1770454,-0.06195612,0.01446444,0.9821442
-0.1732881,-0.06157383,0.01349024,0.982852
-0.1791353,-0.06215837,0.01500596,0.9817442
-0.1799855,-0.06223848,0.0152266,0.9815803
-0.1811869,-0.06234974,0.01553784,0.9813473
-0.1796307,-0.06220523,0.01513462,0.9816487
-0.1772991,-0.06198099,0.01453033,0.9820958
-0.1739382,-0.06164161,0.01365894,0.9827304
-0.1694269,-0.0611562,0.01248835,0.9835641
-0.1657108,-0.06073066,0.0115233,0.9842352
-0.1631673,-0.06042612,0.01086239,0.9846863
-0.1621545,-0.06030184,0.01059924,0.9848641
-0.1609392,-0.06015053,0.01028315,0.9850761
-0.1583669,-0.05982195,0.009614266,0.9855196
-0.1583755,-0.05982313,0.009616506,0.9855181
-0.15976,-0.06000133,0.009976491,0.9852802
-0.1569477,-0.05963591,0.009245359,0.9857614
-0.1575805,-0.05971926,0.009409687,0.9856538
-0.1659427,-0.06075804,0.01158319,0.9841937
-0.1603478,-0.06007589,0.01012894,0.9851786
-0.153718,-0.05920033,0.00840459,0.9863039
-0.1454057,-0.05799961,0.006238102,0.9876509
-0.1409443,-0.05730845,0.005074339,0.9883444
-0.1343013,-0.05621871,0.003337241,0.9893388
-0.127227,-0.05497953,0.001486688,0.9903476
-0.1177149,-0.05318599,-0.001008024,0.9916216
-0.1121362,-0.05206651,-0.00247407,0.9923248
-0.1121307,-0.05206537,-0.002475236,0.9923254
-0.1127921,-0.05220068,-0.002301308,0.9922438
-0.1137485,-0.05239511,-0.002049912,0.9921249
-0.1110847,-0.05184989,-0.002750308,0.9924537
-0.1071683,-0.05102789,-0.003781676,0.9929234
-0.1155589,-0.05275932,-0.001571114,0.9918973
-0.1222944,-0.05406766,0.0001936848,0.99102
-0.1200678,-0.05364322,-0.000386951,0.9913152
-0.1040656,-0.05035951,-0.004598357,0.993284
-0.1051729,-0.05059978,-0.004306055,0.9931564
-0.09998935,-0.04945818,-0.00567275,0.9937423
-0.1021615,-0.04994192,-0.005097961,0.9935003
-0.1168989,-0.05302521,-0.001220764,0.9917265
-0.1225292,-0.05411183,0.0002544713,0.9909886
-0.1160542,-0.05285793,-0.001444149,0.9918344
-0.1188543,-0.05340838,-0.0007075458,0.991474
-0.1226214,-0.0541293,0.0002794154,0.9909763
-0.1127811,-0.05219848,-0.002303212,0.9922451
-0.1136753,-0.05238026,-0.002069166,0.992134
-0.114503,-0.05254751,-0.001851608,0.9920304
-0.1155703,-0.05276149,-0.001571319,0.9918958
-0.1131808,-0.05227987,-0.002199102,0.9921957
-0.1093042,-0.05147927,-0.003218677,0.9926691
-0.09936424,-0.04931844,-0.005829997,0.9938111
-0.081594,-0.04506626,-0.01054581,0.9955904
-0.06525353,-0.04072882,-0.01488562,0.9969261
-0.02800067,-0.02935098,-0.02486363,0.9988675
0.03218842,-0.006839794,-0.04125299,0.9986066
0.06393812,0.006908611,-0.05001858,0.9966756
0.06718157,0.008372653,-0.05090768,0.996406
0.07125796,0.01023712,-0.05203917,0.9960468
0.08038188,0.01447599,-0.05457563,0.9951637
0.06267652,0.006333308,-0.04965797,0.9967777
0.04548807,-0.001232537,-0.04490462,0.9979544
0.02573641,-0.009485234,-0.03947242,0.9988441
0.006923364,-0.01688183,-0.0343326,0.9992439
-0.009468768,-0.02294618,-0.02987125,0.9992454
-0.03362111,-0.03119715,-0.02335196,0.9986746
-0.06296285,-0.04008988,-0.01549136,0.99709
-0.0861018,-0.04619167,-0.009345556,0.995171
-0.09752554,-0.04890059,-0.006323836,0.9940108
-0.1016442,-0.04982718,-0.005236318,0.9935584
-0.1006199,-0.0495993,-0.005506406,0.9936726
-0.09258723,-0.04775599,-0.007617695,0.9945295
-0.07563339,-0.04353197,-0.01212358,0.9961112
-0.07778099,-0.04409192,-0.01154925,0.9959281
-0.0786115,-0.04430638,-0.01132885,0.9958558
-0.08114333,-0.04495367,-0.01065557,0.9956311
-0.09460064,-0.04822652,-0.007096308,0.9943211
-0.1107398,-0.0517787,-0.002839166,0.9924957
-0.1238505,-0.05435956,0.0006017168,0.9908107
-0.1282443,-0.05516281,0.001752755,0.9902058
-0.1272084,-0.05497614,0.001481081,0.9903502
-0.1335534,-0.05609154,0.00314369,0.989448
-0.137999,-0.05683425,0.004304508,0.988791
-0.133576,-0.05609546,0.003148426,0.9894447
-0.1238904,-0.05436705,0.0006143362,0.9908051
-0.1222904,-0.05406686,0.0001908047,0.9910206
-0.1373437,-0.05672671,0.004133278,0.9888891
-0.1498135,-0.05865045,0.007388471,0.9869455
-0.1590163,-0.05990604,0.009781938,0.9854082
-0.1561482,-0.05952975,0.009036945,0.9858967
-0.160623,-0.0601107,0.01020103,0.985131
-0.1666833,-0.06084439,0.01177545,0.9840609
-0.1625616,-0.06035192,0.01070487,0.9847928
-0.1533124,-0.05914429,0.008299467,0.9863712
-0.1456004,-0.05802913,0.006288861,0.9876202
-0.1446883,-0.0578907,0.00605101,0.9877638
-0.1454331,-0.05800381,0.006245236,0.9876466
-0.1439607,-0.05777933,0.005860955,0.9878778
-0.1399339,-0.05714738,0.004809896,0.9884986
-0.1383189,-0.05688633,0.004388691,0.9887429
-0.1338532,-0.05614267,0.003220442,0.9894044
-0.1365678,-0.05659867,0.003930285,0.9890047
-0.1436013,-0.05772395,0.005767332,0.9879339
-0.1571874,-0.05966763,0.009305757,0.9857207
-0.1546369,-0.05932584,0.008645914,0.9861506
-0.1487868,-0.05850175,0.007119468,0.9871116
-0.150371,-0.05873051,0.007532556,0.9868549
-0.1408829,-0.05729851,0.005063276,0.9883538
-0.1158912,-0.05282573,-0.001483552,0.9918551
-0.1092095,-0.05145934,-0.003244514,0.9926805
-0.1079117,-0.05118578,-0.003585171,0.9928354
-0.1221234,-0.05403524,0.0001470116,0.9910429
-0.1278293,-0.05508825,0.001644956,0.9902637
-0.1346306,-0.05627451,0.003424138,0.9892907
-0.1323548,-0.05588587,0.002828882,0.9896217
-0.1413466,-0.05737175,0.005185286,0.9882827
-0.1528236,-0.05907685,0.00816485,0.9864523
-0.1294128,-0.05537096,0.002065219,0.9900414
-0.1061671,-0.05081391,-0.004044473,0.9930409
-0.08397529,-0.04566693,-0.0098984,0.9953716
-0.0590634,-0.03897935,-0.01654141,0.9973557
-0.03747699,-0.03243988,-0.02230737,0.9985217
-0.01989697,-0.02660922,-0.02705068,0.9990817
-0.009255711,-0.02287049,-0.02992683,0.9992475
0.01139238,-0.01516647,-0.03555146,0.9991878
0.03139516,-0.007170942,-0.0410246,0.9986389
0.05334555,0.002182686,-0.04707413,0.9974635
0.08751782,0.01786388,-0.05657853,0.9943945
0.1049222,0.02631128,-0.06143418,0.9922323
0.1307441,0.03937616,-0.06869235,0.9882494
0.1613722,0.0555503,-0.07734,0.9822891
0.1865704,0.06929183,-0.08447959,0.976347
0.2043673,0.07916027,-0.08952272,0.9715726
0.2211907,0.0885677,-0.09428602,0.9666129
0.2314124,0.09430934,-0.09718113,0.9633846
0.2313264,0.09426028,-0.09715604,0.9634126
0.2258827,0.09120563,-0.09561839,0.9651507
0.2161495,0.08574303,-0.09285924,0.9681449
0.2027298,0.07824644,-0.08905743,0.9720324
0.1987345,0.07602359,-0.0879249,0.9731364
0.1977749,0.07549024,-0.08765282,0.9733979
0.2008529,0.0772015,-0.08852529,0.972554
0.2029728,0.07838182,-0.08912619,0.9719644
0.2029481,0.078368,-0.08911917,0.9719713
0.20229,0.07800163,-0.08893269,0.9721551
0.206102,0.08012633,-0.090013,0.9710815
0.2083517,0.08138238,-0.09065081,0.9704375
0.2063152,0.08024584,-0.09007391,0.9710208
0.2105676,0.08261805,-0.09127663,0.9697959
0.2109869,0.08285459,-0.09139727,0.9696732
0.2104016,0.08252778,-0.09123173,0.9698437
0.2119121,0.08337235,-0.09165983,0.9694023
0.2121504,0.08350568,-0.09172735,0.9693323
0.210514,0.08259052,-0.09126347,0.9698111
0.2119232,0.08337855,-0.09166292,0.969399
0.2113999,0.08308586,-0.09151455,0.9695525
0.2063106,0.08024356,-0.090073,0.971022
0.196673,0.07487722,-0.08733953,0.9736965
0.1876716,0.06989627,-0.08478896,0.9760659
0.181516,0.06650861,-0.08304499,0.9776155
0.1808226,0.06612817,-0.08284871,0.9777865
0.1727877,0.06173211,-0.08056997,0.9797153
0.1743568,0.06258933,-0.08101604,0.979346
0.1754913,0.063207,-0.08133594,0.9790772
0.1708737,0.06069194,-0.08002961,0.9801601
0.1713872,0.06097139,-0.08017498,0.9800413
0.1713745,0.06096447,-0.08017137,0.9800442
0.1687338,0.05952957,-0.07942358,0.9806514
0.1717057,0.06114473,-0.08026526,0.9799673
0.1722654,0.0614494,-0.08042379,0.9798371
0.17452,0.06267837,-0.08106229,0.9793075
0.1777725,0.06445599,-0.0819838,0.97853
0.176638,0.06383533,-0.08166222,0.978803
0.1760335,0.06350484,-0.08149108,0.9789477
0.1753767,0.06314601,-0.08130497,0.9791042
0.1735193,0.06213258,-0.0807789,0.9795434
0.1735009,0.06212247,-0.08077368,0.9795477
0.1734042,0.06206988,-0.08074629,0.9795704
0.1752646,0.06308482,-0.08127324,0.9791309
0.179674,0.06549746,-0.08252236,0.9780682
0.1794108,0.06535193,-0.08244682,0.9781326
0.1797704,0.06555007,-0.08254948,0.9780447
0.1834357,0.06756295,-0.08358842,0.9771385
0.1861065,0.06903337,-0.08434543,0.9764654
0.186616,0.06931414,-0.08448978,0.9763358
0.1872246,0.06964978,-0.08466234,0.9761804
0.1892017,0.07074105,-0.08522262,0.9756718
0.1904386,0.07142449,-0.08557325,0.9753507
0.1919516,0.07226149,-0.08600218,0.9749546
0.1927385,0.07269701,-0.0862252,0.9747473
0.192882,0.07277658,-0.08626589,0.9747093
0.2004966,0.07700396,-0.08842493,0.9726524
0.2035326,0.07869384,-0.08928496,0.9718076
0.2062468,0.08020718,-0.09005421,0.9710403
0.2067802,0.08050498,-0.09020535,0.9708881
0.2092499,0.08188416,-0.09090544,0.9701781
0.2090098,0.08175004,-0.09083732,0.9702476
0.207101,0.08068404,-0.09029633,0.9707965
0.2048197,0.07941121,-0.08964977,0.9714452
0.2050786,0.07955565,-0.08972315,0.9713719
0.2057249,0.07991607,-0.0899063,0.9711888
0.2051487,0.07959472,-0.08974305,0.9713521
0.2036775,0.0787745,-0.08932602,0.9717668
0.2037704,0.07882626,-0.08935228,0.9717408
0.2043858,0.07916905,-0.08952656,0.9715676
0.201915,0.07779206,-0.08882579,0.9722596
0.2010278,0.07729887,-0.08857499,0.9725056
0.1993128,0.07634562,-0.08808936,0.972978
0.192348,0.07247879,-0.08611275,0.9748506
0.1767534,0.06389735,-0.08169411,0.9787754
0.1629135,0.05638082,-0.07777619,0.9819527
0.1552807,0.05228169,-0.07561669,0.9835836
0.1495633,0.04923695,-0.07400155,0.9847489
0.1475501,0.04816904,-0.07343219,0.985148
0.1483098,0.0485715,-0.07364687,0.9849981
0.1526872,0.05089797,-0.07488394,0.9841181
0.1550177,0.05214157,-0.07554268,0.9836382
0.1554482,0.05237173,-0.0756644,0.9835487
0.1568668,0.05313081,-0.07606559,0.9832517
0.1523624,0.05072498,-0.07479225,0.9841844
0.1554141,0.0523534,-0.0756546,0.9835558
0.1555378,0.05241958,-0.07568976,0.98353
0.1554428,0.05236886,-0.07566288,0.9835498
0.154295,0.05175541,-0.07533827,0.983788
0.1512807,0.0501489,-0.0744862,0.9844039
0.1489038,0.04888656,-0.07381475,0.9848803
0.1456519,0.04716539,-0.07289618,0.9855187
0.1442206,0.04641036,-0.072492,0.9857948
0.1431129,0.0458269,-0.07217927,0.9860064
0.1413977,0.04492534,-0.07169517,0.9863307
0.1400165,0.04420075,-0.07130543,0.9865887
0.1399492,0.04416549,-0.07128639,0.9866011
0.1389849,0.0436607,-0.07101442,0.9867796
0.1383002,0.04330259,-0.07082121,0.9869055
0.1372785,0.04276896,-0.07053305,0.9870919
0.1370353,0.04264205,-0.07046443,0.9871361
0.1364837,0.04235434,-0.0703089,0.9872361
0.1353871,0.04178307,-0.0699997,0.9874333
0.137355,0.04280883,-0.07055463,0.987078
0.1365741,0.04242577,-0.07048878,0.9872076
0.1358122,0.04200399,-0.07011908,0.9873571
0.1371923,0.042724,-0.07050874,0.9871076
0.1361776,0.0421947,-0.07022256,0.9872913
0.1360776,0.04214259,-0.07019432,0.9873093
0.1370887,0.04266986,-0.07047953,0.9871265
0.1363234,0.04227084,-0.07026377,0.9872649
0.1334851,0.04079445,-0.06946349,0.9877714
0.1319511,0.03999919,-0.06903125,0.9880404
0.1319114,0.03997855,-0.06902003,0.9880472
0.1299164,0.03894716,-0.06845794,0.9883918
0.1292558,0.03860643,-0.06827191,0.9885046
0.1252788,0.03656185,-0.06715193,0.9891709
0.1219726,0.03487276,-0.06622232,0.9897076
0.1194758,0.03360266,-0.0655198,0.9901028
0.1158638,0.03177553,-0.06450495,0.9906589
0.1123728,0.03002032,-0.06352472,0.991179
0.1111184,0.02939245,-0.06317256,0.9913617
0.1086248,0.02814847,-0.0624731,0.9917184
0.1135214,0.03059666,-0.06384698,0.9910097
0.1198311,0.03378298,-0.06561957,0.9900472
0.1250753,0.0364581,-0.06709518,0.9892043
0.1266522,0.0372665,-0.06753883,0.9889433
0.1265658,0.03722225,-0.06751446,0.9889577
0.1181623,0.03293772,-0.06515156,0.990307
0.1201857,0.03396248,-0.06571847,0.9899914
0.1248968,0.03636644,-0.06704479,0.9892336
0.1254544,0.03665211,-0.06720161,0.9891419
0.1271714,0.0375331,-0.06768467,0.9888566
0.1301485,0.03906721,-0.06852349,0.988352
0.1294918,0.03872812,-0.06833845,0.9884644
0.1271077,0.03750052,-0.06766704,0.9888673
0.1289785,0.03846336,-0.06819375,0.9885519
0.1320363,0.0400435,-0.06905527,0.9880254
0.1360499,0.04212803,-0.07018638,0.9873143
0.137313,0.04278687,-0.07054276,0.9870857
0.1387111,0.04351745,-0.07093705,0.9868299
0.1388504,0.04359043,-0.07097654,0.9868044
0.147243,0.04800708,-0.073346,0.9852081
0.1599103,0.05476399,-0.07692638,0.9826047
0.1707108,0.06060313,-0.07998322,0.9801978
0.1799875,0.06567011,-0.082612,0.9779914
0.1871112,0.0695882,-0.08463112,0.9762092
0.1991761,0.0762689,-0.08805003,0.9730154
0.2069931,0.08062359,-0.09026572,0.9708273
0.2147739,0.08497343,-0.09247011,0.968556
0.2159043,0.08560699,-0.09279084,0.9682182
0.2145292,0.08483692,-0.09240125,0.9686289
0.2146705,0.08491593,-0.09244125,0.9685868
0.2159838,0.08565149,-0.09281334,0.9681944
0.2180338,0.08680017,-0.09339409,0.9675767
0.2152987,0.08526763,-0.09261921,0.9683995
0.2078765,0.08111649,-0.09051572,0.9705743
0.1940265,0.07340535,-0.08658573,0.9744066
0.1884477,0.07033109,-0.08501488,0.9758655
0.1676984,0.05896799,-0.07913056,0.9808865
0.1551202,0.05219716,-0.07557239,0.9836168
0.1525756,0.05084208,-0.07485598,0.9841404
0.1713597,0.06094755,-0.0801587,0.9800489
0.1714959,0.06103055,-0.08020577,0.9800161
0.1586495,0.05408863,-0.07657169,0.9828741
0.1553224,0.05230377,-0.07562824,0.9835749
0.1536123,0.05139143,-0.07514562,0.9839286
0.1492717,0.04908153,-0.07391864,0.984807
0.145965,0.0473312,-0.072985,0.9854578
0.1376246,0.0429472,-0.07062807,0.9870292
0.1258595,0.0368601,-0.06731603,0.9890749
0.1152967,0.03148964,-0.06434562,0.9907445
0.1045151,0.02611108,-0.0613216,0.9922875
0.09561903,0.02175465,-0.05883086,0.9934399
0.08168734,0.01509073,-0.05494034,0.9950281
0.06807851,0.008780889,-0.05115602,0.9963289
0.04290657,-0.00233692,-0.04419504,0.9980984
0.02627607,-0.009266073,-0.03962059,0.9988263
0.01433347,-0.01402495,-0.03635104,0.9991378
0.01146406,-0.01514023,-0.03556802,0.9991868
0.005910863,-0.01726842,-0.03405334,0.9992533
0.0006289455,-0.01925385,-0.03261628,0.9992823
-0.005314147,-0.02144367,-0.03100001,0.9992753
-0.007594327,-0.02227053,-0.03038182,0.9992614
-0.01209363,-0.02388187,-0.02916157,0.9992161
-0.02187043,-0.02728536,-0.02651785,0.9990366
-0.03462546,-0.03152304,-0.02307924,0.9986364
-0.04724133,-0.03548301,-0.01969323,0.9980588
-0.05491656,-0.03777791,-0.01763984,0.9976202
-0.05632294,-0.03818911,-0.01726353,0.9975325
-0.05654659,-0.03825418,-0.01720381,0.9975185
-0.05542456,-0.03792683,-0.01750354,0.9975887
-0.05040716,-0.03644013,-0.0188457,0.9978858
-0.05248898,-0.03706155,-0.01828846,0.997766
-0.0560323,-0.03810439,-0.01734114,0.9975508
-0.06005453,-0.03926543,-0.01626714,0.9972899
-0.07107107,-0.04232093,-0.01333309,0.9964838
-0.06798252,-0.04148289,-0.01415421,0.9967232
-0.07128216,-0.04237772,-0.01327659,0.9964671
-0.08013692,-0.04469742,-0.01092411,0.9957213
-0.1120632,-0.05205126,-0.002493921,0.9923338
-0.1288561,-0.05527204,0.001908787,0.9901199
-0.1354168,-0.05640683,0.003629349,0.9891751
-0.1255552,-0.05467484,0.001048514,0.9905784
-0.1150652,-0.05266037,-0.001705392,0.9919596
-0.1073058,-0.0510569,-0.003747058,0.9929072
-0.08380523,-0.04562357,-0.009947698,0.9953874
-0.05928266,-0.03904451,-0.01647314,0.9973413
-0.03182777,-0.03061109,-0.02383992,0.99874
-0.03534578,-0.03175671,-0.0228812,0.9986084
-0.04000991,-0.03324129,-0.02163309,0.9984118
-0.04132399,-0.03365439,-0.02127998,0.9983521
-0.04300734,-0.03417996,-0.0208279,0.9982728
-0.04866339,-0.03591477,-0.0193124,0.9979826
-0.05150406,-0.03676832,-0.01855209,0.9978232
-0.05584348,-0.03804929,-0.01739166,0.9975627
-0.05874692,-0.03889063,-0.01661636,0.9973766
-0.05696446,-0.03837559,-0.01709212,0.997492
-0.05217607,-0.03696861,-0.01837196,0.9977843
-0.04863601,-0.0359065,-0.01931963,0.9979841
-0.04781447,-0.03565732,-0.01953972,0.9980283
-0.04250107,-0.03402256,-0.02096308,0.9982969
-0.03767537,-0.03250137,-0.02226001,0.9985133
-0.03672326,-0.03219734,-0.02251574,0.9985529
-0.03616513,-0.03201875,-0.02266496,0.9985756
-0.02793111,-0.02932695,-0.0248847,0.9988696
-0.01294598,-0.02418549,-0.02892665,0.9992051
-0.007920738,-0.02238835,-0.03029326,0.9992589
-0.02198044,-0.02732698,-0.0264766,0.999034
-0.05009275,-0.03634487,-0.01893204,0.9979035
-0.05488282,-0.03776784,-0.01764956,0.9976223
-0.06217777,-0.03986859,-0.01570075,0.9971449
-0.05901024,-0.03896639,-0.01654561,0.9973593
-0.05445968,-0.03764378,-0.01776174,0.9976481
-0.05679857,-0.03832709,-0.01713796,0.9975024
-0.07100289,-0.04230272,-0.01335031,0.9964892
-0.0774648,-0.04401006,-0.01163314,0.9959552
-0.08303039,-0.04542929,-0.01015687,0.9954591
-0.08384691,-0.04563342,-0.0099412,0.9953835
-0.07516903,-0.04341078,-0.01224287,0.9961503
-0.06746952,-0.04134224,-0.01429097,0.996762
-0.0645496,-0.04053362,-0.01507149,0.996977
-0.05032669,-0.0364162,-0.01886602,0.9978904
-0.02660324,-0.02888484,-0.02524036,0.9989098
-0.006996354,-0.02205358,-0.03054585,0.9992656
0.01146184,-0.01514138,-0.03556661,0.9991869
0.03405023,-0.006063946,-0.04176574,0.9985287
0.07467987,0.01181686,-0.05299045,0.9957285
0.1281838,0.03807991,-0.06800039,0.9886834
0.1554513,0.05235239,-0.07564425,0.9835508
0.1830749,0.06736574,-0.08348753,0.9772283
0.1964736,0.07476772,-0.08728401,0.9737501
0.206581,0.08039472,-0.09014973,0.9709449
0.2135936,0.08431292,-0.09213591,0.9689066
0.2215203,0.08875614,-0.09438232,0.9665108
0.2330793,0.09524591,-0.09765264,0.9628428
0.2344852,0.09603602,-0.09805013,0.9623824
0.2345282,0.09606031,-0.09806243,0.9623683
0.2400005,0.09913754,-0.09961094,0.9605464
0.2544356,0.107238,-0.1036822,0.955517
0.2599626,0.1103314,-0.1052377,0.9535048
0.2717123,0.1168836,-0.108538,0.9490681
0.276879,0.1197553,-0.109989,0.9470475
0.2797994,0.1213713,-0.1108062,0.9458876
0.2843324,0.1238734,-0.1120738,0.9440604
0.2857234,0.1246395,-0.1124624,0.9434931
0.2815042,0.1223129,-0.1112828,0.9452043
0.2802058,0.121596,-0.1109198,0.9457251
0.2798253,0.1213855,-0.1108133,0.9458773
0.2793531,0.1211245,-0.1106813,0.9460657
0.2807121,0.121876,-0.1110617,0.9455223
0.2854431,0.1244851,-0.112384,0.9436077
0.2880112,0.1258968,-0.1131009,0.9425539
0.2905627,0.1272969,-0.1138128,0.9414964
0.2910098,0.1275416,-0.1139374,0.9413101
0.2920568,0.1281147,-0.1142292,0.9408725
0.2964511,0.1305137,-0.1154529,0.9390174
0.2977414,0.1312153,-0.1158113,0.938467
0.2988135,0.1317983,-0.1161095,0.9380076
0.3002068,0.1325545,-0.1164965,0.937408
0.3007839,0.1328674,-0.116657,0.9371588
0.3005686,0.1327518,-0.116598,0.9372515
0.2927442,0.1284882,-0.1144189,0.940585
0.2900985,0.1270424,-0.1136833,0.9416896
0.2922664,0.1282296,-0.1142878,0.9407847
0.2986082,0.1316854,-0.1160515,0.938096
0.3091065,0.1373541,-0.1189633,0.9335067
0.3164659,0.1412819,-0.1209966,0.9301874
0.3257188,0.1461565,-0.1235412,0.9258958
0.3324685,0.1496677,-0.1253915,0.9226815
0.3316552,0.1492462,-0.125169,0.9230727
0.3314071,0.1491179,-0.1251013,0.9231915
0.3306554,0.148729,-0.1248968,0.9235516
0.3298311,0.1483012,-0.1246696,0.9239457
0.324925,0.1457469,-0.1233273,0.9262677
0.3058977,0.1356304,-0.1180754,0.9349273
0.280927,0.1219967,-0.1111232,0.9454356
0.2573411,0.1088606,-0.1044968,0.954466
0.236436,0.09713457,-0.09860362,0.9617381
0.2160452,0.08568581,-0.09283087,0.9681761
0.1972334,0.07519106,-0.0875008,0.9735445
0.1753742,0.0631451,-0.08130514,0.9791048
0.1435667,0.04606547,-0.07230772,0.98592
0.1058884,0.02678962,-0.06170564,0.9920999
0.06529125,0.007520233,-0.05039303,0.9965646
0.01273154,-0.01467445,-0.03586316,0.9991679
-0.04808378,-0.03574148,-0.01945585,0.998014
-0.07399713,-0.04310173,-0.01255425,0.9962475
-0.08124287,-0.04497868,-0.01063081,0.9956222
-0.09049711,-0.04725846,-0.008178758,0.9947412
-0.09749169,-0.04889298,-0.0063319,0.9940144
-0.09795131,-0.0489977,-0.006210502,0.993965
-0.09694041,-0.04876732,-0.006473334,0.9940737
-0.1083865,-0.05128603,-0.003463066,0.992779
-0.09951183,-0.0493502,-0.005803402,0.9937949
-0.07182464,-0.04252337,-0.01313175,0.9964239
-0.05105702,-0.03663384,-0.01867562,0.9978489
-0.06130533,-0.03962183,-0.01593236,0.9972051
-0.07104966,-0.0423154,-0.01333741,0.9964855
-0.07108083,-0.04232369,-0.01332959,0.996483
-0.05737615,-0.03849421,-0.01698422,0.9974656
-0.02615839,-0.02873537,-0.02535667,0.9989229
0.02830968,-0.008445406,-0.0401621,0.9987563
0.07590287,0.01238457,-0.05333071,0.995611
0.107722,0.02770668,-0.06222917,0.9918446
0.1173076,0.03250482,-0.06491083,0.9904387
0.1238709,0.03584221,-0.06675684,0.9894013
0.1152644,0.03147331,-0.06433654,0.9907494
0.08755073,0.01786238,-0.05656509,0.9943924
0.03997371,-0.003551093,-0.04346126,0.9982488
-0.05607994,-0.0381619,-0.01717769,0.9975488
-0.1090993,-0.05143628,-0.003272626,0.9926937
-0.1375612,-0.05676225,0.004187856,0.9888567
-0.1513626,-0.05887178,0.007788295,0.9866929
-0.1476446,-0.05833431,0.006822456,0.9872951
-0.1504599,-0.05874325,0.007555715,0.9868404
-0.1546273,-0.05932468,0.008641257,0.9861524
-0.1579913,-0.05977311,0.009516368,0.9855837
-0.1564312,-0.05956745,0.009110676,0.9858488
-0.15421,-0.05926778,0.008532437,0.986222
-0.155811,-0.05948459,0.008949161,0.9859536
-0.1575026,-0.059709,0.009389821,0.9856671
-0.1578622,-0.05975619,0.009482997,0.9856058
-0.1569914,-0.05964172,0.009256389,0.985754
-0.1570055,-0.0596435,0.009260056,0.9857516
-0.1586954,-0.05986442,0.009700322,0.9854633
-0.1615564,-0.06022768,0.01044361,0.9849685
-0.1610687,-0.06016661,0.01031695,0.9850535
-0.1594389,-0.05996009,0.009893464,0.9853355
-0.1553664,-0.05942496,0.008832727,0.9860284
-0.1483705,-0.05844082,0.007012306,0.9871787
-0.1449871,-0.05793617,0.006128905,0.9877169
-0.1443844,-0.05784436,0.005971853,0.9878115
-0.140375,-0.05721779,0.004924982,0.9884315
-0.1427433,-0.05759105,0.005543432,0.9880672
-0.149013,-0.05853473,0.007178569,0.9870752
-0.1539259,-0.05922888,0.008458209,0.9862694
-0.1552158,-0.05940443,0.0087949,0.9860537
-0.1584307,-0.05983031,0.009630549,0.9855086
-0.1634244,-0.06045754,0.0109292,0.9846409
-0.1682832,-0.0610278,0.01219117,0.9837722
-0.1755104,-0.06180255,0.01406785,0.982435
-0.182715,-0.06248828,0.01593025,0.9810487
-0.2021544,-0.06389458,0.02096102,0.9770423
-0.217096,-0.06453482,0.02481072,0.9736986
-0.1913215,-0.06318408,0.01819359,0.9793227
-0.1631333,-0.06042263,0.01084929,0.9846923
-0.1478086,-0.05835847,0.006864704,0.9872688
-0.1362656,-0.05654845,0.003850254,0.9890496
-0.1376856,-0.05678285,0.004222596,0.988838
-0.1351338,-0.05635932,0.003555499,0.9892167
-0.1411197,-0.05733617,0.005119581,0.9883175
-0.1478391,-0.05836289,0.006874229,0.987264
-0.1537573,-0.05920575,0.008414241,0.9862974
-0.1529217,-0.05909049,0.008193422,0.9864361
-0.1727338,-0.06151545,0.0133464,0.9829551
-0.2070966,-0.06414855,0.02223671,0.9759618
-0.2322593,-0.06478344,0.02872167,0.9700689
-0.2332618,-0.0647856,0.02898005,0.9698206
-0.2171419,-0.06453474,0.02482848,0.9736881
-0.2041511,-0.06400231,0.0214768,0.9766088
-0.1937772,-0.06336786,0.01879532,0.9788164
-0.1850442,-0.06269018,0.01653728,0.9805892
-0.1781476,-0.06206367,0.01475024,0.9819337
-0.170162,-0.06123748,0.01268022,0.9834297
-0.1610758,-0.06016768,0.010318,0.9850523
-0.1573675,-0.05969138,0.009353865,0.9856901
-0.1500614,-0.05868616,0.007451861,0.9869052
-0.1525205,-0.05903434,0.008092426,0.9865023
-0.1592712,-0.05993864,0.009850657,0.9853644
-0.1565872,-0.05958801,0.009152472,0.9858224
-0.1547477,-0.05934105,0.008672446,0.9861321
-0.1565333,-0.05958099,0.009137493,0.9858316
-0.1662158,-0.06078973,0.01165636,0.9841449
-0.1708562,-0.06131382,0.01285872,0.9833023
-0.1754223,-0.06179388,0.01404373,0.9824517
-0.1742442,-0.06167332,0.01373838,0.9826732
-0.1641047,-0.06053942,0.01110877,0.9845208
-0.1581897,-0.05979891,0.009567419,0.9855499
-0.1647801,-0.06062066,0.01128146,0.984401
-0.1707091,-0.06129748,0.0128223,0.9833294
-0.1785246,-0.06210006,0.0148472,0.9818615
-0.1762696,-0.06187913,0.01426286,0.9822915
-0.1662969,-0.06079928,0.01167557,0.9841303
-0.156606,-0.05959055,0.00915812,0.9858193
-0.1414425,-0.05738726,0.005203594,0.988268
-0.1315144,-0.05574028,0.002609177,0.9897425
-0.1266695,-0.05487845,0.001340509,0.9904248
-0.1282178,-0.05515798,0.001746107,0.9902094
-0.1244556,-0.054472,0.0007599336,0.9907285
-0.1300294,-0.05548019,0.002221668,0.9899542
-0.131018,-0.0556537,0.002479116,0.9898135
-0.1330382,-0.05600346,0.003008604,0.9895228
-0.1311339,-0.05567404,0.002508727,0.989797
-0.1492379,-0.05856713,0.007241582,0.9870388
-0.1552371,-0.05940727,0.008799867,0.9860501
-0.14785,-0.05836442,0.006876619,0.9872622
-0.1434518,-0.05770094,0.005728135,0.9879572
-0.1512336,-0.05885333,0.00775792,0.986714
-0.1521355,-0.05898048,0.007992286,0.9865659
-0.144788,-0.05790593,0.006076623,0.987748
-0.1436694,-0.05773444,0.005785146,0.9879233
-0.1455319,-0.05801874,0.006270966,0.9876309
-0.1440589,-0.05779446,0.00588675,0.9878624
-0.1417298,-0.05743249,0.00527925,0.9882238
-0.1443325,-0.05783628,0.005958151,0.9878196
-0.1406375,-0.05725975,0.004992976,0.9883915
-0.1494546,-0.05859869,0.007293752,0.9870037
-0.1536395,-0.05918923,0.008386641,0.986317
-0.1618505,-0.06026446,0.01051828,0.9849173
-0.1696949,-0.06118571,0.0125603,0.9835152
-0.1691143,-0.06112138,0.01240708,0.9836212
-0.169737,-0.06119064,0.01256903,0.9835075
-0.1642435,-0.06055636,0.01114232,0.9844962
-0.1642809,-0.0605609,0.01115138,0.9844896
-0.171932,-0.06143003,0.0131384,0.9831038
-0.1842248,-0.06262007,0.01632418,0.9807515
-0.2021298,-0.06389251,0.02095827,0.9770476
-0.2246786,-0.06470789,0.02677411,0.9719134
-0.2316704,-0.06478082,0.02857202,0.9702143
-0.2304605,-0.06477394,0.02826211,0.970512
-0.2299534,-0.06476981,0.02813374,0.9706363
-0.2257189,-0.06472609,0.02703394,0.9716639
-0.192515,-0.06327786,0.01846982,0.9790775
-0.1333811,-0.05606389,0.003100093,0.989473
-0.0863381,-0.04624953,-0.009292193,0.9951484
-0.05528172,-0.03788654,-0.01753598,0.9975976
-0.04459479,-0.03467152,-0.02040257,0.9981948
-0.05692907,-0.03836542,-0.01710128,0.9974943
-0.04729842,-0.03550003,-0.01967914,0.9980558
-0.05325232,-0.03728811,-0.01808309,0.9977208
-0.05113407,-0.03665788,-0.01865091,0.9978445
-0.05776694,-0.03860841,-0.01687626,0.9974404
-0.07006197,-0.04204874,-0.01360096,0.9965633
-0.07884928,-0.04436757,-0.01126564,0.9958351
-0.08533657,-0.04600342,-0.009545809,0.9952437
-0.08655524,-0.04630364,-0.009221984,0.9951277
-0.07731981,-0.04397242,-0.011672,0.9959677
-0.07140614,-0.04241099,-0.01324362,0.9964572
-0.06185295,-0.03977677,-0.01578737,0.9971673
-0.05086411,-0.03657692,-0.01872409,0.9978598
-0.0540143,-0.03751428,-0.01787458,0.9976751
-0.06139267,-0.03964604,-0.01591163,0.9971991
-0.0707972,-0.04224735,-0.01340504,0.9965055
-0.06788445,-0.04145626,-0.01417901,0.9967306
-0.05205262,-0.03693248,-0.01840276,0.9977915
-0.03687564,-0.03224448,-0.02247958,0.9985466
-0.01171361,-0.02374667,-0.02926501,0.9992209
0.01265182,-0.01467708,-0.03589802,0.9991676
0.008397684,-0.01632421,-0.03472352,0.9992283
-0.01099298,-0.02349064,-0.02945897,0.9992294
-0.01635721,-0.02538247,-0.02800778,0.9991515
-0.02959116,-0.02987762,-0.0244364,0.9988165
-0.02786097,-0.02930293,-0.02490612,0.9988718
-0.04509742,-0.03482639,-0.02027143,0.9981695
-0.09207545,-0.04763389,-0.007762679,0.9945818
-0.1174151,-0.05312722,-0.001081177,0.9916602
-0.1555977,-0.05945436,0.008909154,0.9859894
-0.169512,-0.06116603,0.01250714,0.9835487
-0.1733005,-0.06157506,0.01349345,0.9828497
-0.1675121,-0.06093974,0.0119919,0.9839116
-0.1728728,-0.0615304,0.01338022,0.9829292
-0.1854907,-0.06272749,0.01665607,0.9805004
-0.1748376,-0.06173439,0.01389209,0.9825618
-0.1744148,-0.06169099,0.01378249,0.9826412
-0.172752,-0.06151711,0.01335259,0.9829518
-0.1632531,-0.06043674,0.01088295,0.9846712
-0.147326,-0.05828714,0.006738857,0.9873461
-0.14035,-0.05721357,0.004935371,0.9884352
-0.1149036,-0.05262741,-0.001760426,0.99198
-0.09225637,-0.04767815,-0.007701469,0.9945633
-0.08912437,-0.0469285,-0.008543074,0.9948776
-0.06654706,-0.04108746,-0.01454139,0.996831
-0.06448207,-0.04051518,-0.01508781,0.9969819
-0.07523902,-0.04342991,-0.01222039,0.9961444
-0.09166908,-0.04753755,-0.007870059,0.9946231
-0.1130359,-0.0522504,-0.00223772,0.9922136
-0.1403386,-0.05721256,0.004913796,0.9884369
-0.1817165,-0.06239516,0.01569322,0.9812438
-0.1972651,-0.06360178,0.01969777,0.9780865
-0.1849713,-0.06267483,0.01657809,0.9806032
-0.1256692,-0.05469759,0.001057717,0.9905626
-0.1097858,-0.05157994,-0.003094501,0.9926111
-0.1008914,-0.04965989,-0.005434774,0.9936424
-0.1143973,-0.05252608,-0.00188113,0.9920437
-0.1201959,-0.05366776,-0.0003612605,0.9912984
-0.1418127,-0.05744562,0.005303427,0.988211
-0.170455,-0.0612698,0.01275517,0.983376
-0.1788831,-0.06213455,0.01493992,0.9817927
-0.1851383,-0.06269816,0.01656224,0.9805704
-0.1981398,-0.06365724,0.01992375,0.9779015
-0.2121587,-0.06436522,0.02354326,0.9748289
-0.2232636,-0.06468379,0.02640594,0.9722511
-0.2301574,-0.06477248,0.02818238,0.9705863
-0.230636,-0.06477565,0.02830518,0.970469
-0.2230014,-0.06467868,0.0263388,0.9723133
-0.2219895,-0.06465783,0.02607911,0.9725534
-0.2353442,-0.06478408,0.02951785,0.9693012
-0.2254742,-0.06471962,0.02698125,0.9717226
-0.2092913,-0.06424809,0.02280347,0.9754738
-0.2263362,-0.0647341,0.02719592,0.9715152
-0.2249406,-0.06471241,0.02684016,0.9718506
-0.2084784,-0.06421191,0.0225954,0.9756552
-0.1983701,-0.06367146,0.01998341,0.9778527
-0.1839675,-0.06259738,0.01626053,0.9808023
-0.1664915,-0.06082237,0.01172378,0.9840954
-0.1520591,-0.05896991,0.007971208,0.9865784
-0.132012,-0.05582666,0.002739189,0.9896709
-0.09975484,-0.04940575,-0.005733758,0.9937682
-0.06192302,-0.03980039,-0.0157538,0.9971626
-0.03653687,-0.03213657,-0.02256975,0.9985604
-0.02029243,-0.02674516,-0.02694383,0.999073
-0.007513404,-0.0222409,-0.03040474,0.999262
-0.001204701,-0.01993467,-0.03211717,0.9992845
0.002377454,-0.01860084,-0.03309144,0.9992764
0.003994871,-0.01799297,-0.03353174,0.9992678
0.005426233,-0.01745206,-0.03392157,0.9992574
0.003033597,-0.01835451,-0.03327036,0.9992733
-0.002276472,-0.02033066,-0.03182517,0.999284
-0.00508803,-0.02136094,-0.03106203,0.9992763
-0.009640512,-0.02300663,-0.02982696,0.9992438
-0.01550428,-0.0250844,-0.02823803,0.9991662
-0.02288662,-0.02763159,-0.02624298,0.9990116
-0.02767827,-0.02924361,-0.02495047,0.9988775
-0.03581477,-0.03190619,-0.02275951,0.9985896
-0.04402139,-0.03449414,-0.02055695,0.9982233
-0.05103206,-0.03662749,-0.01867785,0.9978504
-0.05677438,-0.03832042,-0.01714293,0.997504
-0.06128329,-0.03961528,-0.01593949,0.9972066
-0.06142515,-0.03965553,-0.01590149,0.9971968
-0.06015028,-0.03929274,-0.01624167,0.9972834
-0.05652601,-0.0382482,-0.01720928,0.9975197
-0.05434986,-0.03761155,-0.01779076,0.9976548
-0.05158282,-0.03679186,-0.01853081,0.9978187
-0.04999392,-0.03631613,-0.01895607,0.9979091
-0.04868903,-0.03592258,-0.01930544,0.9979811
-0.0480974,-0.0357433,-0.01946389,0.9980132
-0.04843352,-0.03584518,-0.01937382,0.997995
-0.04988876,-0.03628445,-0.01898427,0.9979149
-0.05251871,-0.03707039,-0.01828049,0.9977642
-0.05557687,-0.03797138,-0.01746291,0.9975793
-0.05861021,-0.03885135,-0.01665255,0.9973856
-0.0626833,-0.04001117,-0.01556604,0.9971097
-0.05817311,-0.0387254,-0.01676938,0.9974142
-0.05772825,-0.03859692,-0.01688811,0.997443
-0.05611572,-0.03812873,-0.01731894,0.9975457
-0.05674677,-0.03831242,-0.01715031,0.9975057
-0.05540909,-0.03792234,-0.01750772,0.9975897
-0.05134121,-0.03671972,-0.01859568,0.9978327
-0.05044518,-0.03645176,-0.0188347,0.9978836
-0.04813655,-0.03575514,-0.01945345,0.9980111
-0.04814645,-0.0357582,-0.01945075,0.9980105
-0.04676277,-0.03533701,-0.01982145,0.998084
-0.04706709,-0.0354299,-0.01973985,0.998068
-0.04665607,-0.03530441,-0.01985,0.9980896
-0.04523654,-0.03486927,-0.02023049,0.9981626
-0.04598923,-0.03510037,-0.02002874,0.9981242
-0.04532959,-0.03489783,-0.02020553,0.9981578
-0.04429917,-0.03458016,-0.02048177,0.9982096
-0.04454884,-0.03465731,-0.02041486,0.9981971
-0.04504922,-0.03481153,-0.02028067,0.998172
-0.04515047,-0.03484273,-0.02025355,0.9981669
-0.04562079,-0.03498727,-0.02012747,0.9981431
-0.04593674,-0.03508423,-0.02004279,0.9981269
-0.04636035,-0.03521398,-0.01992923,0.998105
-0.04669397,-0.03531598,-0.01983991,0.9980876
-0.04873218,-0.03593564,-0.01929374,0.9979788
-0.04931157,-0.0361106,-0.01913875,0.997947
-0.04793482,-0.03569392,-0.01950747,0.9980219
-0.04743487,-0.03554194,-0.01964141,0.9980486
-0.0458945,-0.03507125,-0.02005405,0.9981291
-0.04419324,-0.03454747,-0.0205102,0.9982148
-0.04463491,-0.03468391,-0.02039172,0.9981928
-0.04410491,-0.03452018,-0.02053391,0.9982191
-0.04221607,-0.03393341,-0.02104039,0.9983104
-0.03917598,-0.03297797,-0.02185673,0.9984488
-0.03495606,-0.03162954,-0.02299084,0.9986235
-0.03273492,-0.0309094,-0.02358855,0.9987074
-0.03267442,-0.03088971,-0.02360476,0.9987097
-0.03341663,-0.03113118,-0.02340503,0.9986823
-0.03582092,-0.03190797,-0.02275834,0.9985895
-0.03693996,-0.03226665,-0.02245752,0.9985439
-0.03634673,-0.03207678,-0.02261704,0.9985682
-0.03427812,-0.03141049,-0.02317327,0.9986498
-0.03160916,-0.03054178,-0.02389159,0.9987478
-0.03055135,-0.0301946,-0.02417641,0.9987845
-0.02947937,-0.02984117,-0.0244651,0.9988202
-0.02897942,-0.02967576,-0.02459983,0.9988365
-0.03008781,-0.03004197,-0.02430124,0.9988001
-0.03036721,-0.03013401,-0.02422599,0.9987907
-0.03085518,-0.0302944,-0.02409457,0.9987741
-0.03304749,-0.03101119,-0.02350435,0.998696
-0.03620957,-0.03203278,-0.02265388,0.9985738
-0.03976945,-0.03316557,-0.02169722,0.9984226
-0.04292981,-0.03415571,-0.02084915,0.9982764
-0.04629085,-0.03519275,-0.01994789,0.9981086
-0.04558307,-0.03497571,-0.02013758,0.9981449
-0.04528494,-0.0348841,-0.02021748,0.9981601
-0.04402691,-0.03449601,-0.02055486,0.9982231
-0.04175561,-0.03378946,-0.02116414,0.998332
-0.03876965,-0.03284929,-0.02196563,0.9984666
-0.03598991,-0.03196224,-0.02271302,0.9985826
-0.03643001,-0.0321033,-0.02259504,0.9985648
-0.0430868,-0.03420451,-0.02080698,0.9982688
-0.06023765,-0.03931802,-0.016217,0.9972775
-0.07685115,-0.04385053,-0.01179642,0.996008
-0.0844551,-0.04578494,-0.009779681,0.9953268
-0.08087943,-0.04488649,-0.01072715,0.9956549
-0.08727061,-0.04647866,-0.009033372,0.9950588
-0.09030873,-0.04721318,-0.008230291,0.9947601
-0.09503677,-0.04832806,-0.00697914,0.9942754
-0.1011061,-0.04970777,-0.005378229,0.9936185
-0.1085735,-0.05132568,-0.003411395,0.9927567
-0.1158089,-0.05280916,-0.001507078,0.9918656
-0.1177376,-0.05319032,-0.001004453,0.9916187
-0.1329877,-0.05599489,0.002994397,0.9895301
-0.1557866,-0.05948141,0.008940635,0.9859577
-0.1634078,-0.06045563,0.01092365,0.9846439
-0.1590635,-0.06084701,0.009642126,0.9853444
-0.154757,-0.05934229,0.008674874,0.9861305
-0.1572782,-0.05967947,0.009331389,0.9857053
-0.1653226,-0.0606851,0.01142062,0.9843044
-0.1549376,-0.05936695,0.00871498,0.9861004
-0.1159093,-0.05282903,-0.001482169,0.9918528
-0.07282975,-0.04278901,-0.01288292,0.9963428
-0.08129563,-0.04499481,-0.01059992,0.9956174
-0.1009,-0.04966151,-0.005435441,0.9936415
-0.1157753,-0.05280235,-0.001517389,0.9918699
-0.1291887,-0.05533136,0.00199852,0.990073
-0.1263612,-0.05482231,0.001259263,0.9904675
-0.1199113,-0.05361306,-0.0004310682,0.9913359
-0.1121031,-0.05205969,-0.002482471,0.9923289
-0.08988225,-0.04711048,-0.008346259,0.9948026
-0.06441709,-0.04050169,-0.01508466,0.9969867
-0.05353315,-0.0373703,-0.01801132,0.997704
-0.05107218,-0.03663937,-0.01866748,0.997848
-0.05197736,-0.03690962,-0.01842467,0.9977959
-0.05774065,-0.03859898,-0.01689173,0.9974421
-0.08026218,-0.04473159,-0.01087834,0.9957101
-0.09409287,-0.04810825,-0.007229414,0.994374
-0.09632285,-0.04862542,-0.006638018,0.9941395
-0.109799,-0.05158274,-0.00308899,0.9926096
-0.118052,-0.053252,-0.0009192568,0.9915782
-0.1164914,-0.05294463,-0.001329273,0.9917787
-0.122549,-0.0541156,0.000259513,0.990986
-0.1302523,-0.05551941,0.002283606,0.9899226
-0.1386165,-0.05693477,0.004465059,0.9886982