-0.5142913,-0.5142901,0.4852886,0.4852886
-0.7296162,-0.06321391,0.6133445,0.2957582
-0.7256529,-0.09553117,0.623365,0.2751685
-0.7210222,-0.104585,0.6340864,0.2590816
-0.7078646,-0.1582226,0.6444377,0.2420607
-0.6335874,-0.3523306,0.6520457,0.2219608
-0.63418,-0.3526276,0.6570714,0.204271
-0.6165591,-0.38136,0.6625142,0.1883996
-0.5620601,-0.4627372,0.6641254,0.1700006
-0.6461075,-0.3388081,0.6639881,0.1639327
-0.6462495,-0.3450151,0.6634585,0.1521477
-0.6134644,-0.4032792,0.6650445,0.1369055
-0.6442683,-0.3605203,0.6628754,0.1246582
-0.6851904,-0.2834779,0.661334,0.1131006
-0.7085912,-0.2354229,0.6584303,0.09457313
-0.7312307,-0.1748725,0.6549312,0.07606919
-0.7395518,-0.1371821,0.6560565,0.06191898
-0.730917,-0.1787888,0.6569644,0.04682682
-0.7230837,-0.2015624,0.6596342,0.03748649
-0.7479048,0.02421535,0.6615466,0.04907114
-0.7419354,0.0689564,0.6652914,0.0465237
-0.7165311,0.1890607,0.669909,0.04540169
-0.6922047,0.256433,0.6732081,0.04342279
-0.6410007,0.3580787,0.6771944,0.04801825
-0.678542,0.2717563,0.6807641,0.04784929
-0.7333714,0.009291358,0.6784181,0.04276613
-0.6613976,-0.3062006,0.6838799,0.03320821
-0.5892938,-0.4273659,0.6849858,0.02975942
-0.5703225,-0.4522343,0.6850069,0.03133973
-0.5420275,-0.4862118,0.6846967,0.03153759
-0.5293514,-0.502348,0.6828827,0.03324185
-0.5200974,-0.5143077,0.6809182,0.03656213
-0.4757937,-0.5583059,0.678082,0.04603875
-0.4597968,-0.5776873,0.671532,0.06252217
-0.4242561,-0.6097926,0.6646608,0.07991078
-0.4234019,-0.6189103,0.6544899,0.09655875
-0.4595045,-0.6011504,0.6435698,0.1152902
-0.4687977,-0.6049802,0.6326195,0.1184068
-0.5330302,-0.557345,0.6210843,0.1396406
-0.588477,-0.5029847,0.610037,0.1689855
-0.568592,-0.5318483,0.601818,0.1779204
-0.6101643,-0.4971558,0.5862072,0.1920853
-0.6758985,-0.4214252,0.5700458,0.2015186
-0.7114732,-0.3694495,0.5610561,0.2062256
-0.738053,-0.332272,0.5481583,0.2107024
-0.7505327,-0.3162928,0.5404018,0.2112473
-0.7410014,-0.3475784,0.5371857,0.2038082
-0.7462321,-0.3483649,0.5301771,0.2017221
-0.7409324,-0.3622426,0.5300288,0.1971522
-0.7501413,-0.3503759,0.524795,0.1977752
-0.757042,-0.3441995,0.5212144,0.1917022
-0.7558076,-0.3523293,0.5196187,0.1860519
-0.7569152,-0.3531057,0.5183122,0.1837072
-0.757898,-0.3471161,0.5198531,0.1866916
-0.7593358,-0.3407079,0.5216955,0.187513
-0.7614675,-0.3338944,0.522542,0.1887634
-0.759975,-0.3252297,0.5287658,0.1925368
-0.7571286,-0.3152297,0.5376906,0.1956411
-0.7618913,-0.2869772,0.543707,0.2038346
-0.7574976,-0.2789809,0.5518525,0.2093463
-0.7550758,-0.2687818,0.5597792,0.2103903
-0.7524471,-0.2555335,0.5676626,0.2151402
-0.7497647,-0.2410658,0.5745971,0.2226618
-0.7464326,-0.2170149,0.5865929,0.2272703
-0.7393785,-0.2004593,0.5999533,0.2306331
-0.7378182,-0.1580929,0.6122033,0.2363005
-0.7303226,-0.1239624,0.6276848,0.2393198
-0.7244833,0.02637732,0.6441314,0.2439734
-0.6288373,0.3337164,0.6578199,0.2459063
-0.408728,-0.5598767,0.67529,0.2519184
-0.4734833,-0.484569,0.6905687,0.253222
-0.5084115,-0.4146025,0.7082804,0.2606942
-0.4547995,-0.5189063,0.66903,0.2762113
-0.541024,-0.4073778,0.6794245,0.2823451
-0.5525424,-0.3688923,0.6889965,0.2896536
-0.5431088,-0.3568503,0.6993226,0.2977223
-0.5742862,-0.2741894,0.7126375,0.2952342
-0.5577857,-0.2790905,0.7212986,0.3011842
-0.5481786,-0.2647827,0.7322508,0.3052853
-0.5418888,-0.250268,0.740612,0.3085714
-0.5294425,-0.247703,0.7479793,0.3144214
-0.5275618,-0.2271705,0.7564547,0.3128074
-0.5115738,-0.2340313,0.7624022,0.3197883
-0.5052862,-0.2237225,0.769293,0.3206594
-0.4948459,-0.2235929,0.7745519,0.3243505
-0.4881041,-0.2187931,0.7791125,0.3269061
-0.4815514,-0.2168351,0.7821357,0.3306881
-0.4808886,-0.1980004,0.7881689,0.3291382
-0.4763669,-0.1962925,0.7898881,0.3325968
-0.4635674,-0.2141337,0.7883033,0.3432635
-0.4611003,-0.2009661,0.7931592,0.3433621
-0.4629001,-0.1829866,0.7979956,0.3397682
-0.4585538,-0.1822045,0.8003685,0.3404998
-0.4559716,-0.1790148,0.8029315,0.3396241
-0.4547737,-0.1733041,0.8063557,0.3360612
-0.4467903,-0.1882713,0.8060594,0.3394121
-0.4486489,-0.1814336,0.8082725,0.3353973
-0.4505981,-0.1792197,0.8085702,0.3332504
-0.4503827,-0.1873786,0.8076864,0.3311908
-0.4511079,-0.1876513,0.8072646,0.331078
-0.4576593,-0.1731373,0.8097367,0.3238797
-0.4598396,-0.1704151,0.8098006,0.3220702
-0.4662075,-0.1654199,0.8082687,0.3193564
-0.4690029,-0.1632333,0.807621,0.3180245
-0.476161,-0.1677119,0.8025973,0.3177753
-0.4879324,-0.1657663,0.7973627,0.3140958
-0.4982021,-0.1709248,0.7906795,0.3120981
-0.5050775,-0.1748548,0.7859159,0.3108998
-0.5117952,-0.1821528,0.7800395,0.3105225
-0.5224483,-0.1809504,0.7746763,0.3068898
-0.5292202,-0.183155,0.7699841,0.3057856
-0.5324144,-0.1980057,0.7634104,0.3074625
-0.5407369,-0.1968479,0.759009,0.3045652
-0.5450851,-0.2092202,0.7524368,0.3048738
-0.54811,-0.2166975,0.748278,0.3044627
-0.5482072,-0.2293125,0.7438675,0.3058528
-0.5496889,-0.230637,0.7421117,0.3064622
-0.5560736,-0.2220811,0.7401915,0.3059062
-0.5506243,-0.2395852,0.7376618,0.3086531
-0.5541055,-0.2379683,0.7359614,0.3077321
-0.5588714,-0.2272953,0.7359896,0.3071137
-0.5609658,-0.2252326,0.7349554,0.3072917
-0.5602231,-0.2248311,0.7352634,0.3082027
-0.5606328,-0.2200926,0.7364722,0.3079912
-0.5561996,-0.2306611,0.7359509,0.3095378
-0.5554641,-0.2285945,0.736619,0.3108
-0.5533686,-0.2254234,0.7389947,0.3112143
-0.5581511,-0.2099608,0.7412038,0.308222
-0.5639954,-0.1927504,0.7422178,0.306381
-0.5624474,-0.1893267,0.7445694,0.3056544
-0.5592157,-0.1935296,0.745305,0.3071559
-0.5615938,-0.1831606,0.7465407,0.3061725
-0.5597146,-0.1815961,0.7485184,0.3057166
-0.5538449,-0.1923466,0.7486418,0.3095063
-0.5585812,-0.1771304,0.750064,0.30662
-0.5583322,-0.1793929,0.7491168,0.3080702
-0.5605772,-0.1718327,0.7495604,0.3072228
-0.5558032,-0.1824973,0.7494906,0.3099054
-0.5583913,-0.1775549,0.7490755,0.3091268
-0.5562687,-0.1872583,0.7473177,0.3114733
-0.5586646,-0.1835749,0.7466329,0.3110199
-0.5611035,-0.17817,0.7466481,0.3097338
-0.556412,-0.1939873,0.7449692,0.3127229
-0.5558885,-0.1950296,0.745201,0.3124532
-0.5551629,-0.1971783,0.7451071,0.3126186
-0.5561189,-0.1947362,0.7453787,0.3118016
-0.5545856,-0.1991977,0.7451286,0.3123114
-0.5536168,-0.198378,0.7462198,0.3119464
-0.5505445,-0.206193,0.7459297,0.3130083
-0.5485345,-0.2108272,0.7459025,0.3135145
-0.5471166,-0.2150878,0.7452183,0.3147224
-0.5416497,-0.225541,0.7455408,0.3160947
-0.5460554,-0.2135461,0.7467576,0.3139658
-0.5486441,-0.2057964,0.7475438,0.312755
-0.5491048,-0.2047884,0.7478085,0.3119744
-0.5477625,-0.2075112,0.7483689,0.3111903
-0.5483761,-0.2071087,0.74833,0.3104703
-0.5463673,-0.2083728,0.7496904,0.3098836
-0.5449951,-0.2105913,0.7496666,0.3108563
-0.5464891,-0.2045679,0.7507889,0.3095441
-0.5458546,-0.201906,0.7519211,0.3096635
-0.5448658,-0.1942203,0.7550697,0.3086573
-0.5389946,-0.2004165,0.7562864,0.3120078
-0.5239579,-0.22101,0.7587246,0.3177414
-0.5226845,-0.2149588,0.7610783,0.3183607
-0.5189915,-0.2116089,0.7647028,0.3179608
-0.51173,-0.2154535,0.7675109,0.3203735
-0.5082951,-0.2095294,0.7704034,0.322819
-0.5069221,-0.2070688,0.7717031,0.323461
-0.5023983,-0.2016877,0.7760689,0.3234735
-0.4981785,-0.2025791,0.7775265,0.3259332
-0.4901316,-0.2038963,0.7814853,0.3278385
-0.4864812,-0.2002181,0.7843322,0.3287426
-0.4747475,-0.2117805,0.7860401,0.3345218
-0.4679867,-0.2138809,0.7887567,0.3363125
-0.4679641,-0.2067211,0.7913153,0.3348076
-0.4609985,-0.2088583,0.7937086,0.3374688
-0.4599113,-0.208232,0.7939846,0.3386877
-0.4619099,-0.208937,0.7937446,0.3360861
-0.4598631,-0.2170904,0.7917834,0.3383442
-0.4676031,-0.2120348,0.7903894,0.3341753
-0.4715777,-0.2210657,0.785198,0.3349755
-0.4805419,-0.2243866,0.7802028,0.3316831
-0.4887577,-0.2331497,0.7736148,0.3290551
-0.5045323,-0.2219883,0.768535,0.324842
-0.5131208,-0.227681,0.7614954,0.3240266
-0.5272135,-0.22127,0.7555888,0.3196422
-0.5404398,-0.2166681,0.7483856,0.3176456
-0.5499581,-0.2247016,0.7396661,0.3161478
-0.5647839,-0.2210265,0.7305701,0.3137415
-0.5751353,-0.2417419,0.7163332,0.3124852
-0.5896118,-0.2492432,0.7031837,0.3094648
-0.5818228,-0.3090206,0.6866524,0.3074037
-0.6262082,-0.2581255,0.673562,0.2958857
-0.5934387,-0.3569728,0.6590746,0.2932943
0.2875345,-0.6458603,0.6425611,0.2954718
0.4179462,-0.5725808,0.6428875,0.2901168
0.7020818,0.1513604,0.6367685,0.28053
0.6942161,0.2182659,0.6285194,0.2745675
0.6638903,0.3218965,0.6198123,0.2673294
0.6474329,0.3701379,0.612515,0.2620191
0.6186672,0.4265774,0.6082208,0.2556366
0.6024502,0.4564252,0.6039717,0.2528793
0.5664402,0.5034381,0.6022431,0.2509956
0.5442217,0.5289988,0.6002071,0.2524565
0.5162396,0.5567895,0.5986709,0.2550986
0.4816908,0.5879924,0.5961052,0.2586458
0.444676,0.616085,0.5936633,0.2650781
0.3953012,0.6483228,0.5918347,0.270456
0.3335326,0.6797346,0.5915069,0.2771939
0.2900939,0.6995255,0.5888116,0.2825074
0.2579439,0.7125624,0.5857332,0.2874655
0.1387393,0.7356236,0.5928855,0.2968099
0.08409569,0.7396546,0.5915068,0.3097722
0.03780952,0.7389292,0.5875983,0.3275399
0.0142931,0.7370707,0.579137,0.3480269
-0.03621957,0.7329885,0.5697617,0.369848
-0.08342214,0.7265925,0.5612486,0.3874325
-0.09158103,0.7245479,0.5476993,0.408251
-0.07689317,0.7274424,0.5338725,0.4241404
-0.02761745,0.7329071,0.5170918,0.4412487
0.03579375,0.7352527,0.4994817,0.4567715
0.02671018,0.7376313,0.4857448,0.4682292
0.04006773,0.7388695,0.4702517,0.4809674
0.03741632,0.7411636,0.4579037,0.4894904
0.1091217,0.7335945,0.4427002,0.5039326
0.193184,0.714574,0.4270441,0.519324
0.2721561,0.6854903,0.4103433,0.5363324
0.2692664,0.684492,0.3934312,0.5515235
0.2164133,0.7022445,0.3777555,0.5633104
0.2207553,0.6990353,0.3555363,0.5798368
0.2361608,0.6916174,0.3378997,0.5930576
0.2403212,0.6884513,0.3250629,0.6021749
0.4036567,0.6053035,0.3108717,0.611578
0.5381414,0.4922268,0.2946976,0.6174706
0.6110931,0.4017318,0.2790157,0.6223561
0.6662148,0.3057542,0.2645035,0.6266659
0.6647041,0.3136988,0.258837,0.6267095
0.674675,0.2969276,0.2527558,0.6267072
0.6907269,0.2627004,0.2457327,0.6272961
0.6906058,0.2708282,0.2401374,0.6261388
0.6956663,0.2639133,0.232444,0.6263929
0.6964408,0.2678459,0.2281524,0.6254401
0.6933852,0.2833759,0.2261788,0.6227024
0.6715802,0.3419237,0.2326944,0.6147531
0.6613194,0.3716344,0.2361026,0.6072891
0.6501975,0.4021568,0.2419219,0.5974838
0.5964147,0.4873208,0.257418,0.5835613
0.5652863,0.5316393,0.2686645,0.5706403
0.5453473,0.5601321,0.2760014,0.5591705
0.5180373,0.5923144,0.2806186,0.5495945
0.4602073,0.6467836,0.2891031,0.5350698
0.38358,0.7018471,0.3048395,0.5170587
0.3742755,0.7143952,0.3117368,0.5023719
0.3553022,0.7297178,0.3119588,0.4939168
0.3232932,0.7476276,0.3103232,0.4901369
0.295199,0.7625331,0.3062333,0.4874649
0.3063033,0.7658216,0.2941643,0.4828694
0.3231452,0.7665771,0.2820609,0.4778896
0.3215102,0.7709743,0.2797302,0.4732662
0.3170846,0.7827327,0.2794314,0.4568424
0.3086812,0.7939861,0.2838981,0.4401179
0.3037611,0.8016712,0.2994747,0.4187688
0.2994338,0.8059327,0.3074851,0.407756
0.2933709,0.8088519,0.3162828,0.3995713
0.2892497,0.8070457,0.317942,0.4048764
0.2851239,0.8022696,0.3180288,0.4170437
0.2843419,0.7943596,0.3110369,0.4374911
0.2759945,0.785614,0.2998527,0.4655383
0.2737966,0.7782915,0.3010749,0.4781754
0.2647577,0.771858,0.307514,0.4894627
0.2616414,0.7654086,0.3152245,0.4963134
0.255702,0.7578381,0.3236404,0.5055242
0.230329,0.7526814,0.3318353,0.5199083
0.2061404,0.7473366,0.3438038,0.529899
0.1794942,0.7400968,0.3496547,0.5456923
0.1427462,0.7336586,0.3567177,0.560465
0.01626115,0.733673,0.3681836,0.5708769
-0.2782069,0.663577,0.3771423,0.5831211
-0.6000028,0.3735629,0.3838848,0.5942052
-0.6918935,-0.02118951,0.392545,0.6055931
-0.6393968,-0.2226379,0.3996906,0.6179413
-0.5836407,-0.3127311,0.4068858,0.6292907
-0.5627126,-0.3196247,0.4183552,0.6373174
-0.5063136,-0.3761309,0.4225214,0.6508823
-0.4796505,-0.3820991,0.4338484,0.6600843
-0.4427027,-0.4029045,0.4385439,0.6703443
-0.4270511,-0.3980708,0.448615,0.6766917
-0.4102225,-0.3959297,0.4574917,0.6823918
-0.389643,-0.3985151,0.4602728,0.6910231
-0.3903644,-0.3839865,0.4679874,0.6936555
-0.3814576,-0.3792652,0.4712923,0.6989504
-0.3785703,-0.3724737,0.4759893,0.7009865
-0.3719823,-0.3698291,0.4805186,0.702821
-0.3644559,-0.3716855,0.4823381,0.7045365
-0.3599742,-0.3679303,0.4891349,0.7041256
-0.3602258,-0.3591368,0.498757,0.7017831
-0.3537818,-0.3602719,0.5020748,0.7021136
-0.3469046,-0.3606407,0.5051456,0.7031525
-0.3383685,-0.3648821,0.5062751,0.7043105
-0.3392105,-0.3574085,0.512064,0.7035523
-0.3257939,-0.3667165,0.5105574,0.7061931
-0.3233737,-0.3678465,0.5121516,0.7055629
-0.3206429,-0.3693143,0.513417,0.7051227
-0.315037,-0.3732509,0.5132791,0.705677
-0.308512,-0.3778702,0.5117787,0.7071896
-0.3061903,-0.3800605,0.5094734,0.7086877
-0.2959445,-0.3900763,0.5029573,0.7122438
-0.2954762,-0.3930686,0.4988759,0.7136623
-0.3025799,-0.3890386,0.4987845,0.7129575
-0.3052767,-0.3919383,0.4939826,0.7135625
-0.3050651,-0.3991181,0.4889801,0.7131189
-0.2939711,-0.4144114,0.4803748,0.7149016
-0.299947,-0.4151125,0.4772873,0.71408
-0.304268,-0.4218246,0.4736076,0.7107606
-0.3091981,-0.4262885,0.4697919,0.7084986
-0.3150602,-0.431523,0.4660099,0.7052374
-0.3193338,-0.439454,0.4607073,0.7018937
-0.3265354,-0.4417374,0.4579485,0.6989462
-0.3301672,-0.4469524,0.4545862,0.6961138
-0.3076642,-0.4709331,0.4458912,0.696237
-0.348953,-0.4499895,0.4527577,0.6861134
-0.2811889,-0.4970643,0.4361977,0.6954073
-0.2583928,-0.5163687,0.4283864,0.6950408
-0.3372961,-0.4794521,0.4406646,0.6798322
-0.3562266,-0.4713391,0.4421113,0.6748923
-0.3614727,-0.4731884,0.4411164,0.6714511
-0.3628005,-0.4740458,0.4402955,0.6706685
-0.3538614,-0.48244,0.4372652,0.6714408
-0.3562045,-0.4842892,0.4366848,0.6692448
-0.3582829,-0.4857849,0.4355203,0.6678088
-0.366772,-0.4817466,0.4362825,0.6656246
-0.3669958,-0.4844256,0.4352198,0.664251
-0.3614931,-0.4900144,0.4350477,0.6632813
-0.3640377,-0.4888869,0.4357724,0.6622451
-0.360089,-0.4923459,0.4317853,0.6644494
-0.3523673,-0.4993267,0.4290979,0.6651202
-0.3437425,-0.5051091,0.4268602,0.6667055
-0.345799,-0.5025415,0.4268483,0.6675894
-0.3586011,-0.492493,0.4291066,0.6668759
-0.3576714,-0.4922395,0.4296219,0.6672305
-0.3428439,-0.5026705,0.4294934,0.6673198
-0.3446339,-0.4997821,0.4310515,0.6675627
-0.3588305,-0.4871108,0.4338187,0.6676564
-0.3633949,-0.4815162,0.4348388,0.6685818
-0.3466662,-0.4921358,0.4340466,0.6702451
-0.33629,-0.4960523,0.4334393,0.6730316
-0.3404672,-0.4914242,0.4334687,0.6743065
-0.3468485,-0.4855727,0.4331856,0.6754743
-0.3499278,-0.481402,0.4348902,0.6757759
-0.3452896,-0.4845175,0.4354826,0.6755537
-0.348862,-0.4808936,0.4338078,0.6773826
-0.3453394,-0.4821657,0.4343852,0.6779134
-0.3434788,-0.4811237,0.4350913,0.679145
-0.3406619,-0.4817061,0.4358578,0.6796592
-0.3477113,-0.4758531,0.4382833,0.678652
-0.3421656,-0.4805296,0.4376519,0.678583
-0.330327,-0.4875565,0.4363771,0.6802557
-0.3231211,-0.4922769,0.4354303,0.6809234
-0.3201168,-0.4961797,0.4356677,0.6793562
-0.3319221,-0.4891063,0.4382524,0.6771541
-0.3173392,-0.4998162,0.4353254,0.6782119
-0.3189411,-0.4991221,0.4348179,0.6782973
-0.3110644,-0.5057145,0.4334081,0.6779743
-0.2998813,-0.51382,0.4304045,0.6788315
-0.3062305,-0.5094311,0.4289688,0.6802122
-0.3034187,-0.5118062,0.4275421,0.6805874
-0.3040409,-0.5109915,0.4261243,0.6818099
-0.3058259,-0.508851,0.425168,0.6832082
-0.3128771,-0.5044723,0.4253241,0.6831654
-0.3245178,-0.4962715,0.4268735,0.6827751
-0.3274253,-0.4949058,0.4264007,0.6826738
-0.3298163,-0.4947686,0.425911,0.6819275
-0.3356281,-0.491582,0.4259727,0.6813576
-0.3419234,-0.4874984,0.4260194,0.6811323
-0.3332802,-0.4943291,0.4226591,0.6825851
-0.3348885,-0.493149,0.4215628,0.6833291
-0.338561,-0.4911079,0.4213329,0.683131
-0.3343889,-0.4937571,0.4204791,0.6838021
-0.3432009,-0.4866944,0.4224114,0.6833084
-0.3489499,-0.4811225,0.4246255,0.6829701
-0.3415398,-0.4860466,0.4246207,0.6832324
-0.3449274,-0.4828061,0.4262935,0.6827864
-0.3446698,-0.4831889,0.4269944,0.6822075
-0.3388554,-0.4874954,0.4270174,0.6820421
-0.3339574,-0.490557,0.4269868,0.6822818
-0.3212522,-0.499963,0.4254464,0.6825169
-0.3139513,-0.5051879,0.4245183,0.6826448
-0.3126039,-0.5058383,0.4248406,0.6825811
-0.3157705,-0.5032722,0.4261305,0.6822162
-0.3239424,-0.4959801,0.4284942,0.6822447
-0.3243131,-0.4945875,0.4290108,0.6827547
-0.3242649,-0.4939129,0.4293987,0.683022
-0.3207163,-0.4963687,0.4283098,0.6836008
-0.3251202,-0.4918574,0.429596,0.6839739
-0.3201733,-0.4935479,0.4291577,0.6853635
-0.311399,-0.5009949,0.4282497,0.6845707
-0.3184854,-0.4939326,0.4302609,0.6851812
-0.3274335,-0.4841843,0.4325692,0.6864668
-0.3233444,-0.4845972,0.4322723,0.6882985
-0.3291581,-0.4761307,0.4376203,0.688072
-0.3382176,-0.4647893,0.439035,0.6905273
-0.3297723,-0.4667952,0.4385847,0.6935387
-0.3147077,-0.4713982,0.4378467,0.6978775
-0.3183137,-0.4650677,0.4400888,0.6990782
-0.3210312,-0.4569368,0.4435709,0.700994
-0.3206277,-0.4495033,0.4470026,0.7037992
-0.3285133,-0.4400217,0.4493738,0.7046441
-0.3240058,-0.4354714,0.4509129,0.7085636
-0.3314449,-0.4216694,0.4567598,0.709725
-0.3316756,-0.412894,0.4595129,0.7129921
-0.3202858,-0.4130445,0.4598555,0.7178747
-0.3118635,-0.4100257,0.4605184,0.7228713
-0.3033319,-0.4069439,0.4602154,0.728415
-0.2977222,-0.4029814,0.4616409,0.7320213
-0.3080426,-0.3784165,0.4736618,0.7331815
-0.29239,-0.3851728,0.4711004,0.737709
-0.2864716,-0.3830046,0.4710536,0.7411815
-0.2756036,-0.3826683,0.4703693,0.7458956
-0.2777844,-0.369496,0.4764442,0.7478699
-0.2629563,-0.3791771,0.4690205,0.7530594
-0.2588323,-0.3791994,0.4691019,0.7544249
-0.2619164,-0.3708197,0.4728338,0.7551958
-0.258708,-0.3727163,0.4711937,0.7563923
-0.2532136,-0.3767187,0.4683059,0.7580603
-0.2579405,-0.3739148,0.4697545,0.7569578
-0.254539,-0.3810591,0.4651828,0.7573698
-0.2530285,-0.3862238,0.4617789,0.7573427
-0.2553995,-0.3936388,0.4587212,0.7545823
-0.2660419,-0.3907746,0.4621906,0.7502645
-0.2626418,-0.4037598,0.4562424,0.7482246
-0.2678098,-0.4108154,0.4534771,0.7442225
-0.2685212,-0.4213604,0.4523,0.7387668
-0.265347,-0.4370038,0.4471176,0.7339649
-0.2717337,-0.4468771,0.445874,0.7264007
-0.2727741,-0.4626399,0.442669,0.7180548
-0.2820494,-0.4765912,0.4401289,0.7068206
-0.2810483,-0.4958736,0.4356756,0.6966406
-0.2947267,-0.509921,0.4297755,0.6844047
-0.3301016,-0.5090724,0.428454,0.6695561
-0.3326082,-0.5318518,0.4204618,0.6555284
-0.3100781,-0.570762,0.4090344,0.6409158
-0.3557194,-0.5666874,0.403237,0.6242828
-0.3528947,-0.5904261,0.3944946,0.6092916
-0.6468883,-0.2749229,0.3932289,0.5927259
-0.2324396,0.6730748,0.3929377,0.5818437
-0.01399906,0.7193765,0.3936893,0.5721103
0.1347938,0.7165301,0.3907579,0.5618926
0.1603422,0.7194752,0.3908246,0.551273
0.2125864,0.7126548,0.3885877,0.5439942
0.2644035,0.7019073,0.3851819,0.5376354
0.2714862,0.706205,0.3825911,0.530277
0.2639915,0.7125893,0.3786893,0.5283177
0.2301679,0.7279904,0.3778536,0.5237167
0.2415358,0.7267556,0.3744547,0.5227528
0.2474894,0.7256838,0.3721759,0.5230843
0.251693,0.7234645,0.3709189,0.5250418
0.2432386,0.7238363,0.3707819,0.5285988
0.2411364,0.7220765,0.3693871,0.5329278
0.221049,0.7230953,0.370102,0.5397175
0.2377288,0.7124605,0.3686658,0.5476956
0.305068,0.6860791,0.3658413,0.5498992
0.3452951,0.6597334,0.3674224,0.5572466
0.4305689,0.6008267,0.3680762,0.5640368
0.5082475,0.5292873,0.3702333,0.5696198
0.6280999,0.368525,0.3717511,0.5757438
0.6939495,0.2024748,0.3766097,0.5793127
0.7161901,0.05577856,0.3847276,0.5796077
0.7110938,-0.07243955,0.3920429,0.5791377
0.6843056,-0.1981199,0.3953146,0.5798282
0.6433724,-0.3001873,0.3975413,0.5813094
0.6444873,-0.2956253,0.4059457,0.5765847
0.5213807,-0.4743955,0.4025277,0.5840228
0.5081967,-0.4876927,0.4019053,0.5851188
0.4928398,-0.5029362,0.4023494,0.5850461
0.5519044,-0.4400742,0.3993474,0.5850282
0.5981671,-0.3781391,0.3963426,0.58491
0.622566,-0.3390571,0.3897922,0.5878044
0.63645,-0.3138339,0.3891251,0.5873852
0.6629809,-0.257777,0.3903917,0.5844671
0.6951596,-0.1574886,0.3987922,0.5769883
0.696942,0.157824,0.4154471,0.5628208
0.5033165,0.5096522,0.4334929,0.546819
0.3952527,0.5979475,0.4474777,0.5347875
0.319115,0.6433923,0.4591963,0.5228294
0.2297671,0.6839909,0.4707799,0.5076711
0.05483495,0.7216941,0.4882267,0.4876326
0.07410817,0.7195275,0.5028986,0.4731608
0.02463897,0.7237412,0.5106443,0.4635019
-0.01128611,0.7260422,0.5198393,0.4500026
-0.03010736,0.7274497,0.5292638,0.4356495
-0.06974941,0.7258705,0.5397806,0.4205756
-0.04862605,0.7298617,0.5470808,0.406989
-0.04328328,0.7325868,0.5536724,0.3935608
-0.05131356,0.734724,0.5614573,0.3772443
-0.03667423,0.7376908,0.5653159,0.3672671
-0.02971059,0.7401525,0.571543,0.3530297
-0.01636216,0.7424361,0.5752335,0.3429687
-0.01534978,0.7437255,0.5800751,0.3318878
0.01311994,0.746297,0.579869,0.326528
0.02555153,0.7474381,0.5797136,0.3234432
0.04819682,0.7480351,0.5769564,0.3244103
0.07290229,0.7486058,0.5733227,0.3249241
0.08941302,0.7479851,0.5700831,0.3279157
0.135922,0.7438183,0.5647969,0.3305509
0.1911231,0.7341017,0.5577236,0.3369139
0.2535036,0.7170664,0.5510519,0.3433565
0.3177544,0.6916867,0.542563,0.3552842
0.4225583,0.632494,0.5295492,0.3754643
0.5361357,0.5365365,0.5166546,0.397184
0.6512573,0.3925826,0.5047758,0.4085881
0.7272915,0.2233385,0.4949446,0.4197583
0.7450287,0.1589517,0.4875786,0.4265369
0.7549242,0.03955111,0.4827137,0.4421681
0.7532699,0.06105864,0.4804376,0.4450122
0.7552429,0.0655496,0.4789205,0.4426585
0.7596447,0.09987289,0.4747306,0.4331237
0.7685788,0.1061133,0.4667582,0.4244569
0.7646692,0.185342,0.4626231,0.4085453
0.7543588,0.2436064,0.4626665,0.3969111
0.7405272,0.2982995,0.459051,0.3897552
0.7228257,0.3548408,0.451498,0.3843963
0.708434,0.392336,0.447029,0.3799458
0.7079583,0.3965687,0.4417858,0.3825619
0.6875569,0.4317967,0.4426054,0.3806804
0.6651999,0.460247,0.4431998,0.3863365
0.6490214,0.4747711,0.4439669,0.3952935
0.6256317,0.4922452,0.4485395,0.4063153
0.6150764,0.4963547,0.4493315,0.4164305
0.5717055,0.5337719,0.4521616,0.4287075
0.54527,0.5491072,0.4549728,0.4406376
0.5336333,0.5500398,0.4571167,0.4513713
0.5127323,0.5576218,0.4629374,0.4602745
0.5268096,0.5268993,0.4666362,0.4765495
0.2784326,0.6787835,0.4849976,0.475926
0.2400713,0.6758801,0.4919323,0.4935125
0.6990772,-0.06293823,0.5029687,0.5043336
0.6084285,0.3213403,0.5102831,0.5159134
0.5989856,0.3149272,0.5193878,0.5217982
0.5885066,0.3165271,0.5255482,0.526564
0.5668745,0.3378784,0.529968,0.532565
0.5402166,0.3624184,0.5351005,0.538968
0.5220561,0.3692906,0.5421172,0.5451522
0.5037163,0.3775467,0.5486785,0.5501637
0.4951609,0.3698957,0.5572226,0.5545231
0.4832446,0.3673282,0.5652568,0.558596
0.4552836,0.3859128,0.5688975,0.5658124
0.4360973,0.3917931,0.5721193,0.5735825
0.4398255,0.3747445,0.5772239,0.5770032
0.4336722,0.3708239,0.5797411,0.5816514
0.4280263,0.3663094,0.5822933,0.5861275
0.4305796,0.3569307,0.5862743,0.5860751
0.4228839,0.3594804,0.5858263,0.5905512
0.4307253,0.3425757,0.5898107,0.590966
0.4371079,0.339578,0.5883057,0.5895082
0.4400385,0.3362669,0.5891318,0.5883998
0.4309587,0.3496225,0.5864128,0.5900498
0.426614,0.3576517,0.5854724,0.5893283
0.4255509,0.3631018,0.5837877,0.5884347
0.4279701,0.365471,0.5808347,0.5881357
0.4214075,0.3754528,0.578172,0.5892096
0.4225493,0.3767139,0.5782228,0.587535
0.4194922,0.3819118,0.576873,0.5876967
0.4242667,0.3772303,0.5771648,0.5870059
0.4190256,0.3803488,0.5775158,0.5884114
0.4199792,0.3785194,0.5786989,0.5877485
0.4135317,0.3861634,0.5776801,0.5883495
0.4105327,0.3891079,0.5770501,0.5891274
0.4081428,0.3901311,0.5769163,0.5902413
0.4072432,0.3918225,0.5768236,0.5898327
0.4124237,0.3870785,0.5784332,0.5877855
0.41419,0.3857737,0.5791111,0.5867331
0.4109404,0.3892577,0.5785232,0.5872968
0.4064097,0.3935187,0.5775366,0.5885793
0.4052761,0.3970138,0.5761769,0.5883465
0.4064241,0.3953678,0.5761559,0.5886834
0.4045694,0.3979683,0.575343,0.5890036
0.4099129,0.3916554,0.5769287,0.5879887
0.4121729,0.388388,0.5772866,0.5882248
0.4081092,0.3940453,0.5758488,0.5887049
0.4088528,0.3939622,0.5757256,0.588365
0.4118673,0.3916605,0.576546,0.5869941
0.4141101,0.390711,0.5768062,0.5857921
0.4056678,0.3997032,0.5742969,0.5880936
0.4131856,0.3932425,0.5752235,0.5863069
0.4131828,0.393109,0.5750265,0.5865919
0.4218681,0.3826348,0.5777923,0.5846143
0.4146113,0.3923211,0.5753843,0.5857598
0.411258,0.3963532,0.5740203,0.5867468
0.4070615,0.4011061,0.5728796,0.5875576
0.4057741,0.402512,0.5738938,0.5864959
0.3995687,0.4081459,0.5725422,0.5881813
0.4018095,0.4038189,0.5734401,0.5887663
0.3970863,0.4071164,0.5739677,0.5891856
0.4075069,0.3920464,0.5772972,0.589038
0.4161144,0.3793298,0.5811673,0.5875393
0.4181572,0.3741157,0.582989,0.5876274
0.4156817,0.3729877,0.5834631,0.5896267
0.4141273,0.3720649,0.5839498,0.5908207
0.409241,0.3767869,0.5827226,0.5924423
0.4062867,0.3780982,0.58224,0.5941124
0.4027281,0.3805573,0.5811719,0.5960079
0.4096899,0.3722602,0.5834971,0.5942286
0.408979,0.3693476,0.5848383,0.5952165
0.4057918,0.3703952,0.584955,0.5966306
0.4023193,0.3701535,0.585929,0.5981745
0.3972453,0.3719569,0.5862688,0.6001111
0.3977053,0.3701002,0.5867807,0.6004538
0.4027044,0.3658513,0.5877089,0.5988158
0.4054683,0.3619978,0.5892465,0.5977806
0.402656,0.3636304,0.5892231,0.598713
0.3954551,0.373603,0.5860834,0.6004518
0.3975487,0.3741586,0.5860545,0.5987491
0.4108564,0.3618242,0.5893289,0.5941142
0.4041563,0.3700441,0.5865266,0.5964156
0.4112633,0.366368,0.5861908,0.5941526
0.4092311,0.3741556,0.5836197,0.593233
0.4117385,0.3752874,0.5816249,0.5927421
0.4075654,0.3818153,0.578406,0.594604
0.4100235,0.3821945,0.5778574,0.5932023
0.4176835,0.3747125,0.5800166,0.5905182
0.4131678,0.3841464,0.5770646,0.5905256
0.4111227,0.3905062,0.5746933,0.5900937
0.4159449,0.3858171,0.5764132,0.588118
0.4072383,0.3951306,0.5748626,0.5895436
0.4052702,0.3983532,0.5743839,0.5891978
0.408856,0.3964896,0.5746799,0.5876868
0.4121977,0.3965074,0.5742692,0.5857388
0.4156739,0.3978951,0.5737783,0.5828148
0.4213272,0.3988715,0.5725511,0.5792841
0.4145986,0.4057936,0.5712923,0.5805727
0.4299363,0.4118228,0.5647773,0.5714748
0.433201,0.4218116,0.5596982,0.5667007
0.4448496,0.426569,0.5556,0.5580828
0.4224156,0.4689668,0.5446888,0.5522222
0.4271793,0.4859529,0.5376688,0.5406291
0.3619003,0.5556739,0.5266568,0.5318716
0.2806123,0.6144292,0.5206186,0.522197
0.2637255,0.6337271,0.5187996,0.5095939
0.4158926,0.5528681,0.5214473,0.4994626
0.189859,0.6714264,0.5158389,0.4970416
0.0250849,0.7029516,0.5109938,0.4940801
-0.6387658,0.3057082,0.5083049,0.4900479
-0.6562366,-0.2810413,0.5046008,0.4855383
-0.6180739,-0.3644171,0.5006549,0.4842826
-0.5565628,-0.457312,0.4989348,0.4818377
-0.5706301,-0.4398998,0.4963118,0.4842975
-0.5175608,-0.5007068,0.49358,0.4876499
-0.5605511,-0.4566697,0.4920221,0.4849223
-0.603699,-0.4011074,0.4936452,0.4805984
-0.6839186,-0.2383819,0.4927891,0.4822741
-0.7200748,-0.07162115,0.4930983,0.4829251
-0.7208905,0.05547263,0.4926166,0.4843227
-0.707854,0.1480142,0.4920827,0.4846535
-0.6677892,0.2693439,0.4940127,0.4873016
-0.5849564,0.409428,0.4975243,0.4926097
-0.5113087,0.490542,0.5049369,0.4929207
-0.4257055,0.5579161,0.5144574,0.492786
-0.4209919,0.5614477,0.5217091,0.485141
-0.4236427,0.561182,0.5305905,0.4733658
-0.4460901,0.5470841,0.5372187,0.4616262
-0.4560345,0.5408139,0.5434344,0.4519203
-0.4683528,0.5321883,0.5474645,0.4446391
-0.4873219,0.5173841,0.548115,0.4409094
-0.5097686,0.4980696,0.5527447,0.431898
-0.5205687,0.4879206,0.5533271,0.4298497
-0.5386031,0.4693411,0.5537534,0.4277651
-0.5165491,0.4904703,0.5568691,0.427215
-0.5224283,0.4839715,0.556786,0.4275857
-0.5613456,0.4399689,0.5552478,0.4278065
-0.601852,0.384541,0.5530462,0.4290014
-0.6644403,0.2642516,0.551325,0.4298034
-0.6974707,0.1524473,0.5489534,0.4346776
-0.6843857,0.1961629,0.5456848,0.4420003
-0.6786965,0.211664,0.5428629,0.4470674
-0.6857059,0.1912741,0.5356492,0.4542043
-0.7129358,0.002478987,0.5269325,0.4626646
-0.7138452,0.008750767,0.5094187,0.4804592
-0.7153374,0.03232124,0.4939338,0.4932311
-0.7173066,-0.003590584,0.4774604,0.5074347
-0.6824208,-0.2270755,0.4694823,0.5121766
-0.6050701,-0.3922767,0.4623986,0.5159426
-0.5919481,-0.4122386,0.4535951,0.5233624
-0.6027409,-0.394985,0.4418393,0.5342921
-0.545274,-0.4675364,0.4331387,0.544497
-0.4994015,-0.5132513,0.4225217,0.5555598
-0.63272,-0.3289275,0.4097286,0.5688537
-0.694379,0.1559508,0.3937801,0.5817684
-0.6679374,0.2417662,0.3792017,0.5929711
-0.6966971,0.1407079,0.3673578,0.5998856
-0.7124441,0.01436952,0.3497129,0.6082088
-0.7064401,0.09185213,0.3236774,0.6226866
-0.4447369,-0.5640969,0.3141884,0.6207168
-0.409762,-0.5948985,0.2932367,0.6262611
-0.4157709,-0.5974733,0.2727666,0.6290935
-0.318708,-0.6600044,0.2591883,0.6289998
-0.2825077,-0.6787679,0.2465336,0.6314148
-0.3399963,-0.6537473,0.228131,0.6363752
-0.3811298,-0.6302829,0.2117224,0.6423839
-0.4897971,-0.5501564,0.1862098,0.6501944
-0.4726489,-0.5693586,0.163426,0.6524765
-0.2795949,-0.6829755,0.1532963,0.6571693
-0.3660555,-0.6387805,0.1298808,0.6641489
-0.3897865,-0.6235902,0.1042987,0.6695696
-0.3657466,-0.6354368,0.08432987,0.6747873
-0.5113925,-0.5222996,0.05239519,0.6803936
-0.556779,-0.4690383,0.02666074,0.6850471
-0.4892565,-0.533286,0.014204,0.6899511
-0.5565747,-0.4553329,-0.00327763,0.6948999
-0.6278173,-0.3422178,-0.01873592,0.698843
-0.6567087,-0.279562,-0.03652182,0.6994604
-0.6856476,-0.1851104,-0.04552144,0.7025306
-0.7028285,-0.08240819,-0.05761406,0.7042171
-0.7030371,-0.07665077,-0.07234898,0.7032986
-0.6435956,-0.300079,-0.08006188,0.6995194
-0.6791804,-0.2055834,-0.1038389,0.6968981
-0.6731547,-0.2236844,-0.1088187,0.6964097
-0.6954234,-0.1299085,-0.1102152,0.6981137
-0.7039315,-0.06003886,-0.1023012,0.7002929
-0.704,-0.06318235,-0.0834918,0.7024394
-0.7058506,-0.03179064,-0.05778795,0.7052835
-0.6803239,-0.1996943,-0.01489174,0.7050247
-0.704724,0.05110183,0.01275012,0.7075239
-0.6736243,0.211509,0.04478168,0.7067453
-0.7027541,0.0782924,0.07425758,0.7032018
-0.6792949,-0.1943014,0.09359354,0.7014596
-0.4617946,0.5342948,0.09446651,0.7016772
0.5686194,0.4253847,0.09010476,0.6982843
0.4163671,-0.5837561,0.09900755,0.6899745
0.4029506,-0.5994221,0.1049529,0.6835999
0.2397153,-0.6863992,0.1076133,0.6780944
0.3080599,-0.6640021,0.1174047,0.6711308
0.3113285,-0.6644884,0.1244007,0.667873
0.2794637,-0.6810485,0.1299449,0.6642193
0.2819088,-0.6834595,0.1345116,0.6597857
0.1725481,-0.724647,0.1303449,0.6543118
0.128618,-0.7416226,0.1291682,0.6455764
0.117864,-0.749362,0.1257227,0.6393422
0.1144785,-0.7564144,0.1194004,0.6328314
0.03996835,-0.7708898,0.1030405,0.6273072
-0.003961433,-0.7759417,0.08226576,0.6254047
0.0521717,-0.7788696,0.06690411,0.6214209
0.05763831,-0.7840926,0.04353842,0.6164261
-0.01397523,-0.7943161,0.02014372,0.6070097
-0.07276429,-0.7996303,0.01636906,0.595843
-0.07609946,-0.806338,0.01329095,0.5863883
-0.09724528,-0.8090286,0.005828999,0.5796396
-0.1060558,-0.8161481,0.004006818,0.5680126
-0.1434075,-0.8199139,-0.002366662,0.554229
-0.1507616,-0.8298355,-0.004552789,0.5372368
-0.1421646,-0.8412388,-0.002029069,0.5216343
-0.128616,-0.8516741,0.002007939,0.5080404
-0.1367162,-0.8595587,0.003438417,0.4923979
-0.1345505,-0.8687984,0.002884582,0.4765261
-0.122528,-0.8735521,0.01062829,0.4709361
-0.1026723,-0.8761821,0.02839685,0.4700606
-0.07962961,-0.8773538,0.04728339,0.4708222
-0.05093653,-0.8782935,0.06207925,0.4713302
0.001283415,-0.8755406,0.07608952,0.4771135
0.02406965,-0.8718909,0.08313931,0.4819904
0.01290718,-0.8734403,0.0831155,0.4796115
0.02826772,-0.8695109,0.08483526,0.4857517
0.03988177,-0.8645099,0.08574553,0.4936393
0.04366069,-0.8598389,0.08238827,0.5019789
0.0462639,-0.8536831,0.08069007,0.5124197
0.05224277,-0.8446618,0.07974951,0.5267419
0.06993077,-0.8346094,0.08050816,0.5404214
0.07000124,-0.8254552,0.07673916,0.5548284
0.08481713,-0.8120077,0.07000536,0.5731918
0.09967181,-0.8005847,0.07052128,0.5866483
0.1227009,-0.7844856,0.07267425,0.6035274
0.1384791,-0.7657459,0.07165515,0.6239569
0.2103747,-0.7334048,0.07591113,0.6419481
0.2410903,-0.7064221,0.07092243,0.6616747
0.3387339,-0.6465383,0.07078405,0.6798803
0.705335,-0.03034779,0.07505602,0.7042358
0.4418002,0.5208604,0.07532705,0.726528
0.2517159,0.6115042,0.07560138,0.746315
0.2011188,0.6091323,0.0783283,0.7631341
0.1687188,0.6001357,0.08113985,0.7776808
0.1317439,0.5938275,0.08136252,0.7895522
0.07450224,0.5919906,0.07650138,0.7988393
0.07544206,0.5759925,0.07955295,0.8100694
0.08086278,0.5651588,0.08263295,0.8168405
0.06317905,0.5546337,0.08031413,0.8257962
0.03331347,0.5491042,0.07390692,0.8318128
0.03787924,0.5390338,0.07576557,0.8380139
0.03868888,0.5343062,0.07522444,0.8410477
0.04476391,0.5318211,0.0771067,0.8421503
0.03574603,0.5311183,0.07488699,0.8432245
0.0319249,0.5314612,0.07488256,0.8431622
0.04728706,0.5318282,0.07837013,0.8418912
0.05413178,0.5313508,0.07879599,0.8417406
0.05488864,0.5337027,0.07857355,0.8402232
0.03194326,0.5375373,0.07176565,0.8395732
0.03718063,0.5396314,0.07123558,0.8380578
0.03084757,0.5426499,0.06885707,0.8365633
0.03320309,0.5443265,0.06948131,0.8353314
0.03522508,0.5464124,0.06937408,0.8338944
0.03501184,0.5473239,0.06908548,0.8333294
0.03593189,0.5483995,0.06989045,0.8325156
0.03540993,0.5491225,0.06984477,0.832065
0.03779307,0.5491946,0.07055415,0.8318527
0.03562198,0.5487476,0.06930904,0.832348
0.04292149,0.5468165,0.07078745,0.8331498
0.04451113,0.5463138,0.07055221,0.833416
0.04428161,0.5466167,0.07017401,0.8332616
0.05561935,0.5462316,0.07287718,0.8326021
0.05834998,0.5443673,0.07322921,0.8336048
0.06232054,0.5436244,0.0751539,0.8336309
0.04614112,0.5451007,0.07141455,0.834048
0.04279583,0.545743,0.07138807,0.8338087
0.0484234,0.5440738,0.07313962,0.8344396
0.04450094,0.5454429,0.07292116,0.8337831
0.03601591,0.5477724,0.07092246,0.8328375
0.04324439,0.5473278,0.07303575,0.8326032
0.043503,0.5474779,0.07380059,0.8324236
0.05008984,0.5464656,0.07700215,0.8324283
0.03658111,0.5494564,0.0760294,0.8312516
0.03081946,0.5512979,0.07663082,0.8302099
0.0304394,0.5525965,0.0778147,0.82925
0.03214283,0.553969,0.08004667,0.8280567
0.03210538,0.5550639,0.0820996,0.8271233
0.03492171,0.5560794,0.08390183,0.8261456
0.02656008,0.5565109,0.08257012,0.8263004
0.02742347,0.5565549,0.08262603,0.826237
0.02795557,0.5561615,0.08251498,0.8264951
0.02877054,0.5562576,0.08214842,0.826439
0.03610181,0.5561303,0.08280499,0.8261713
0.0390389,0.5563594,0.08273119,0.8258909
0.02899988,0.556641,0.07982722,0.8264003
0.03457888,0.5572039,0.08053473,0.8257375
0.03891684,0.5565142,0.08038516,0.8260239
0.04990392,0.5566577,0.08233248,0.8251443
0.04009248,0.5585526,0.07919124,0.8247063
0.03498569,0.5595085,0.07763872,0.8244382
0.04579114,0.5580014,0.08061644,0.8246444
0.03956372,0.5581907,0.07970531,0.8249272
0.03941482,0.5576112,0.08011093,0.8252869
0.04323407,0.5572652,0.08154538,0.8251889
0.0419829,0.5564902,0.08143407,0.8257872
0.04606141,0.5553851,0.08310539,0.8261472
0.04651472,0.5547694,0.08365456,0.82648
0.04249905,0.5550115,0.08278138,0.8266217
0.04318867,0.5546373,0.08218283,0.8268967
0.03921632,0.5548542,0.08074888,0.8270903
0.04123999,0.5537206,0.08053178,0.8277726
0.04027141,0.5542083,0.07854205,0.8276851
0.04474727,0.5545259,0.07911296,0.8271879
0.04366222,0.55336,0.07765032,0.8281646
0.04337934,0.5522498,0.07556567,0.8291129
0.03841817,0.5518903,0.07241188,0.8298781
0.05314505,0.5517675,0.07616021,0.8288111
0.06068577,0.5513633,0.07720283,0.8284658
0.06900874,0.5500967,0.07792858,0.8285882
0.06871115,0.5508328,0.0767727,0.8282319
0.0600965,0.5520966,0.07419016,0.8282956
0.04891753,0.5544364,0.07189478,0.8276706
0.04499236,0.5560685,0.07081281,0.8268912
0.0540977,0.5566396,0.07352477,0.8257239
0.04532683,0.558512,0.07143866,0.8251705
0.04628965,0.5590561,0.07153347,0.8247402
0.04905795,0.5592791,0.07251673,0.8243431
0.05383576,0.5599058,0.07364067,0.8235194
0.05111373,0.5609,0.07256348,0.8231118
0.04608272,0.5620403,0.07113651,0.8227555
0.04366722,0.5627381,0.07042181,0.8224717
0.04343859,0.562957,0.07042666,0.8223336
0.04438671,0.5633472,0.0704312,0.8220155
0.04352629,0.5634927,0.06922969,0.8220637
0.03928756,0.5644901,0.06764751,0.8217247
0.04904318,0.5645018,0.06933171,0.8210514
0.04865695,0.5643639,0.06827582,0.8212578
0.05117721,0.5644978,0.0684659,0.8209967
0.05250312,0.5648275,0.06890456,0.8206494
0.05202622,0.5648044,0.06866968,0.8207154
0.05590666,0.565482,0.06939887,0.819932
0.04704258,0.56721,0.06728345,0.8194711
0.05275565,0.5661117,0.06777044,0.8198423
0.04472437,0.5677411,0.06569885,0.8193616
0.04108942,0.5684213,0.06452235,0.8191739
0.04392727,0.5685111,0.064433,0.8189713
0.05160776,0.5674267,0.06497215,0.8192327
0.04532399,0.5683922,0.06265171,0.8191159
0.0504033,0.5679589,0.06305432,0.8190887
0.04801654,0.5682615,0.06216936,0.8190899
0.05375397,0.5671088,0.06271002,0.8194911
0.05011943,0.5677294,0.06137666,0.8193926
0.04866903,0.568908,0.06089319,0.8186984
0.0531682,0.5686115,0.06253006,0.8185011
0.05874356,0.5677304,0.06388013,0.8186273
0.06014026,0.5683456,0.06479612,0.8180268
0.06250745,0.5677431,0.0650164,0.8182502
0.0669409,0.5675449,0.06564195,0.817987
0.06746306,0.5677895,0.06588096,0.8177552
0.06067884,0.5690417,0.06420107,0.8175499
0.06013137,0.5686441,0.06441937,0.8178498
0.06314076,0.5679433,0.06507405,0.8180581
0.06813834,0.566019,0.06611402,0.818907
0.06095183,0.5672114,0.06572485,0.8186797
0.06020958,0.5666826,0.06680252,0.8190135
0.04721924,0.567987,0.06553528,0.8190643
0.05089689,0.5679011,0.0672492,0.8187645
0.05125284,0.5682298,0.06798131,0.8184538
0.03506106,0.5689639,0.06595305,0.8189634
0.03492362,0.5693953,0.06748846,0.8185441
0.04624686,0.5686525,0.07163692,0.8181465
0.05010194,0.5675528,0.07438386,0.818438
0.04256604,0.5702967,0.07516356,0.8168844
0.0437725,0.5734839,0.07991373,0.8141338
0.04093455,0.5787445,0.08293932,0.810247
0.03504413,0.5844481,0.08336701,0.806376
0.02266322,0.5924944,0.08180827,0.8010895
0.005379725,0.6014796,0.08000469,0.7948538
0.01083801,0.6122857,0.08006249,0.7864978
0.006469876,0.6217557,0.07774922,0.7793158
-0.03499809,0.6324953,0.07187862,0.7704275
-0.004460763,0.6426092,0.07588093,0.7624143
-0.06602436,0.6506411,0.07180393,0.7530943
-0.1091303,0.6567328,0.07236273,0.7426683
-0.1951132,0.6512578,0.07449183,0.7295513
-0.4155023,0.5561796,0.07661337,0.7156482
-0.694479,-0.1475443,0.08436054,0.6991515
-0.2807673,-0.6628256,0.09319843,0.6878563
0.09789921,-0.7174864,0.10453,0.6816909
0.1939638,-0.6953451,0.1091217,0.6833488
0.2209082,-0.6913131,0.1098943,0.6791237
0.1222527,-0.7211289,0.1084922,0.6732435
0.09643965,-0.7306076,0.1088869,0.6671249
0.3179551,-0.6687853,0.1238665,0.6605209
0.2232964,-0.7024717,0.1125194,0.666342
0.2627672,-0.6874883,0.1133715,0.667428
0.30066,-0.6679078,0.1121775,0.6715051
0.3533243,-0.6360909,0.1123767,0.6766992
0.3475472,-0.6376088,0.1127828,0.6781932
0.3339808,-0.6429341,0.1112419,0.6802336
0.2636505,-0.6761559,0.111202,0.6789225
0.1083716,-0.7215101,0.1101252,0.6749453
0.07381815,-0.7284393,0.1135789,0.6715853
-0.06380581,-0.7378609,0.1142689,0.6621426
-0.08086248,-0.7406813,0.1233633,0.6554648
-0.1430006,-0.7324075,0.1259822,0.6536502
-0.1730615,-0.7261644,0.1326206,0.6520328
-0.222467,-0.7089923,0.1382384,0.6547736
-0.3842994,-0.6315647,0.13872,0.6589361
-0.5204902,-0.5191057,0.1396239,0.6634187
-0.5541207,-0.477577,0.1519479,0.6646671
-0.5781552,-0.4445733,0.1617526,0.664776
-0.5777469,-0.4417496,0.1696957,0.6650333
-0.6079609,-0.3931911,0.1787864,0.6661979
-0.6380164,-0.3315499,0.1885234,0.668931
-0.691222,-0.1792378,0.1954543,0.6722229