-0.5142913,-0.5142901,0.4852886,0.4852886
-0.5109513,0.4941612,0.5656285,0.4180885
-0.5821603,0.4146316,0.5723619,0.4019599
-0.6812415,0.2274357,0.5813712,0.3823487
-0.7125417,0.121684,0.5831751,0.3706537
-0.6813486,0.2430356,0.5873476,0.3629334
-0.7103931,0.1470885,0.5964183,0.3434995
-0.6745876,0.2635415,0.6030725,0.3343368
-0.680322,0.2492836,0.6092472,0.3222385
-0.7244696,-0.02080968,0.6194971,0.3015529
-0.7241504,-0.01071219,0.6252372,0.2908094
-0.7241433,0.006486282,0.6304743,0.279422
-0.7222514,-0.06840315,0.6352507,0.2648218
-0.7212898,-0.08947087,0.6386678,0.2526648
-0.6849366,-0.2506127,0.6424065,0.2353064
-0.6293164,-0.3765715,0.6441668,0.2172644
-0.6181125,-0.4028364,0.6448926,0.1994323
-0.6043624,-0.430658,0.6459528,0.1789543
-0.6020944,-0.4360924,0.6488183,0.1622975
-0.5971586,-0.4486731,0.6483896,0.1472582
-0.5973353,-0.4489554,0.6501188,0.13775
-0.5424542,-0.5177187,0.651047,0.1176801
-0.4881667,-0.5735856,0.6504221,0.09820288
-0.5913915,-0.4646988,0.6490599,0.1141594
-0.6254784,-0.4233072,0.6457447,0.1122572
-0.6427484,-0.3971736,0.6453013,0.112756
-0.6681916,-0.3547313,0.6429216,0.1197398
-0.6296957,-0.423362,0.6409905,0.1156683
-0.6159639,-0.4495606,0.6368607,0.1135432
-0.5965815,-0.4836883,0.6312019,0.1082605
-0.6131098,-0.471657,0.6239302,0.1111172
-0.6408371,-0.4412011,0.6167628,0.1194701
-0.6742833,-0.3982472,0.607756,0.1318098
-0.6623205,-0.4301975,0.5977368,0.1377406
-0.6531646,-0.4508588,0.5891571,0.1516454
-0.6406272,-0.4780604,0.5785199,0.1623876
-0.6345395,-0.4936096,0.5685633,0.1744847
-0.686448,-0.4293346,0.5498586,0.2052232
-0.7032655,-0.4202037,0.5242726,0.2323463
-0.7164187,-0.4044494,0.5066512,0.2578169
-0.744802,-0.3612339,0.4888223,0.2753776
-0.7689914,-0.3174526,0.4758352,0.2854066
-0.7915505,-0.2687429,0.4626807,0.2952148
-0.8011728,-0.2374057,0.4564196,0.3056827
-0.8005185,-0.2393813,0.4545254,0.308664
-0.7989419,-0.2391222,0.4550947,0.3120915
-0.7968977,-0.2408348,0.45501,0.3160988
-0.7910255,-0.2551011,0.4568725,0.3169695
-0.7882997,-0.2682142,0.452919,0.3186046
-0.7827763,-0.2816592,0.4508332,0.3235407
-0.7759781,-0.2960623,0.4493181,0.3291174
-0.7647919,-0.3102046,0.452591,0.3376802
-0.7574928,-0.3100219,0.4567253,0.3485585
-0.7488146,-0.3194905,0.4551217,0.3606478
-0.7311224,-0.3381382,0.4628501,0.3699895
-0.7229297,-0.3277274,0.4735017,0.38179
-0.7227191,-0.2924246,0.4846225,0.3966182
-0.7172035,-0.2667385,0.4970343,0.4091783
-0.7171438,-0.2198419,0.5072364,0.424365
-0.7207396,-0.1431886,0.5181277,0.4376931
-0.7166057,0.06745553,0.5272056,0.4516419
-0.4088449,0.5753272,0.5339018,0.4656106
0.09899931,0.6845994,0.5408709,0.4785201
0.3438658,0.5826737,0.5506023,0.4889629
0.4016096,0.5265849,0.5584893,0.4995077
0.4335055,0.479712,0.5685758,0.5085971
0.4370785,0.4576356,0.5774602,0.5158214
0.4468249,0.4250179,0.5881762,0.523217
0.4388604,0.4102882,0.5966893,0.5320029
0.431973,0.3961001,0.6041066,0.5399622
0.4203475,0.3836221,0.6115466,0.5496845
0.4053518,0.3788092,0.6158295,0.5594171
0.3873853,0.3752844,0.6196906,0.5701559
0.3760822,0.3673277,0.624059,0.5780857
0.3635928,0.3640454,0.6259207,0.586084
0.3579292,0.3566064,0.6296135,0.5901741
0.34847,0.357226,0.6294103,0.5956517
0.3375311,0.3514543,0.6291414,0.6055854
0.3340531,0.3497673,0.6289305,0.6087017
0.3406146,0.3392981,0.6327539,0.6070263
0.3392322,0.3336449,0.6353776,0.6081923
0.3486184,0.316043,0.64201,0.6053141
0.320602,0.3336402,0.6352123,0.6183882
0.3483692,0.3111506,0.6449736,0.6048416
0.3371291,0.3158545,0.6444101,0.6093566
0.3321929,0.3196837,0.6435493,0.6109784
0.3285517,0.3209269,0.6445019,0.6112913
0.3365602,0.3124667,0.6498256,0.6056554
0.3371425,0.3122391,0.6506397,0.604574
0.340661,0.3085257,0.6534445,0.6014751
0.3402097,0.3077823,0.6550654,0.600347
0.3389512,0.3110914,0.6544094,0.6000688
0.34539,0.3029178,0.6590198,0.595516
0.3539563,0.2953171,0.6627281,0.5901646
0.3560485,0.2934455,0.6636911,0.5887556
0.3555796,0.2946613,0.6629454,0.5892718
0.353708,0.2940318,0.6640964,0.5894167
0.3572992,0.2915433,0.6632993,0.5893843
0.3606133,0.2866807,0.6646464,0.5882325
0.365049,0.2794595,0.6669507,0.5863602
0.3650796,0.2819027,0.6653315,0.5870107
0.3647232,0.2830635,0.6630462,0.5892553
0.3683335,0.2829183,0.6620417,0.588208
0.3708043,0.2782746,0.6641657,0.5864736
0.3645729,0.2936216,0.6568485,0.5911202
0.3711092,0.2906193,0.6591842,0.5859134
0.3686071,0.2997995,0.6573408,0.5849378
0.3715314,0.2986282,0.6591076,0.5816897
0.3672594,0.3064062,0.6559342,0.5839401
0.3699091,0.3163992,0.6544468,0.578583
0.3774818,0.313662,0.6547331,0.5748462
0.3754489,0.3204,0.6520992,0.5754551
0.3860336,0.3152813,0.6525584,0.5707393
0.39142,0.3127551,0.6515106,0.5696566
0.3924747,0.3197327,0.6484729,0.5685223
0.3852504,0.3308495,0.6446068,0.5714918
0.3794957,0.3439534,0.6382359,0.5747467
0.3756133,0.3549629,0.633031,0.5763574
0.3633798,0.3747292,0.6253135,0.5801002
0.3787009,0.3601376,0.6287686,0.5757921
0.3721208,0.3682895,0.6247428,0.5792974
0.3665506,0.3777071,0.6198881,0.5819938
0.4111087,0.3383316,0.6307384,0.5645268
0.4120325,0.3402383,0.6283563,0.5653633
0.4202446,0.3336031,0.6282918,0.5633408
0.4192395,0.339233,0.6254181,0.5639251
0.4228067,0.3408214,0.6227498,0.5632565
0.425398,0.3403878,0.62249,0.561853
0.4285575,0.3371226,0.6236693,0.5601103
0.4342411,0.3298241,0.6246653,0.5589669
0.4375835,0.3295027,0.6231753,0.5582126
0.4414532,0.3246356,0.6246122,0.5564085
0.4377233,0.3349354,0.6220392,0.5561328
0.4367669,0.3374904,0.6216311,0.5557964
0.4378203,0.3354518,0.6228108,0.5548804
0.4383306,0.3373312,0.6211789,0.5551673
0.4415952,0.3375639,0.620537,0.5531529
0.4370949,0.3446595,0.6189346,0.5541461
0.4388478,0.343421,0.6193263,0.5530909
0.4347361,0.3496803,0.6169707,0.5550455
0.4466228,0.3372204,0.6186369,0.5514517
0.4519178,0.3355095,0.6175114,0.5494391
0.4552414,0.3333192,0.6170769,0.5485159
0.4466854,0.3472857,0.613367,0.5510406
0.4540072,0.3389988,0.6145954,0.548844
0.4545039,0.3386869,0.6146516,0.5485626
0.44985,0.3439299,0.6149922,0.5487548
0.4479958,0.3446603,0.6152701,0.5495014
0.4471083,0.3444731,0.6150015,0.5506412
0.4464584,0.341732,0.6162664,0.5514617
0.4488406,0.3355436,0.6191219,0.5501278
0.4470695,0.3361147,0.6194795,0.5508184
0.4471457,0.3328824,0.6213311,0.550634
0.4479484,0.3299492,0.6227746,0.5501161
0.4466229,0.3309891,0.6228834,0.5504457
0.4464477,0.3314794,0.6228958,0.5502787
0.4455538,0.3319871,0.6226588,0.5509648
0.4478106,0.3307179,0.6224925,0.5500858
0.4520775,0.3281897,0.6223454,0.5482734
0.4501753,0.3323702,0.6210982,0.5487342
0.4521938,0.3307827,0.6208815,0.548279
0.447511,0.3388105,0.618589,0.5498081
0.4449618,0.3416154,0.6180533,0.5507433
0.4471391,0.3374494,0.6190903,0.5503833
0.4485695,0.3347292,0.6200428,0.5498078
0.4420727,0.3451618,0.6172976,0.5517052
0.4441888,0.3424778,0.6179028,0.5510005
0.4465899,0.339491,0.6185272,0.5502067
0.4458654,0.3414747,0.6178303,0.5503497
0.4461431,0.3400165,0.6188022,0.5499352
0.446094,0.3392889,0.6189535,0.5502543
0.4484633,0.3350891,0.6201204,0.5495877
0.4465226,0.3379925,0.6193998,0.5502023
0.4452224,0.3393839,0.6192573,0.5505598
0.4472415,0.3360832,0.6204036,0.5496567
0.4514829,0.3303104,0.6216505,0.5482781
0.4480555,0.3348864,0.6206813,0.5494107
0.4429757,0.3403832,0.61974,0.5512115
0.4420398,0.3422324,0.6189004,0.5517609
0.4444859,0.3404261,0.618743,0.5510895
0.4422705,0.343343,0.6182407,0.5516257
0.4428808,0.3440215,0.6177433,0.5512704
0.4470364,0.339579,0.6185533,0.5497602
0.447499,0.3385639,0.6189384,0.5495766
0.4446441,0.3422661,0.6179909,0.5506658
0.438702,0.3481343,0.6172696,0.5525588
0.4429117,0.3401916,0.6196449,0.5514879
0.4449023,0.3362345,0.6208667,0.5509381
0.4411608,0.3411889,0.6199396,0.551944
0.4457213,0.335951,0.6210438,0.550249
0.4438789,0.3378173,0.620558,0.5511431
0.4460853,0.3348317,0.6211877,0.5504739
0.4454276,0.3371048,0.6201246,0.5508176
0.4449161,0.3395077,0.6189701,0.5510538
0.4489409,0.334364,0.619975,0.5498034
0.4512004,0.3326066,0.6197875,0.5492309
0.4517688,0.333218,0.619033,0.549244
0.4514501,0.3341817,0.6186778,0.5493207
0.448158,0.3376457,0.6180138,0.5506439
0.4450332,0.3421569,0.6167209,0.551842
0.4426837,0.3455686,0.6156269,0.5528263
0.4429342,0.343825,0.6163107,0.5529509
0.4446047,0.3421082,0.6165267,0.5524341
0.4427056,0.344591,0.6159424,0.5530676
0.4427884,0.344223,0.6162713,0.552864
0.4472467,0.339031,0.6174436,0.5511731
0.4456409,0.3414763,0.6174213,0.5509891
0.4473311,0.3370095,0.618789,0.5508354
0.4413392,0.343652,0.6176102,0.552884
0.4366342,0.3478498,0.6170228,0.5546475
0.4364584,0.3459536,0.6177509,0.5551612
0.4453856,0.3293557,0.6230069,0.5522852
0.4350428,0.3394086,0.6223674,0.5551562
0.4293205,0.3436112,0.6225261,0.5568449
0.4270102,0.3411351,0.625038,0.5573299
0.4148873,0.3532654,0.622238,0.5620426
0.4209749,0.3416559,0.6261919,0.560299
0.4224952,0.3329515,0.629365,0.5608393
0.4221389,0.3250103,0.632076,0.5627139
0.414487,0.3346169,0.6309232,0.5640637
0.4070874,0.3451655,0.6292401,0.5649757
0.407068,0.3391352,0.6324267,0.5650834
0.400522,0.3404821,0.6331049,0.5681834
0.3966466,0.3398222,0.6346506,0.5695709
0.3956045,0.3390931,0.6360777,0.5691381
0.3973877,0.3315558,0.6390975,0.5689536
0.3927277,0.3326095,0.6391129,0.5715509
0.3905722,0.3301356,0.6403955,0.5730248
0.3864594,0.3284638,0.6416693,0.5753443
0.3818711,0.3278949,0.6432877,0.5769232
0.3802173,0.3215615,0.6459644,0.5785871
0.3954549,0.2961578,0.655849,0.5707609
0.3699392,0.3105161,0.6525202,0.5839026
0.3676738,0.3024533,0.6557463,0.5859478
0.3584877,0.3053136,0.6553137,0.5906217
0.3576394,0.2943394,0.6596497,0.5918789
0.3539309,0.2925765,0.6614282,0.5929963
0.3513141,0.2849732,0.6631669,0.5963038
0.339597,0.2906313,0.6591278,0.6047791
0.3430839,0.2774197,0.6647987,0.6028055
0.341013,0.2834457,0.6628639,0.6033078
0.3471933,0.2779175,0.6666854,0.5981213
0.3485979,0.2838028,0.6659148,0.5953931
0.3532172,0.2878529,0.6661674,0.5904232
0.3562148,0.2992729,0.6627363,0.5867941
0.3630745,0.3067956,0.659781,0.5820157
0.3595013,0.325837,0.653598,0.5808603
0.3756601,0.3308187,0.651481,0.5700973
0.3701057,0.3591352,0.6418244,0.5675431
0.3551934,0.3953614,0.6297927,0.5664698
0.3715552,0.4099703,0.6242337,0.5515464
0.3918459,0.4208792,0.6180884,0.535989
0.3859787,0.4538841,0.6068267,0.5260906
0.3866364,0.4824848,0.5987633,0.5091203
0.3508765,0.5375509,0.5882007,0.4918787
0.402795,0.5183661,0.5928594,0.4664444
0.4744534,0.4716915,0.5938799,0.4468869
0.4345309,0.5289882,0.5866188,0.4327041
0.3810132,0.5775972,0.5851389,0.4228745
0.08832046,0.6935484,0.5796368,0.4185826
-0.4521947,0.5442725,0.5767122,0.4082775
-0.7042677,0.1186782,0.5728449,0.4022079
-0.712503,-0.112522,0.5682912,0.3958831
-0.696784,-0.2139901,0.5627882,0.389833
-0.6862091,-0.2653674,0.5577537,0.384198
-0.6940409,-0.2618112,0.5518197,0.3811266
-0.6934608,-0.2751053,0.5487643,0.3772093
-0.7054447,-0.2526496,0.5443134,0.3771458
-0.7152558,-0.2283879,0.5417634,0.3778102
-0.7261375,-0.1948022,0.5397682,0.3787175
-0.73607,-0.158103,0.5377686,0.3794856
-0.7461331,-0.1019619,0.534554,0.3835899
-0.750671,-0.03603069,0.5316374,0.3905849
-0.7478451,0.02227581,0.5314044,0.397292
-0.7261152,0.1490577,0.5307776,0.4108694
-0.6991801,0.226347,0.5332313,0.419021
-0.6690984,0.2926583,0.5328592,0.4274569
-0.6567005,0.3124805,0.5332702,0.432115
-0.6579158,0.304318,0.5342637,0.4348559
-0.658905,0.2980968,0.5314777,0.4410374
-0.6726985,0.2623954,0.5313569,0.443041
-0.7104692,0.1404711,0.5282743,0.4432015
-0.7277423,-0.005256802,0.5232441,0.4433725
-0.7128243,-0.1591574,0.5209929,0.4417201
-0.6739273,-0.2843922,0.5184453,0.4428969
-0.5882387,-0.4314709,0.5182112,0.4463914
-0.5308818,-0.4972588,0.5184982,0.4495084
-0.4641917,-0.5584589,0.5206456,0.4489743
-0.3378379,-0.6426119,0.5252911,0.4438295
-0.2604529,-0.6738436,0.526045,0.448749
-0.4736503,-0.5464327,0.5145759,0.4607367
-0.1800615,-0.7029107,0.5138091,0.4577058
-0.1310339,-0.7169232,0.5079071,0.4592185
-0.2388368,-0.6909677,0.4924742,0.4722179
-0.2649684,-0.6813494,0.4771767,0.487706
-0.1196814,-0.7191751,0.4682523,0.4992027
-0.1490925,-0.7106594,0.4529009,0.5173155
-0.1524208,-0.7106575,0.4384989,0.5286327
-0.04442771,-0.7242494,0.424375,0.5416594
-0.02584265,-0.7265342,0.4099815,0.5508133
0.003849104,-0.7272798,0.3917772,0.5635246
0.09388082,-0.7216277,0.3756734,0.5738549
0.001971722,-0.7288519,0.3524486,0.5869846
0.02484822,-0.7277688,0.3340872,0.5984321
0.02159145,-0.7286232,0.3144357,0.608089
-0.1652006,-0.7094924,0.2887611,0.6212459
-0.3531166,-0.6382217,0.2595448,0.632944
-0.4303562,-0.5924432,0.2294042,0.6412319
-0.3780959,-0.6290909,0.2098322,0.6459556
-0.1423755,-0.7212494,0.2031917,0.6467161
-0.2268663,-0.7057568,0.1831723,0.6456679
-0.1596023,-0.7266732,0.1711045,0.6459075
-0.295688,-0.6855674,0.1470008,0.6488117
-0.2175743,-0.7186874,0.1377552,0.6458895
-0.281067,-0.6960506,0.1185865,0.6499631
-0.2845357,-0.6967716,0.1087593,0.6493999
-0.279568,-0.6987565,0.1030207,0.6503598
-0.2703251,-0.7014853,0.09605959,0.652392
-0.2855676,-0.6950644,0.08462801,0.6543505
-0.2660653,-0.7010645,0.07466812,0.6573755
-0.2681385,-0.7009284,0.05931492,0.6582422
-0.2625211,-0.7029487,0.04226231,0.6596662
-0.2578845,-0.7055398,0.02582239,0.6595774
-0.2036896,-0.7210621,0.01461453,0.6620924
-0.1742318,-0.7316018,0.004913412,0.6590736
-0.1730062,-0.7281834,-0.004530445,0.6631721
-0.01126662,-0.7451854,-0.005429435,0.6667401
-0.2706973,-0.6881204,-0.02547608,0.6727291
-0.295633,-0.6782736,-0.02377579,0.6722952
-0.3581244,-0.6430882,-0.02616723,0.6763872
-0.3744168,-0.6300678,-0.02141806,0.6799763
-0.4508907,-0.574204,-0.02171184,0.6830197
-0.4856116,-0.5401018,-0.02006935,0.6870726
-0.3890408,-0.6126862,-0.01364022,0.6878057
-0.3324674,-0.6453233,-0.01060247,0.6876851
-0.3831668,-0.6175221,-0.01363292,0.6867779
-0.351586,-0.6370886,-0.0149259,0.6857715
-0.2988585,-0.6648282,-0.01677747,0.6844016
-0.3020019,-0.6658931,-0.02617803,0.681686
-0.2936682,-0.6721743,-0.04085398,0.6784333
-0.3659147,-0.63939,-0.05971569,0.6735881
-0.3968218,-0.6225101,-0.07533175,0.6703273
-0.5090969,-0.5347718,-0.1018812,0.666678
-0.4973016,-0.5418618,-0.1062467,0.6691701
-0.4637499,-0.5711825,-0.1055661,0.6689861
-0.307679,-0.6693092,-0.09898983,0.6689992
-0.273181,-0.6820817,-0.1019177,0.6706336
-0.1522615,-0.7138081,-0.09408335,0.6770839
0.1176166,-0.7161758,-0.07918361,0.6833656
0.1546957,-0.702369,-0.07135331,0.6911264
0.6217315,-0.3548992,-0.0519838,0.6962715
0.7085649,-0.001150191,-0.03375667,0.7048368
0.6894633,0.1327782,-0.02941161,0.711439
0.674456,0.1839628,-0.02774015,0.7144909
0.6844004,0.1436275,-0.01668149,0.7146251
0.6834719,0.1462196,-0.01376292,0.71505
0.6781346,0.166347,-0.01770011,0.7156457
0.6809376,0.1559887,-0.01999938,0.7152562
0.6874771,0.1340855,-0.02318069,0.7133435
0.6964127,0.1008424,-0.0286496,0.7099432
0.6880374,0.13358,-0.01588741,0.7130978
0.6733828,0.182584,-0.00716868,0.716357
0.6362607,0.2777069,-0.003193349,0.7197506
0.6186422,0.3183267,0.001457334,0.718295
0.6656215,0.2265493,0.00263986,0.7110671
0.7051736,0.04241109,0.008559734,0.7077134
0.6116085,-0.3623178,0.009790659,0.7032531
0.4501916,-0.5550267,0.01302671,0.6993592
0.2310916,-0.6857976,0.01970804,0.6898477
0.2276159,-0.6911449,0.02969791,0.6852939
-0.2492627,-0.6970254,0.0179076,0.6720886
-0.2596705,-0.7032006,0.02123218,0.6615355
-0.09679913,-0.75019,0.04121733,0.6527985
0.0107343,-0.7647904,0.0558705,0.6417625
0.09057073,-0.7704246,0.07147777,0.6270039
0.06970312,-0.7798136,0.07023941,0.6181412
0.1416628,-0.7744501,0.07035812,0.6125427
0.1200877,-0.782417,0.05735693,0.6083689
0.09175187,-0.791117,0.05251767,0.6024594
0.09122461,-0.7934752,0.05037455,0.5996144
0.08580131,-0.7979193,0.04961576,0.5945596
0.07602952,-0.8004526,0.04983923,0.5924618
0.03127325,-0.8041065,0.04583007,0.5918904
-0.0377246,-0.8033599,0.04165315,0.5928361
-0.03320159,-0.8016579,0.0516591,0.5946206
-0.0459546,-0.7966955,0.05488434,0.6001269
-0.07641409,-0.7903546,0.05654345,0.60523
-0.1037361,-0.7839159,0.06178325,0.6090137
-0.1106587,-0.7772927,0.06732383,0.6156608
-0.09691253,-0.7739258,0.08087577,0.6205691
-0.09664575,-0.7693946,0.0877242,0.6252967
-0.06684504,-0.764369,0.09550853,0.6341529
-0.09032566,-0.7575035,0.1048119,0.6380001
-0.008050244,-0.7497447,0.1154092,0.6515356
0.1342445,-0.7249619,0.1264297,0.6636447
-0.03319351,-0.7272209,0.1286,0.6734315
0.6843827,-0.1808485,0.1402823,0.6922681
0.5025151,0.4703947,0.1464285,0.7104691
0.2558579,0.616174,0.1451234,0.73062
0.1687471,0.6221,0.1420448,0.7512251
0.1435318,0.605116,0.1433227,0.7698649
0.1251031,0.5889502,0.144713,0.7852038
0.1328456,0.5707465,0.1492247,0.7964499
0.104175,0.5602081,0.1458404,0.8087305
0.08667069,0.5509968,0.1421564,0.8177299
0.05453974,0.5410036,0.134962,0.8283271
0.05713746,0.5291681,0.136048,0.835588
0.07814059,0.5146967,0.143578,0.8416452
0.1002058,0.5014042,0.1534998,0.845571
0.1196416,0.4891697,0.1632002,0.8483893
0.08821579,0.4869151,0.1545241,0.8551338
0.08727553,0.4800694,0.1558658,0.8588494
0.08787758,0.4725313,0.1588457,0.8624151
0.08577035,0.4689763,0.1614064,0.8640907
0.08192424,0.467407,0.1624603,0.8651161
0.08320216,0.4654753,0.1655676,0.8654464
0.06924772,0.4701532,0.1651504,0.8642257
0.06785276,0.468183,0.1675753,0.8649389
0.07261854,0.4696779,0.1720701,0.8628563
0.06944415,0.4733914,0.1712671,0.8612465
0.06539066,0.4811946,0.1715817,0.8571671
0.06783071,0.485912,0.1709407,0.85444
0.05981805,0.4953068,0.1679749,0.8502219
0.06238216,0.4978227,0.1678985,0.8485818
0.06011952,0.5059695,0.1670823,0.8440759
0.06041092,0.5128605,0.1695633,0.8393885
0.06350434,0.5199998,0.1696811,0.8347309
0.06354199,0.5267974,0.1679602,0.8308046
0.06838579,0.5327086,0.1671756,0.8267995
0.0801924,0.5396618,0.1681073,0.8210203
0.07343748,0.5477653,0.1646035,0.8169858
0.08657223,0.5534976,0.1658207,0.811572
0.0871647,0.5599741,0.1651001,0.807201
0.08297165,0.564886,0.1634516,0.8045515
0.06693304,0.576977,0.1605139,0.7980306
0.09519383,0.574664,0.1645084,0.7960128
0.09605824,0.5798144,0.1628752,0.7925022
0.09882692,0.5855047,0.1620801,0.7881291
0.09555446,0.5916596,0.1593313,0.7844882
0.07362817,0.6001587,0.1544412,0.7813683
0.1024889,0.5985046,0.1582247,0.7786226
0.09041026,0.6043845,0.1564503,0.7759308
0.09094758,0.6077436,0.1570242,0.7731233
0.09280479,0.6096272,0.1563681,0.771551
0.09157895,0.6105195,0.1554994,0.7711675
0.0944542,0.6108043,0.1555804,0.7705785
0.09755173,0.6115767,0.1554136,0.769613
0.1006454,0.6124198,0.1554512,0.768536
0.1089913,0.6123664,0.156181,0.7672912
0.1118404,0.6125977,0.1559316,0.7667471
0.1048845,0.6148377,0.1543128,0.7662647
0.1136685,0.6140637,0.1545532,0.7655838
0.1145923,0.614917,0.1536206,0.7649485
0.1229484,0.6143008,0.154052,0.764059
0.1223185,0.6153532,0.1531558,0.7634933
0.1166921,0.6161558,0.1517956,0.7639981
0.1245546,0.6151673,0.1519105,0.7635304
0.1155657,0.617659,0.150632,0.7631853
0.1325349,0.6145262,0.1522036,0.7626442
0.1276102,0.6171665,0.1519383,0.7614038
0.1273997,0.6170974,0.1516092,0.7615607
0.125188,0.6178091,0.1509002,0.7614914
0.1347405,0.6147663,0.152114,0.7620819
0.1421057,0.6126633,0.1534959,0.7621605
0.1441828,0.6124066,0.1535425,0.7619674
0.1500259,0.6104848,0.1543445,0.7622194
0.1557015,0.6092275,0.1549453,0.7619652
0.1587661,0.6087707,0.1555399,0.7615767
0.1530737,0.6105711,0.1547516,0.7614613
0.1526047,0.6116166,0.1547347,0.7607195
0.1489375,0.6122214,0.1544776,0.7610121
0.1452106,0.613057,0.1544225,0.7610708
0.1427959,0.6141753,0.153736,0.760765
0.1427622,0.6148207,0.153464,0.7603047
0.1451036,0.6152819,0.154177,0.7593435
0.1408575,0.6167872,0.1540369,0.7589501
0.1309481,0.6188997,0.1531489,0.7591845
0.1310331,0.6192772,0.1531352,0.7588647
0.1379718,0.6174086,0.154472,0.7588866
0.1327046,0.6193061,0.1542842,0.7583178
0.1477239,0.6150724,0.1567247,0.758486
0.1429387,0.6159564,0.1573302,0.7585602
0.1392139,0.6170376,0.1575878,0.7583206
0.1293593,0.6197401,0.1578737,0.7578022
0.1221622,0.6213813,0.1579506,0.7576367
0.1091649,0.6244919,0.157092,0.7572417
0.109691,0.62496,0.1572501,0.7567465
0.1039249,0.6264969,0.1567206,0.7563993
0.1070765,0.6258915,0.1564196,0.7565233
0.1120735,0.6245636,0.1566223,0.756855
0.1129827,0.624222,0.1559049,0.7571496
0.1208426,0.6219794,0.1558613,0.7577901
0.1317348,0.6195999,0.1567055,0.7577501
0.1305652,0.619867,0.1558471,0.7579112
0.1386678,0.6184736,0.1555469,0.757672
0.1418361,0.6192132,0.1565709,0.7562692
0.1289923,0.6221381,0.1554237,0.7564051
0.1510618,0.6168591,0.1581189,0.7560844
0.1384269,0.6199849,0.1569173,0.7561969
0.1397916,0.6196086,0.1568502,0.7562683
0.1450028,0.6177856,0.1574824,0.7566469
0.1500618,0.6152881,0.1576945,0.7576506
0.1591446,0.6119174,0.158252,0.7584105
0.149809,0.6129612,0.1564519,0.7598411
0.1491529,0.6131228,0.1555419,0.7600266
0.1455233,0.6133181,0.1546727,0.7607498
0.1545711,0.6104327,0.155284,0.7611613
0.1592093,0.6084854,0.1559729,0.7616235
0.1558623,0.6087747,0.1557879,0.7621223
0.1507381,0.6105673,0.1556086,0.7617555
0.1533325,0.6102202,0.1563908,0.7613556
0.1445998,0.6129509,0.1561376,0.7609226
0.1395265,0.6139392,0.1558907,0.7611235
0.1341391,0.6154913,0.1557969,0.7608577
0.1373338,0.6152877,0.155614,0.7604898
0.1374582,0.6161689,0.1555954,0.7597573
0.1329558,0.6177119,0.1551318,0.7594003
0.1394109,0.6162497,0.1557012,0.7593142
0.1460362,0.6139639,0.1565084,0.7597545
0.1546833,0.6121818,0.1572554,0.759327
0.1474959,0.6142029,0.1563835,0.759305
0.1485628,0.6146654,0.157145,0.758565
0.1505606,0.6140194,0.1574403,0.7586331
0.1421594,0.6159536,0.1561944,0.7589435
0.1505641,0.6138125,0.1561202,0.7590725
0.15551,0.6133415,0.1555076,0.7585816
0.151424,0.6141511,0.153893,0.7590824
0.1698004,0.6094137,0.1549137,0.7588047
0.1603122,0.6110756,0.1543668,0.759643
0.1690201,0.6080658,0.1554679,0.759946
0.1701037,0.607596,0.1552045,0.7601337
0.1805071,0.6036326,0.155315,0.7608694
0.1850932,0.6023003,0.1555485,0.7607756
0.1954013,0.5990859,0.1559267,0.7606585
0.2025729,0.595108,0.1564936,0.7617877
0.189177,0.599965,0.1551506,0.761697
0.1742597,0.60438,0.1541299,0.7619727
0.1653691,0.6065758,0.1538384,0.7622682
0.1630172,0.6070548,0.1540761,0.7623453
0.1691851,0.6046685,0.154584,0.762795
0.1527766,0.6092521,0.1524941,0.7630312
0.1633527,0.6079468,0.1542387,0.7615294
0.1533381,0.6101713,0.1529865,0.762085
0.1609254,0.6082708,0.1537457,0.7618872
0.1625595,0.6073173,0.1539604,0.7622574
0.1644211,0.6077256,0.154866,0.7613487
0.1620119,0.6086811,0.1550751,0.7610593
0.1527892,0.6120589,0.1544956,0.7603753
0.1421764,0.6145532,0.1537187,0.7605791
0.1365317,0.6162418,0.1539909,0.7601921
0.1401739,0.6147569,0.1549989,0.7605265
0.1440197,0.6122415,0.1561919,0.7615923
0.1406267,0.6106269,0.1561094,0.763537
0.1331458,0.6117539,0.15431,0.7643414
0.1297964,0.6122906,0.1535918,0.7646325
0.1343882,0.6114268,0.1539669,0.764455
0.147738,0.6075679,0.1545273,0.7649549
0.1518938,0.6065304,0.1547227,0.7649248
0.143861,0.6086376,0.1535951,0.7650313
0.1371354,0.609812,0.1526969,0.7655109
0.137012,0.6101143,0.152851,0.7652612
0.1485747,0.606403,0.1539208,0.7658389
0.1386147,0.6071807,0.1526568,0.7673419
0.1395472,0.6058236,0.1522444,0.7683267
0.1417785,0.6039145,0.1518126,0.7695057
0.1526792,0.5987131,0.1536598,0.7711164
0.1475346,0.5962672,0.154192,0.7739016
0.1536574,0.5905765,0.1560329,0.7766998
0.1365393,0.5890382,0.1540711,0.7814429
0.1400057,0.5864754,0.1547735,0.7826176
0.1433388,0.5861586,0.1554321,0.7821208
0.1433854,0.5912384,0.1551796,0.7783297
0.1285979,0.6025747,0.1526259,0.7727041
0.138849,0.6092676,0.1546946,0.7652343
0.1229985,0.6237234,0.1531236,0.756567
0.1074442,0.6374762,0.152322,0.7475814
0.1135132,0.6511722,0.153514,0.7345223
0.04516965,0.6771697,0.1520155,0.7185348
-0.3146067,0.6214602,0.1484217,0.7019835
0.6824554,0.2123771,0.1427009,0.6846802
0.5258408,0.5092527,0.1393738,0.6668794
0.254324,0.7008437,0.1506386,0.6491883
0.2021168,0.7187654,0.155407,0.6468181
0.171365,0.7326591,0.1559347,0.6399446
0.1577287,0.741042,0.1520924,0.6347018
0.1839157,0.7467155,0.1524839,0.6207572
0.1691666,0.7611995,0.1611635,0.6049663
0.1843507,0.7598195,0.1514808,0.6047667
0.1844132,0.7644773,0.1517671,0.5987763
0.1789854,0.7666963,0.154877,0.5967865
0.1771706,0.7668585,0.1593665,0.5959371
0.1782927,0.7649122,0.1666104,0.5961226
0.166295,0.7633466,0.1761348,0.5988526
0.1509339,0.762945,0.1876614,0.5999308
0.1451796,0.7580038,0.2013056,0.6031826
0.1371339,0.752389,0.2141256,0.6076639
0.1911176,0.7407212,0.2188013,0.6057494
0.2108947,0.7357532,0.2220663,0.6040506
0.2444203,0.7227188,0.2259284,0.6057166
0.3206168,0.6875516,0.2276132,0.610467
0.3829553,0.6501089,0.2328458,0.613585
0.4665474,0.5888833,0.240261,0.6146744
0.5274948,0.5293251,0.2494512,0.6159045
0.5714071,0.4763921,0.2610624,0.6151348
0.6357894,0.3774819,0.2771341,0.6135764
0.69471,0.2344522,0.2956569,0.6123701
0.7166862,0.1374487,0.3162986,0.606155
0.7246747,0.06899592,0.3369428,0.5971228
0.7244237,-0.01293719,0.3589476,0.5883871
0.7172486,-0.09063806,0.3801925,0.5768819
0.7114331,-0.1266492,0.4053588,0.5599171
0.6986878,-0.1762602,0.433769,0.5409365
0.6899976,-0.2038316,0.4608182,0.5196179
0.6642318,-0.270281,0.4846212,0.5008858
0.6667261,-0.2650775,0.5080852,0.4765078
0.6808623,-0.2288626,0.531723,0.4486859
0.6651735,-0.2757673,0.5477738,0.4259582
0.6831632,-0.2219035,0.5736343,0.3936885
0.7020296,-0.1627428,0.5897741,0.3644663
0.6956949,-0.1950485,0.6034006,0.33745
0.7180373,-0.09920455,0.6168324,0.3067553
0.7172626,-0.1176457,0.6261691,0.2821457
0.7263046,-0.05047837,0.636102,0.2555543
0.7236544,0.09768029,0.6443578,0.2271252
0.7163845,0.1588174,0.6509777,0.1944179
0.640502,0.3564622,0.6622793,0.155171
0.5503463,0.4814402,0.6719681,0.1174441
0.6856004,0.2546064,0.6739638,0.1044054
0.7046869,0.1916145,0.6784106,0.08036837
0.6741575,0.2812128,0.6814215,0.04577827
0.7259731,-0.007470359,0.6870688,0.02904626
0.7047392,-0.1620821,0.6906319,0.009983651
0.723593,0.05482882,0.6878986,-0.01422872
0.7271382,-0.0539308,0.6838137,-0.02757365
0.7263923,-0.01837069,0.6855212,-0.04557736
0.6666631,0.2877297,0.6839139,-0.07094827
0.6666996,0.2868968,0.6825317,-0.08574579
0.7074801,0.1756703,0.6776849,-0.09672068
0.7126814,0.1631684,0.6734551,-0.1091774
0.7329792,0.02438794,0.6700675,-0.1147011
0.7321928,-0.07565857,0.6667507,-0.1166745
0.7121297,-0.1954426,0.6645226,-0.1143817
0.6974519,-0.2512003,0.6618322,-0.111523
0.6699356,-0.3233114,0.6603649,-0.1028313
0.6626883,-0.341912,0.6591446,-0.09730843
0.6474812,-0.3797946,0.6547559,-0.08842312
0.6352363,-0.4085792,0.6505978,-0.07912266
0.6718029,-0.3569602,0.6442741,-0.07855749
0.6881776,-0.3424378,0.636051,-0.06772725
0.6862509,-0.3596275,0.6306294,-0.04510276
0.6840509,-0.3716725,0.6272435,-0.02234951
0.6980646,-0.3554852,0.6215429,-0.004514411
0.6970084,-0.3647144,0.6172569,0.01251367
0.7016943,-0.3543337,0.6177188,0.02227786
0.6981491,-0.3640144,0.6154678,0.03578654
0.6959523,-0.3639085,0.6170758,0.04938199
0.6921394,-0.3666607,0.6180542,0.06717159
0.6835099,-0.3838811,0.6145092,0.08847584
0.6838299,-0.3804696,0.6134564,0.1062584
0.6969894,-0.3522378,0.6129134,0.1202971
0.7001086,-0.3434701,0.6119186,0.13203
0.6938474,-0.354547,0.6083785,0.1508237
0.6970475,-0.3447927,0.6064533,0.1657027
0.7045633,-0.3291216,0.6028729,0.1783639
0.6954495,-0.3427215,0.5994748,0.1988008
0.7086075,-0.3132813,0.5970786,0.207912
0.7203563,-0.2866504,0.5928349,0.2178648
0.7209985,-0.2719619,0.59296,0.2336586
0.737476,-0.2307186,0.5848252,0.2467341
0.7393371,-0.2128569,0.5839893,0.2588996
0.7481731,-0.1693533,0.5837195,0.2661353
0.752638,-0.1326208,0.5846431,0.272287
0.7494092,-0.1062606,0.592193,0.2764091
0.7446866,-0.08761171,0.6001234,0.2786001
0.7442116,-0.03002528,0.6066855,0.2778137
0.7152537,0.1954089,0.6132748,0.2722529
0.7009829,0.230554,0.6176137,0.2720682
0.4821643,0.5504981,0.6270508,0.2669771
0.483126,0.5552142,0.6187818,0.2746554
0.390232,0.6258366,0.6156492,0.2775313
0.3316574,0.6596148,0.611913,0.2836797
0.3461902,0.6591132,0.601047,0.2906281
0.3769374,0.6497296,0.5896547,0.2967776
0.4024544,0.6401389,0.5793466,0.3043193
0.434522,0.6312378,0.5640931,0.307455
0.4862119,0.6028376,0.5505229,0.3116237
0.5329981,0.5775852,0.5347289,0.3104405
0.5909541,0.5352566,0.5191352,0.3078512
0.6415754,0.4936903,0.5041165,0.3008611
0.6894812,0.4486139,0.4853747,0.2962644
0.7149574,0.4196692,0.4739737,0.2967537
0.7346883,0.400311,0.4616346,0.29475
0.7508204,0.3784962,0.4518915,0.2979991
0.760026,0.3621437,0.4513142,0.2958511
0.766683,0.3467585,0.451606,0.2966609
0.7655547,0.3439658,0.4560548,0.2960198
0.7632875,0.3404055,0.4622926,0.2963136
0.7641762,0.3244122,0.4703647,0.2992465
0.7609469,0.3109756,0.4818949,0.3033665
0.7573744,0.2942529,0.4933445,0.3105002
0.7505425,0.2763296,0.509524,0.3173535
0.7407765,0.2658874,0.5245609,0.3246383
0.7313044,0.2501509,0.539793,0.3335296
0.7367334,0.1763512,0.5521367,0.3482372
0.7332668,0.1164231,0.5670521,0.3566756
0.7254244,-0.02336262,0.5819002,0.3668867
0.4961594,-0.507594,0.5936348,0.3791727
-0.1567343,-0.6766063,0.605289,0.3889261
-0.4381457,-0.5172776,0.6190613,0.3965039
-0.4183182,-0.5138102,0.6261227,0.4110709
-0.4903523,-0.4209457,0.6409592,0.4141624
-0.437704,-0.4590401,0.6436207,0.4283103
-0.4655573,-0.4026907,0.6581921,0.4334509
-0.4554102,-0.3882388,0.6680744,0.4422089
-0.438308,-0.380684,0.6762568,0.4534783
-0.4324715,-0.3650872,0.6844141,0.459627
-0.428506,-0.349048,0.6916817,0.4648919
-0.4196182,-0.3421834,0.6962128,0.4712948
-0.4018129,-0.3464456,0.6979229,0.4810668
-0.3905631,-0.3394389,0.7020443,0.4892601
-0.3867589,-0.3284054,0.7068222,0.4929197
-0.3768355,-0.3286144,0.7083627,0.4982267
-0.3713459,-0.3266922,0.7107738,0.5001749
-0.3930471,-0.2794548,0.728596,0.4863814
-0.3769653,-0.3004665,0.722561,0.4955023
-0.3463017,-0.3379419,0.7101759,0.5113908
-0.3557633,-0.3235654,0.7183194,0.5027476
-0.3544731,-0.3260834,0.7172576,0.5035474
-0.3539947,-0.3250375,0.7179111,0.5036288
-0.3556663,-0.3242571,0.7192182,0.5010829
-0.3594882,-0.3267814,0.7179644,0.4985071
-0.3698395,-0.3226241,0.7173392,0.494527
-0.3726383,-0.3271694,0.7144403,0.4936354
-0.3730911,-0.3285425,0.7158933,0.4902647
-0.3769706,-0.3298932,0.7147114,0.4881099
-0.3784049,-0.3372504,0.7127113,0.4848861
-0.3823471,-0.3435995,0.7108034,0.4801129
-0.3858257,-0.3499123,0.7099317,0.474022
-0.383102,-0.3619471,0.7062694,0.4726634
-0.4070103,-0.3447267,0.7102747,0.459365
-0.4026649,-0.3572348,0.706544,0.4593906
-0.4087322,-0.3573125,0.706718,0.4536689
-0.4139248,-0.357711,0.7056962,0.4502244
-0.416245,-0.3636442,0.7031433,0.447317
-0.4229123,-0.359932,0.7026792,0.4447879
-0.4267945,-0.360348,0.7005135,0.4441583
-0.4362988,-0.3532642,0.6997663,0.4417859
-0.4359677,-0.3589941,0.6968533,0.4420984
-0.44805,-0.3496591,0.6965185,0.4380088
-0.4474412,-0.3551511,0.6940469,0.4381357
-0.4488209,-0.3562016,0.6927594,0.4379093
-0.4498592,-0.3576429,0.6918717,0.4370719
-0.4576386,-0.350014,0.6923414,0.4344199
-0.4572399,-0.3444115,0.6954225,0.4343959
-0.464401,-0.3360226,0.6961922,0.4321308
-0.4662434,-0.3344892,0.6956607,0.4321926
-0.4660506,-0.333913,0.6953339,0.4333702
-0.4691752,-0.3306041,0.6952186,0.4327201
-0.4665075,-0.3330171,0.6946213,0.4347088
-0.4698838,-0.3311912,0.6939763,0.4334957
-0.4698241,-0.3306177,0.694165,0.4336959
-0.469482,-0.3325927,0.6931157,0.4342342
-0.4730964,-0.3280451,0.6934823,0.4331841
-0.4736395,-0.3293759,0.6928206,0.4326392
-0.4695638,-0.3375543,0.6908429,0.433939
-0.473745,-0.3333693,0.6902542,0.4335662
-0.4776661,-0.3295066,0.6902326,0.4322494
-0.4770687,-0.3326567,0.6887959,0.4327878
-0.4803682,-0.3345882,0.6866662,0.4310299
-0.4780045,-0.3405868,0.6852719,0.4311784
-0.4804746,-0.3358983,0.6871552,0.4291087
-0.4726196,-0.3463258,0.6863595,0.430813
-0.4699023,-0.346631,0.6881848,0.430628
-0.4726936,-0.3394805,0.6905279,0.4295173
-0.4709282,-0.3394819,0.6912931,0.430224
-0.4668412,-0.3419994,0.6922476,0.4311483
-0.4660799,-0.3420625,0.6925987,0.4313579
-0.457078,-0.3516768,0.6916876,0.4347083
-0.459659,-0.3473689,0.6926571,0.4339061
-0.4564505,-0.349171,0.6935399,0.4344364
-0.4569862,-0.3471074,0.6933151,0.4358831
-0.4593678,-0.3428487,0.6946456,0.4346302
-0.4619509,-0.33879,0.6953024,0.4340247
-0.4624704,-0.3376713,0.69559,0.4338823
-0.4619614,-0.3384974,0.6952562,0.4343154
-0.4609881,-0.3398621,0.6945035,0.4354866
-0.4579991,-0.3435769,0.6946911,0.4354261
-0.4622707,-0.3364254,0.6959876,0.4344247
-0.4601783,-0.338947,0.6958013,0.4349845
-0.4595848,-0.3415053,0.6946803,0.4354025
-0.4582744,-0.3448083,0.6938871,0.4354452
-0.4556195,-0.3487143,0.6934339,0.4358425
-0.4637545,-0.3394314,0.6944386,0.4329817
-0.4603736,-0.3455992,0.6928542,0.4342469
-0.4680409,-0.3359364,0.6943623,0.4312138
-0.4622722,-0.3453444,0.6927781,0.432551
-0.4609479,-0.3481854,0.6922823,0.4324803
-0.4599458,-0.3499501,0.692075,0.4324546
-0.4619788,-0.3478936,0.6923276,0.4315416
-0.4604934,-0.3489458,0.6925294,0.4319558
-0.4623352,-0.347959,0.6925055,0.430821
-0.4622023,-0.3481424,0.692468,0.4308758
-0.4584799,-0.3515514,0.6923625,0.4322524
-0.4620033,-0.3473269,0.6927744,0.4312548
-0.4616206,-0.3493076,0.6919425,0.4314003
-0.461586,-0.3486991,0.6920062,0.4318273
-0.4550494,-0.3581354,0.6899275,0.4343605
-0.4520739,-0.3626405,0.688641,0.435769
-0.4531936,-0.3615908,0.6884176,0.4358312
-0.4565817,-0.357059,0.6888971,0.4352732
-0.4583451,-0.3529412,0.6887822,0.436957
-0.4555644,-0.3561908,0.6888103,0.4371839
-0.4497749,-0.36349,0.6887181,0.4373155
-0.4534633,-0.3588337,0.6892418,0.4365262
-0.4511913,-0.3614704,0.6885513,0.4377928
-0.4519399,-0.3604713,0.6883742,0.438123
-0.4539801,-0.357581,0.6889662,0.4374511
-0.4596516,-0.3509174,0.6896531,0.4358392
-0.4583064,-0.3514305,0.689541,0.4370183
-0.454722,-0.3561501,0.688702,0.438263
-0.4613636,-0.3458804,0.6906171,0.43653
-0.4610907,-0.344511,0.6913797,0.436694
-0.4648221,-0.3392839,0.6917524,0.4362401
-0.4673695,-0.3351709,0.6921366,0.4360885
-0.4674352,-0.3334197,0.6925603,0.4366872
-0.4665469,-0.3335395,0.6924548,0.4377119
-0.4682816,-0.3297134,0.6931107,0.4377203
-0.4697458,-0.3283936,0.6927884,0.4376535
-0.4690863,-0.32993,0.6920179,0.438424
-0.4680252,-0.3332072,0.6905884,0.4393326
-0.4639953,-0.3403396,0.6888589,0.4408522
-0.4721331,-0.3312113,0.6895517,0.438073
-0.4707915,-0.332468,0.6897053,0.4383228
-0.4714833,-0.3315478,0.6899678,0.437863
-0.4686956,-0.3358587,0.6892824,0.4386491
-0.4729475,-0.3309832,0.6899385,0.4367559
-0.4719333,-0.3324529,0.6896098,0.4372556
-0.4728589,-0.3302261,0.6902622,0.4369133
-0.4702584,-0.3337914,0.6898707,0.4376285
-0.4650384,-0.3395003,0.6894357,0.4394966
-0.4632883,-0.3408114,0.6896269,0.4400298
-0.4642461,-0.3390942,0.6899008,0.4399176
-0.469303,-0.3293857,0.6918344,0.4388905
-0.4695447,-0.3266944,0.692902,0.4389594
-0.4661861,-0.3256689,0.6946731,0.4404992
-0.4649682,-0.322749,0.6959442,0.4419268
-0.4523169,-0.3338504,0.6956887,0.4471808
-0.4451846,-0.3399452,0.6950885,0.4506662
-0.4410805,-0.3396889,0.6964731,0.4527522
-0.4400971,-0.3334748,0.699186,0.4541455
-0.4233988,-0.3502907,0.6966966,0.4611332
-0.4228113,-0.342822,0.7006615,0.4612779
-0.413246,-0.3467896,0.7013299,0.465941
-0.3948507,-0.3603988,0.6998175,0.4737732
-0.3946134,-0.3526725,0.7032506,0.474701
-0.3969941,-0.3451745,0.70573,0.4745476
-0.3785152,-0.3619851,0.7014337,0.4834085
-0.3827524,-0.3542287,0.7032523,0.4831757
-0.3767874,-0.3582227,0.7011386,0.4879677
-0.3758657,-0.3574201,0.7002228,0.490575
-0.3743632,-0.3592019,0.6993701,0.4916378
-0.385279,-0.3501606,0.7021671,0.4857046
-0.3728289,-0.3686669,0.6968154,0.4894198
-0.377603,-0.3722784,0.6959596,0.484216
-0.3771246,-0.381349,0.6937847,0.4806377
-0.3887168,-0.3792615,0.6937447,0.473052
-0.3812551,-0.3959057,0.6890928,0.4722863
-0.3895072,-0.3997474,0.6876537,0.4643475
-0.3992564,-0.4041749,0.6858173,0.4548534
-0.3883328,-0.4274015,0.6795303,0.4525088
-0.3914877,-0.4380454,0.6755996,0.4454423
-0.3847785,-0.4562855,0.6700916,0.441278
-0.4029625,-0.452461,0.6680332,0.4320091
-0.3666759,-0.50154,0.6558802,0.4287513
-0.3143404,-0.5522827,0.6460733,0.422804
-0.342049,-0.5510063,0.6432843,0.406915
-0.4118981,-0.5188618,0.6422506,0.3855339
-0.07490441,-0.6784604,0.6194329,0.3877934
0.1650796,-0.6765246,0.6096173,0.3787214
0.4090087,-0.5793027,0.6029771,0.3654297
0.5491852,-0.460731,0.5975275,0.3592819