0.01007676,-0.3023545,-0.02729767,0.9527513
0.305966,-0.2834839,-0.04530989,0.9077272
0.2798108,-0.2924103,-0.04263052,0.9134466
0.2743339,-0.29075,-0.04284414,0.9156253
0.2738006,-0.2906972,-0.0479743,0.9155473
0.2758209,-0.2989292,-0.04689021,0.9123406
0.2807842,-0.3074852,-0.0465062,0.9079924
0.2793724,-0.3134826,-0.04258879,0.9065682
0.2740212,-0.3174975,-0.03904981,0.9069635
0.2688773,-0.3221877,-0.03445386,0.9070354
0.2651095,-0.3227757,-0.0339568,0.9079536
0.2619736,-0.3222017,-0.03431286,0.9090537
0.2502517,-0.3210631,-0.0347231,0.9127359
0.2427664,-0.3258887,-0.02848582,0.9132631
0.2363671,-0.3264537,-0.02308895,0.914891
0.231823,-0.3280929,-0.0204649,0.9155295
0.2262184,-0.331899,-0.02074309,0.9155533
0.2199196,-0.3339508,-0.02205404,0.916311
0.209579,-0.3372797,-0.02198514,0.9175161
0.1956547,-0.3434661,-0.01732567,0.9183954
0.1817834,-0.3599488,-0.00484857,0.9150782
0.1614559,-0.3663291,-0.001277659,0.9163696
0.1386004,-0.3709694,0.005858649,0.9182252
0.1332763,-0.3688473,0.0006775148,0.9198852
0.1226147,-0.3695376,0.004094742,0.9210813
0.1126259,-0.3657745,0.006801181,0.9238388
0.1063903,-0.3646748,0.01122252,0.9249689
0.1033926,-0.3598924,0.01163464,0.9271743
0.1072659,-0.3566348,0.01029757,0.9280084
0.1023322,-0.353971,0.01112936,0.9295745
0.09305943,-0.3520098,0.01789873,0.9311868
0.09872703,-0.3466848,0.02576751,0.9324155
0.1020928,-0.3400047,0.02586647,0.9345077
0.1086827,-0.332813,0.02338867,0.9364169
0.1133418,-0.3233533,0.02010039,0.9392508
0.1311244,-0.3162966,0.002967451,0.9395499
0.1444805,-0.3073308,-0.007173389,0.9405432
0.1555977,-0.3032138,-0.01597945,0.9399976
0.1632193,-0.2960997,-0.02363151,0.9408114
0.1689198,-0.2909801,-0.02725506,0.9413044
0.1632042,-0.2841005,-0.02555986,0.9444564
0.1513182,-0.2738138,-0.02320197,0.9495212
0.1315924,-0.272374,-0.01707599,0.9529976
0.1239055,-0.2713066,-0.01801155,0.9543142
0.1171664,-0.2689526,-0.01520145,0.9558794
0.1129876,-0.2636593,-0.0124413,0.9578949
0.10431,-0.25705,-0.01446985,0.9606432
0.09479941,-0.2513514,-0.01108268,0.9631784
0.08519351,-0.2445617,-0.01161225,0.9658141
0.07877845,-0.244043,-0.007150495,0.9665329
0.07340351,-0.2366537,-0.008948209,0.968776
0.07072815,-0.2307482,-0.008264559,0.9704043
0.0632442,-0.226953,-0.003114567,0.9718451
0.05665306,-0.2358744,-0.001152472,0.97013
0.04850301,-0.2396109,-0.001193269,0.969656
0.03617902,-0.2343892,-0.002398062,0.9714664
0.03080733,-0.2345326,-0.002016501,0.9716179
0.02630578,-0.2526965,-0.002131979,0.9671855
0.01359011,-0.2545062,-1.886557E-05,0.9669756
0.01794077,-0.2611398,-0.002333087,0.9651314
0.01818614,-0.2641437,-0.007222023,0.9642848
0.01977735,-0.2671487,-0.01253654,0.9633708
0.02447779,-0.2705684,-0.01680332,0.9622428
0.02545283,-0.2713877,-0.01794136,0.9619663
0.02452514,-0.2738047,-0.01715047,0.9613196
0.02352242,-0.2774539,-0.01499159,0.960334
0.02400238,-0.279305,-0.01421823,0.9597971
0.02834268,-0.2782258,-0.01766147,0.9599349
0.02650844,-0.2815591,-0.01337326,0.9590844
0.02565408,-0.2872051,-0.008222786,0.9574903
0.03154021,-0.289361,-0.006909987,0.9566753
0.03767186,-0.2970195,-0.006343221,0.9541069
0.03655528,-0.2982634,-0.00202885,0.9537812
0.04070343,-0.3057103,-0.007382979,0.9512255
0.04229716,-0.3019904,-0.006944346,0.9523469
0.0388637,-0.2915404,-0.003420622,0.9557626
0.03930033,-0.2909273,-0.005470199,0.955922
0.03547151,-0.2925651,-0.006704244,0.955564
0.03785733,-0.2888369,-0.009816331,0.9565791
0.03375255,-0.2878752,-0.009805324,0.9570228
0.03145068,-0.2808109,-0.01011501,0.9591944
0.02867518,-0.2727484,-0.009043603,0.9616154
0.02550171,-0.2722435,-0.008133428,0.961856
0.02284622,-0.2721018,-0.008866508,0.9619564
0.02070459,-0.2755209,-0.006601951,0.9610494
0.01839229,-0.2767839,-0.004747916,0.9607444
0.01745316,-0.275122,-0.001065008,0.9612503
0.01450053,-0.2771389,0.002533333,0.9607171
0.01286742,-0.2727078,0.004951352,0.9619981
0.0119755,-0.2717701,0.006887362,0.962263
0.009947964,-0.2701215,0.009620565,0.9627268
0.007926053,-0.2705817,0.01452151,0.9625549
0.007343066,-0.2708851,0.01667913,0.9624392
0.004532884,-0.2701327,0.02100204,0.9625834
0.003313771,-0.2697182,0.02479918,0.9626141
0.004317807,-0.2743592,0.02700769,0.9612383
0.006944172,-0.2753039,0.02958469,0.9608769
0.008958211,-0.2776682,0.03031686,0.9601567
0.007012334,-0.2779333,0.03107617,0.9600719
0.007582926,-0.2799103,0.03236319,0.9594505
0.005056847,-0.2804876,0.03339708,0.9592631
0.002053536,-0.2845294,0.03391173,0.9580652
0.002084323,-0.282895,0.0348839,0.958514
0.00282017,-0.2822741,0.03422019,0.9587191
0.003798414,-0.27696,0.03623319,0.9601905
0.000727606,-0.268254,0.0345664,0.9627277
-0.003016472,-0.2605279,0.03628561,0.9647796
-0.01107285,-0.2473187,0.04092176,0.9680063
-0.01650849,-0.2360284,0.04593509,0.9705194
-0.02095558,-0.2242945,0.05205056,0.9729046
-0.02274611,-0.2138629,0.05474708,0.975063
-0.0241359,-0.2049034,0.0574792,0.9767948
-0.02569355,-0.2010159,0.06005489,0.9774077
-0.02428959,-0.2051166,0.05696249,0.9767765
-0.01666952,-0.2072858,0.05409267,0.9766415
0.003479433,-0.2090207,0.04578831,0.9768324
0.02896691,-0.2165948,0.04111467,0.9749653
0.04929081,-0.2140144,0.03145724,0.9750788
0.0631479,-0.2033349,0.02335282,0.9767917
0.0689933,-0.1919052,0.01637443,0.9788483
0.07310528,-0.1796785,0.006594049,0.980983
0.07524978,-0.1637274,0.004929264,0.983619
0.0718366,-0.136942,0.007728732,0.9879406
0.06273152,-0.0999556,0.02261786,0.9927548
0.05526088,-0.05727725,0.02656573,0.9964737
0.05131414,-0.01671248,0.03927548,0.99777
0.04844559,0.01347657,0.05168413,0.9973966
0.04273746,0.04540384,0.05394815,0.996595
0.0412784,0.07677891,0.06044066,0.9943581
0.05357658,0.08742002,0.08168855,0.9913699
0.05847783,0.09833743,0.09943572,0.9884444
0.05207498,0.1175783,0.1034365,0.9862882
0.05328152,0.1227842,0.1162944,0.9841548
0.05270533,0.118429,0.1221312,0.9840126
0.05500755,0.1128044,0.1376777,0.9824939
0.04774835,0.105412,0.1423069,0.9830347
0.04166017,0.1000827,0.1457889,0.9833582
0.03490531,0.1049526,0.1417983,0.983697
0.03678833,0.1130859,0.1403421,0.9829355
0.04287577,0.1280932,0.1400124,0.9808926
0.04776097,0.130218,0.1414695,0.9801779
0.05090772,0.1471174,0.1359619,0.9784065
0.05678793,0.1492432,0.1355589,0.9778167
0.06516752,0.150483,0.1328644,0.9774739
0.07054442,0.1632199,0.1267532,0.9758669
0.08098538,0.1716895,0.1176455,0.9747429
0.08689186,0.1801695,0.09275787,0.9753895
0.08663628,0.2059943,0.05169275,0.9733388
0.08514263,0.2180936,0.005042039,0.9721937
0.08995828,0.2337708,-0.02801062,0.9677159
0.1055766,0.234481,-0.04068178,0.965514
0.1177592,0.2290007,-0.04172047,0.9653761
0.1236519,0.226023,-0.03779373,0.9655026
0.1253762,0.2229786,-0.03192516,0.9661999
0.1278173,0.2206641,-0.02672668,0.966569
0.1293862,0.2203053,-0.01996819,0.9666054
0.1334138,0.2202609,-0.01309373,0.9661855
0.1328499,0.2147882,-0.01077699,0.967523
0.129776,0.2142259,-0.01102084,0.968062
0.1268708,0.2146636,-0.0128116,0.9683281
0.127954,0.2146498,-0.01184221,0.9682009
0.1309155,0.2143197,-0.01042208,0.9678944
0.1307668,0.2073748,-0.009420568,0.9694365
0.1334594,0.1998633,-0.007959513,0.9706596
0.1353948,0.1970787,-0.005282326,0.970979
0.1343872,0.2084942,-0.005089562,0.9687334
0.1322527,0.210507,-0.003986226,0.968597
0.1292828,0.214025,-0.00164894,0.9682337
0.1296596,0.2180145,0.00426618,0.9672849
0.123498,0.2016868,0.01324077,0.9715428
0.1177,0.1929493,0.0279965,0.9737216
0.1085188,0.1890506,0.03933204,0.9751597
0.1034277,0.1918638,0.04339105,0.9749914
0.1005549,0.1877165,0.04566946,0.9759946
0.09917103,0.1855135,0.04635154,0.9765252
0.09469527,0.1844565,0.04552799,0.9772082
0.09035064,0.1835572,0.04557918,0.9777864
0.09052319,0.1822383,0.05077501,0.977761
0.08315551,0.1846065,0.05344227,0.977829
0.07800841,0.1886001,0.05822552,0.9772177
0.06260843,0.2025192,0.05820575,0.9755399
0.0561323,0.1898864,0.06277436,0.9781879
0.05910676,0.186523,0.07159661,0.978054
0.05629476,0.1834945,0.07304671,0.9786853
0.05507834,0.1777022,0.07115792,0.9799616
0.04907318,0.1787405,0.06634275,0.9804297
0.0441095,0.1748201,0.06399805,0.9815277
0.04201134,0.1760139,0.06415202,0.9813963
0.04134816,0.1737746,0.0664455,0.9816709
0.03812308,0.1664512,0.0666569,0.9830551
0.03908623,0.1655279,0.06931029,0.9829897
0.04137094,0.165423,0.07189044,0.9827285
0.03946083,0.1654855,0.06917909,0.9829912
0.03768953,0.1678157,0.06630623,0.9828636
0.04053068,0.1706712,0.06723615,0.9821955
0.04360026,0.1698343,0.07135177,0.9819187
0.04455515,0.1651082,0.07347316,0.9825252
0.04447195,0.1666726,0.07353619,0.9822601
0.04265018,0.164845,0.07313693,0.9826791
0.04296594,0.164348,0.07390743,0.9826909
0.04448566,0.1619887,0.07586733,0.9828656
0.04320794,0.1550097,0.07731524,0.9839346
0.04657998,0.1512789,0.08043718,0.9841112
0.03566397,0.1676963,0.07204951,0.9825553
0.03111216,0.1734588,0.06867797,0.9819509
0.03805737,0.1703225,0.07467511,0.9818175
0.04021714,0.1676833,0.07569356,0.9821076
0.03873815,0.1583851,0.07438431,0.9838092
0.03658897,0.1330326,0.07502393,0.9875905
0.02926127,0.1089604,0.07434341,0.9908301
0.02748538,0.1034817,0.0730547,0.991564
0.02080522,0.09302789,0.06049685,0.9936061
0.01756135,0.07504665,0.05094356,0.9957231
0.01790231,0.04799402,0.04166159,0.9978179
0.01924183,0.007381086,0.02193819,0.9995469
0.03069442,-0.03183417,-0.002388502,0.9990188
0.04477881,-0.06198888,-0.03295523,0.9965271
0.06202698,-0.08597305,-0.05154185,0.993028
0.07506175,-0.1040607,-0.06026657,0.9899016
0.0820697,-0.1070201,-0.0661071,0.9886562
0.08921464,-0.1120177,-0.06304224,0.9876834
0.08970845,-0.1053849,-0.06277353,0.9883855
0.08970583,-0.09431457,-0.06270157,0.989508
0.09695661,-0.09231185,-0.05633035,0.9893962
0.1034309,-0.09514362,-0.05191231,0.9887138
0.111791,-0.1044668,-0.03915283,0.9874495
0.1150402,-0.1071085,-0.02840019,0.9871611
0.1107147,-0.1013933,-0.01785418,0.9885054
0.1010161,-0.08999511,-0.001806014,0.9908044
0.08692065,-0.07560915,0.018441,0.9931707
0.07340964,-0.06997208,0.03882493,0.9940863
0.05864852,-0.06916386,0.05497175,0.9943614
0.04755279,-0.07693829,0.06514338,0.9937684
0.03691546,-0.08651952,0.06578895,0.9933898
0.03141044,-0.09584934,0.06085731,0.9930372
0.02677101,-0.1006042,0.04753259,0.9934298
0.02517499,-0.1069824,0.03613148,0.9932852
0.02918762,-0.09311943,0.02868727,0.9948135
0.02957295,-0.08422079,0.02447591,0.9957075
0.02681399,-0.0767241,0.02038776,0.9964832
0.02342522,-0.07586169,0.02150244,0.9966112
0.02034949,-0.07650428,0.02162616,0.996627
0.01059617,-0.05818015,0.01838605,0.9980806
0.001823122,-0.04866072,0.01648448,0.9986777
0.0010707,-0.04714796,0.02470766,0.9985817
-0.001556648,-0.04346574,0.03126186,0.9985645
-0.001716534,-0.03563306,0.03821031,0.9986327
-0.003605447,-0.01964409,0.04043854,0.9989825
0.0008966958,-0.01512171,0.04405131,0.9989145
0.001236216,0.01251571,0.04873301,0.9987326
0.008066799,0.02342677,0.05451512,0.9982055
0.01069655,0.05005346,0.06156981,0.9967896
0.01367346,0.07065688,0.06820472,0.9950723
0.01258402,0.08470964,0.07651501,0.9933838
0.015799,0.08868077,0.09370307,0.9915169
0.01843108,0.09059212,0.1092298,0.9897081
0.01390902,0.09453925,0.1102397,0.9893008
0.01279119,0.0934113,0.1217514,0.9880725
0.01361495,0.0952131,0.1290262,0.9869657
0.01226967,0.09487528,0.1343843,0.9863007
0.01194357,0.09934585,0.1363382,0.9855961
0.0166989,0.1061181,0.138152,0.9845679
0.01834922,0.1099458,0.1373908,0.984225
0.01966843,0.112958,0.1368396,0.9839353
0.02321811,0.1182133,0.1332251,0.9837366
0.0272586,0.1191594,0.1320156,0.9836818
0.02830037,0.1234415,0.131764,0.983158
0.02423169,0.119113,0.1323587,0.9837205
0.02296294,0.1144111,0.1343766,0.9840354
0.02549138,0.114259,0.1414409,0.9830003
0.02962408,0.1101986,0.1536955,0.9815072
0.0330517,0.106884,0.1653827,0.9798632
0.02793556,0.09279443,0.1705866,0.9805656
0.02252553,0.06848504,0.1830996,0.9804473
0.01112807,0.04558549,0.1916994,0.9803313
-0.004893647,0.01364195,0.2208532,0.9751993
-0.005721482,-0.006495645,0.2421457,0.9702013
-0.05559824,-0.03135591,0.2348558,0.9699321
-0.06630583,-0.04281685,0.241201,0.9672602
-0.0732051,-0.05750524,0.238513,0.9666674
-0.07639781,-0.07107486,0.2262211,0.9684708
-0.07979642,-0.0889767,0.2022053,0.972023
-0.08934067,-0.1090259,0.1952718,0.9705672
-0.1012376,-0.1292793,0.1959326,0.9667721
-0.1122396,-0.1454037,0.196208,0.9632042
-0.1272442,-0.1585076,0.1942583,0.9596603
-0.145565,-0.1747601,0.18579,0.9559036
-0.1753037,-0.1996426,0.1785588,0.9473796
-0.210451,-0.2234793,0.1731579,0.9358332
-0.2372699,-0.2355472,0.1646656,0.9279579
-0.2523079,-0.2338782,0.1646233,0.9244138
-0.2694034,-0.2409228,0.1608685,0.9184222
-0.2868842,-0.2473484,0.1529365,0.9127578
-0.2937115,-0.2456509,0.1496778,0.9115842
-0.2941916,-0.2426347,0.1455087,0.9129112
-0.2906311,-0.2473129,0.1375297,0.9140325
-0.2876956,-0.2522364,0.1343286,0.9140918
-0.2893641,-0.2609664,0.1228161,0.9127327
-0.2907692,-0.2642835,0.1199475,0.9117126
-0.28533,-0.2674058,0.1206721,0.9124249
-0.2783844,-0.2705157,0.1220874,0.9134648
-0.2715406,-0.2769624,0.1156885,0.9144254
-0.2740009,-0.2779521,0.1115938,0.9138998
-0.2699102,-0.2886254,0.09686444,0.9134884
-0.2631921,-0.2816289,0.1001364,0.9172719
-0.2663847,-0.2835922,0.1079777,0.9148527
-0.2737764,-0.2876133,0.1042813,0.911839
-0.2651468,-0.2959062,0.1065363,0.911475
-0.2599895,-0.2977059,0.1154287,0.9112918
-0.239998,-0.3076046,0.121753,0.9126645
-0.223941,-0.299215,0.1325498,0.9180149
-0.2087966,-0.2940906,0.1371042,0.9225601
-0.2040493,-0.2966766,0.1322295,0.9235055
-0.2016055,-0.3054138,0.1299213,0.9215195
-0.2014929,-0.3101326,0.1260748,0.9205018
-0.1948003,-0.3090265,0.1230632,0.9227192
-0.188182,-0.3036515,0.1263484,0.9254293
-0.1871482,-0.3035322,0.1195454,0.9265813
-0.1791726,-0.3070035,0.1141479,0.9276941
-0.1713212,-0.312949,0.1068643,0.9280582
-0.1572648,-0.3150582,0.1002096,0.930572
-0.1427762,-0.3175928,0.09584305,0.9325041
-0.1297465,-0.3185844,0.08449949,0.9351629
-0.1107767,-0.3215786,0.08044464,0.9369335
-0.1002538,-0.319123,0.07459158,0.9394391
-0.0892937,-0.3227516,0.05859011,0.9404388
-0.07019261,-0.3295112,0.06018601,0.9396133
-0.06459667,-0.3309195,0.05740407,0.9396937
-0.06166733,-0.3330697,0.05555937,0.9392416
-0.06495623,-0.3300991,0.06059846,0.9397569
-0.07079332,-0.3322483,0.06097496,0.9385528
-0.07557033,-0.3354053,0.06434233,0.9368311
-0.08031809,-0.3329565,0.06292661,0.9374056
-0.08355072,-0.3340989,0.07336305,0.9359568
-0.09567021,-0.3346131,0.0711207,0.9347851
-0.09441329,-0.3343717,0.06654449,0.9353361
-0.09603237,-0.3302572,0.06537649,0.9367145
-0.09751359,-0.325417,0.06456013,0.9383107
-0.09479182,-0.3268122,0.060252,0.9383912
-0.09161767,-0.3292504,0.05934701,0.9379117
-0.08471172,-0.3307897,0.05327769,0.9383835
-0.07550763,-0.333328,0.04876442,0.9385164
-0.06868527,-0.3391925,0.05677895,0.9364864
-0.07355741,-0.340879,0.06137148,0.9352136
-0.07594727,-0.3462067,0.06699214,0.9326762
-0.07614868,-0.3588112,0.06139631,0.9282707
-0.07252251,-0.3677674,0.05780341,0.9252816
-0.06767078,-0.3694428,0.05672435,0.9250486
-0.06752567,-0.3702255,0.05677123,0.9247434
-0.06961841,-0.37175,0.05628303,0.9240062
-0.07114975,-0.3746606,0.05244865,0.9229389
-0.07197438,-0.3760812,0.05227941,0.9223066
-0.0713566,-0.3767305,0.04803102,0.9223207
-0.07137217,-0.3740228,0.04498514,0.9235743
-0.07317749,-0.3738268,0.04003358,0.9237401
-0.07606554,-0.3730176,0.04089455,0.9237962
-0.08648348,-0.3732548,0.0445591,0.9226137
-0.0947494,-0.3672461,0.04970712,0.9239492
-0.1016187,-0.3632355,0.05084687,0.9247423
-0.1053249,-0.363087,0.05472887,0.9241641
-0.1209337,-0.3688332,0.05445499,0.9199847
-0.1313535,-0.3673058,0.06235808,0.9186643
-0.1406643,-0.3614155,0.06830573,0.919199
-0.1474818,-0.354484,0.0701317,0.9206908
-0.1523196,-0.3490184,0.07106,0.9219195
-0.1514817,-0.3414225,0.07166965,0.92485
-0.1466619,-0.342025,0.06782329,0.925694
-0.1386451,-0.3385669,0.06884408,0.9281221
-0.1274158,-0.3368617,0.07049186,0.9302259
-0.1146437,-0.3264951,0.07428473,0.9352751
-0.1003272,-0.3089127,0.07058468,0.9431464
-0.08707257,-0.2790266,0.06813359,0.9538974
-0.07243712,-0.2494022,0.06629654,0.9634086
-0.06417131,-0.244699,0.05998955,0.9656115
-0.05160283,-0.2309705,0.06413654,0.9694722
-0.03873709,-0.2202083,0.05998013,0.9728361
-0.02936915,-0.2084294,0.06064311,0.9757137
-0.02565002,-0.197211,0.06110493,0.9781186
-0.02385859,-0.192387,0.06630463,0.9787859
-0.0224234,-0.1897054,0.06761284,0.9792536
-0.01930935,-0.1865073,0.06207043,0.9803007
-0.01676147,-0.1892895,0.06243913,0.9797907
-0.01600558,-0.1977011,0.06415324,0.9780298
-0.02184053,-0.2006798,0.07294964,0.9766929
-0.02249828,-0.2094555,0.07523018,0.9746602
-0.02380205,-0.2111765,0.07003366,0.9746452
-0.0245652,-0.2129501,0.06685502,0.9744635
-0.02094397,-0.2144493,0.06309775,0.9744699
-0.01631233,-0.2106179,0.06071407,0.9755449
-0.01211481,-0.2037516,0.05682927,0.9772968
-0.005827036,-0.1899115,0.04412916,0.9807916
0.003297196,-0.1747264,0.027983,0.9842138
0.01992249,-0.1491641,0.01237106,0.9885343
0.04606187,-0.1203667,-0.01092522,0.9916001
0.07133835,-0.09987339,-0.02737241,0.9920619
0.1008562,-0.06713163,-0.04906837,0.99142
0.120928,-0.05323736,-0.0514783,0.989895
0.1372508,-0.02544892,-0.07245722,0.9875548
0.1482391,-0.02104844,-0.07748228,0.9856868
0.1560243,-0.003871685,-0.08790503,0.9838262
0.1571634,0.003925198,-0.08813079,0.9836245
0.1681809,-0.01055712,-0.08423935,0.9820934
0.1777066,-0.04005273,-0.0771834,0.980234
0.1815026,-0.06708971,-0.07514546,0.9782171
0.1764333,-0.1015262,-0.06400983,0.9769681
0.1720061,-0.1369439,-0.05383567,0.9740441
0.1596407,-0.1774607,-0.04682768,0.9699638
0.1467467,-0.2163393,-0.04288305,0.9642736
0.13683,-0.244378,-0.04086629,0.9591073
0.1345186,-0.2692012,-0.03446446,0.9530202
0.131146,-0.2850251,-0.02810169,0.9490899
0.1287173,-0.2961988,-0.02401923,0.9461084
0.1266531,-0.3027669,-0.01754426,0.9444488
0.123086,-0.3038569,-0.0178723,0.9445641
0.1209167,-0.3016492,-0.01461507,0.9456073
0.1201805,-0.297186,-0.01125983,0.9471591
0.1221068,-0.2891042,-0.01506662,0.9493585
0.1176746,-0.2812128,-0.01139483,0.9523351
0.110591,-0.270849,0.003108148,0.956243
0.112998,-0.2552584,-0.0004607514,0.9602471
0.1082851,-0.2425159,-0.0081378,0.9640509
0.1038536,-0.2260792,-0.01656999,0.9684153
0.1008301,-0.2133478,-0.02493458,0.9714392
0.09965582,-0.2032868,-0.02972577,0.9735808
0.0953579,-0.2006701,-0.02593867,0.9746618
0.09467199,-0.1966899,-0.02588366,0.9755411
0.09202947,-0.1899217,-0.0270497,0.9771022
0.09085585,-0.1864325,-0.02814459,0.9778527
0.09400104,-0.1772215,-0.03808547,0.9789309
0.0871775,-0.1833461,-0.04415189,0.9781795
0.08602762,-0.1769572,-0.04727924,0.979311
0.08596873,-0.1703616,-0.04791456,0.9804543
0.08693133,-0.1634069,-0.05138913,0.9813767
0.08823992,-0.154582,-0.0574217,0.9823547
0.09723731,-0.1419922,-0.06752986,0.9827629
0.1007444,-0.1296367,-0.07372206,0.9836717
0.1047113,-0.1146622,-0.07833563,0.9847597
0.1059505,-0.09356377,-0.08168781,0.9865837
0.110516,-0.07295004,-0.08028802,0.9879364
0.1076462,-0.06551088,-0.07091951,0.9894903
0.1040438,-0.06515553,-0.06058517,0.9905852
0.09517222,-0.05510308,-0.04763587,0.9927924
0.08149247,-0.02908773,-0.02841775,0.9958439
0.06690476,-0.01295536,-0.01118343,0.9976125
0.0513216,-0.01248165,0.0003583296,0.9986041
0.03854909,-0.01257905,0.009751194,0.99913
0.02926777,-0.01493509,0.01259144,0.9993808
0.02653016,-0.01539841,0.009537207,0.9994839
0.02469466,-0.01641439,0.002524721,0.9995571
0.02413063,-0.01523527,-0.003371773,0.9995871
0.02333242,-0.01851051,-0.007157539,0.9995307
0.02066318,-0.01584799,-0.006412597,0.9996403
0.02023724,-0.008580846,0.001318074,0.9997575
0.02230533,-0.009969695,-0.001455455,0.9997004
0.02142281,-0.01502163,0.0004533213,0.9996575
0.02444045,-0.008117226,-0.002852271,0.9996642
0.0262864,0.007232332,-0.0193334,0.9994413
0.0316075,0.02493685,-0.03149989,0.9986926
0.04545126,0.05756519,-0.05981836,0.995511
0.0552451,0.08702789,-0.08349376,0.9911625
0.06543272,0.123781,-0.1033382,0.9847425
0.08237433,0.1273371,-0.1274333,0.9801838
0.08413808,0.1284088,-0.1365478,0.9786657
0.08344816,0.1291699,-0.1449076,0.9774217
0.08214143,0.1292871,-0.1475838,0.9771165
0.07720313,0.1294021,-0.1548844,0.9763737
0.07109855,0.1295318,-0.164861,0.9751858
0.06940649,0.129986,-0.1724908,0.9739267
0.06854491,0.1300981,-0.1751302,0.9735016
0.06763867,0.1303655,-0.179613,0.9727122
0.06710447,0.1307174,-0.1844366,0.9717988
0.06802329,0.1309937,-0.1858659,0.9714255
0.06933149,0.1315693,-0.1897999,0.970494
0.06654392,0.1315611,-0.1947189,0.9697155
0.06181353,0.1312977,-0.2009188,0.9687991
0.05657775,0.1312703,-0.2117702,0.9668094
0.05362603,0.1311583,-0.2172802,0.9657696
0.05262969,0.1310411,-0.2182514,0.9656214
0.05582393,0.1316885,-0.2184447,0.9653102
0.05759721,0.1318996,-0.2168465,0.9655375
0.05900156,0.1320757,-0.2157345,0.9656777
0.06054112,0.1322418,-0.2142596,0.9658881
0.06088438,0.1325231,-0.2166706,0.9652899
0.06397556,0.1327242,-0.2123848,0.9660145
0.06273039,0.1324793,-0.2122725,0.9661545
0.06221085,0.1324182,-0.212682,0.9661064
0.0632789,0.1324249,-0.2105427,0.9665046
0.06352333,0.1322346,-0.2079522,0.9670753
0.06595416,0.1324772,-0.2057672,0.9673467
0.06732608,0.1325051,-0.2034314,0.9677423
0.06834632,0.1320961,-0.197178,0.9690202
0.07010881,0.1320902,-0.1939572,0.969545
0.069402,0.1315512,-0.189483,0.9705534
0.06825368,0.1313628,-0.1894725,0.9706622
0.06401768,0.1309226,-0.1923569,0.9704431
0.0644269,0.1302525,-0.1839906,0.972127
0.06539468,0.1295087,-0.1737582,0.9740427
0.06596701,0.129144,-0.1685907,0.9749601
0.06141401,0.1275646,-0.1571758,0.9773696
0.05299621,0.1257007,-0.1468294,0.9797101
0.04951071,0.1248655,-0.1408409,0.9808777
0.04547359,0.1241559,-0.1372533,0.9816716
0.03961046,0.1234901,-0.1378467,0.9819264
0.03721582,0.1232441,-0.1386764,0.9819341
0.03346036,0.122791,-0.1388563,0.9821007
0.03197373,0.1225093,-0.1368275,0.98247
0.02890101,0.1220352,-0.1346607,0.9829234
0.02849059,0.1217583,-0.1294631,0.9836678
0.02629887,0.1212745,-0.1238675,0.9845089
0.0212495,0.1205114,-0.1182778,0.9854115
0.01811576,0.1198276,-0.107129,0.9868315
0.01077099,0.119047,-0.1047938,0.9872841
0.007875682,0.1187351,-0.1034477,0.987491
0.005295178,0.118554,-0.1075794,0.9870884
0.005947535,0.1186097,-0.1069681,0.9871444
0.003295405,0.118356,-0.1080821,0.987066
0.0006602313,0.1180507,-0.1057487,0.9873605
-0.005573302,0.1173819,-0.1022185,0.9877964
-0.009755149,0.1169448,-0.09661103,0.98838
-0.01225283,0.1167046,-0.0931446,0.9887133
-0.01602164,0.1163642,-0.08945662,0.98904
-0.02257981,0.1157231,-0.09183899,0.9887689
-0.03062219,0.1148044,-0.0985103,0.9880171
-0.04077563,0.1135271,-0.1047939,0.987151
-0.0475971,0.1125049,-0.1112091,0.9862605
-0.05240749,0.1116898,-0.1166358,0.9854821
-0.0566572,0.1109115,-0.1216786,0.9847248
-0.05870476,0.1104922,-0.1247412,0.9842686
-0.05868591,0.1105371,-0.1237741,0.9843868
-0.05858591,0.1104903,-0.1251757,0.9842207
-0.05853839,0.1104805,-0.1255582,0.9841759
-0.05894648,0.1105621,-0.1223678,0.9845443
-0.06335647,0.1097687,-0.1258908,0.9839147
-0.06801679,0.1093943,-0.1200775,0.9843718
-0.07153219,0.1099766,-0.1013373,0.9861638
-0.06997205,0.1118683,-0.07233873,0.9886134
-0.0668683,0.1135054,-0.04923458,0.9900612
-0.06328554,0.1149011,-0.02916796,0.9909298
-0.06514595,0.1150675,-0.02482282,0.9909083
-0.06263861,0.1155389,-0.01872439,0.9911491
-0.05788179,0.1157946,-0.01744768,0.9914317
-0.06026465,0.1155441,-0.02031141,0.9912644
-0.05955707,0.1155636,-0.02047943,0.9913015
-0.06198215,0.1153744,-0.02203011,0.9911416
-0.06718697,0.1146259,-0.03038898,0.9906681
-0.07265091,0.1137748,-0.03873749,0.9900892
-0.07841711,0.112514,-0.05125895,0.9892238
-0.07767507,0.1120211,-0.0591989,0.988895
-0.0728959,0.1124691,-0.05849045,0.9892501
-0.06491981,0.1135602,-0.05069154,0.990111
-0.05726049,0.114213,-0.0484633,0.9906199
-0.05188152,0.1145308,-0.04931554,0.9908376
-0.04152095,0.115461,-0.0417514,0.9915653
-0.03473378,0.1162157,-0.02858909,0.9922045
-0.02787222,0.1172399,0.001325989,0.9927115
-0.02210587,0.1186514,0.05672246,0.9910679
-0.02209043,0.1205066,0.1155874,0.9857128
-0.01259529,0.1214941,0.1818347,0.9757134
-0.00600471,0.1218406,0.2298702,0.9655457
0.005583566,0.1200425,0.2635592,0.9571285
-0.0011722,0.1218001,0.2627298,0.9571502
-0.001433887,0.1219891,0.2661546,0.956179
-0.004770048,0.1228184,0.2647188,0.9564606
-0.01316384,0.1247202,0.2584852,0.9578397
-0.01615953,0.1252005,0.2528733,0.9592282
-0.01834763,0.1255744,0.2496509,0.9599838
-0.0191342,0.1255854,0.2461556,0.9608692
-0.0157794,0.1248483,0.2475093,0.9606785
-0.01207846,0.1238967,0.2461957,0.9611926
-0.01473263,0.1241506,0.2377988,0.9632348
-0.01911006,0.1241597,0.216996,0.9680557
-0.01538011,0.1225385,0.1964236,0.9727104
-0.03302042,0.1232709,0.1495738,0.9804803
-0.04079948,0.1218863,0.1057904,0.9860463
-0.02999572,0.1194841,0.06966861,0.9899344
-0.01591055,0.1179541,0.03758733,0.9921799
-0.01242413,0.1174213,0.008689867,0.9929664
-0.01177365,0.1172213,-0.00865679,0.9929984
-0.009602883,0.1171298,-0.02460932,0.9927652
-0.001418919,0.1173449,-0.02760071,0.9927066
-0.0002354961,0.1173863,-0.03066249,0.9926128
0.006516255,0.1175947,-0.03225789,0.9925162
0.01025013,0.1177165,-0.03345263,0.9924306
0.009552177,0.117757,-0.03800661,0.9922689
0.008324561,0.1177594,-0.04147064,0.9921409
0.00868251,0.1178088,-0.0441832,0.9920149
0.01303946,0.1179445,-0.0422535,0.9920351
0.01454647,0.1180345,-0.04413141,0.9919217
0.01416881,0.1180415,-0.04525517,0.9918758
0.009365788,0.1179831,-0.05419538,0.9914913
0.009473937,0.1179544,-0.05196733,0.991613
0.01156978,0.1180011,-0.04896642,0.9917379
0.01105441,0.1179229,-0.04550575,0.9919179
0.004354628,0.1176791,-0.04893125,0.9918358
0.006585869,0.1176639,-0.03870564,0.992277
0.01367,0.1177003,-0.02669845,0.9925961
0.01622228,0.1176444,-0.02080019,0.9927054
0.01726739,0.1175493,-0.01492792,0.9928047
0.01217579,0.1174592,-0.01170164,0.9929341
0.007590078,0.1173841,-0.007052549,0.9930325
0.008429944,0.1173567,-0.003531172,0.9930477
0.01073234,0.11733,-0.001011766,0.9930344
0.01071086,0.1173307,-0.001068287,0.9930345
0.01189864,0.1173244,-0.0008199712,0.993022
0.0161584,0.1173397,-0.002891818,0.9929562
0.0250521,0.1174894,-0.01045439,0.992703
0.04472722,0.1177282,-0.01669444,0.9918976
0.06937309,0.1183291,-0.02664683,0.9901896
0.0875117,0.1187972,-0.03226171,0.9885283
0.1033687,0.1191023,-0.03548102,0.9868488
0.1117096,0.118932,-0.03419178,0.9860056
0.1146366,0.1184128,-0.02984311,0.9858733
0.1138808,0.1177536,-0.02398099,0.9861999
0.1115718,0.1172222,-0.01885455,0.9866384
0.1113266,0.1163333,-0.01071974,0.9868931
0.1041024,0.1161555,-0.007039958,0.9877353
0.09219838,0.1167635,-0.01012849,0.9888191
0.08443539,0.1172106,-0.01353298,0.9894186
0.07774493,0.1173015,-0.01338943,0.9899579
0.07309503,0.1171655,-0.01064198,0.9903616
0.06761398,0.1172196,-0.01027889,0.9907482
0.0625418,0.1174875,-0.01356063,0.9910102
0.06433555,0.1182761,-0.02602752,0.9905525
0.07596608,0.1194683,-0.04129321,0.9890659
0.09097081,0.1214596,-0.06064496,0.9865566
0.1169088,0.1252955,-0.08698399,0.9813598
0.1497249,0.1330719,-0.1272834,0.9714285
0.1862539,0.1444775,-0.1703106,0.9567811
0.214144,0.1515614,-0.1874165,0.9465973
0.221111,0.153469,-0.1916756,0.9438314
0.226366,0.154932,-0.1948326,0.9416978
0.2269638,0.1563093,-0.1997997,0.9402845
0.238295,0.1617546,-0.2141413,0.933378
0.2427631,0.1623118,-0.2138517,0.9321955
0.2417161,0.1621083,-0.2136607,0.9325466
0.242015,0.1634793,-0.2183209,0.9311494
0.2384032,0.1615815,-0.2134681,0.9335345
0.2345308,0.160058,-0.2099483,0.9355739
0.2325873,0.1577713,-0.2025209,0.9380813
0.228003,0.1559411,-0.1978925,0.9404975
0.2270595,0.1552922,-0.1958784,0.9412544
0.2275318,0.1552593,-0.1955269,0.9412189
0.2301264,0.1558481,-0.1965239,0.9402827
0.23476,0.1565514,-0.1969791,0.9389242
0.2380714,0.1573813,-0.1984962,0.9376312
0.2391675,0.1564289,-0.1945413,0.9383403
0.2378891,0.1539592,-0.1860458,0.9407935
0.2355509,0.1531371,-0.1839617,0.941925
0.2441574,0.1583023,-0.1990577,0.9357903
0.2509485,0.1601856,-0.2026335,0.9329015
0.2541903,0.1610054,-0.2040138,0.9315808
0.256868,0.1612193,-0.2035791,0.9309043
0.2610835,0.1627612,-0.2068968,0.9287292
0.2572982,0.1634949,-0.2109885,0.9287362
0.2526054,0.1614079,-0.2060798,0.9314876
0.2528568,0.1620928,-0.2082924,0.930808
0.2546683,0.1632674,-0.2114269,0.929401
0.255497,0.1631643,-0.2107024,0.9293563
0.2581073,0.1650828,-0.2158707,0.9271073
0.2542271,0.1620155,-0.207414,0.9306443
0.252,0.1618395,-0.2078208,0.9311898
0.2504966,0.1617886,-0.208334,0.9314896
0.2492761,0.1629794,-0.2129803,0.9305582
0.2527085,0.1645404,-0.2166239,0.9285144
0.2517741,0.1649108,-0.2183236,0.9283044
0.2504338,0.1649135,-0.2189933,0.9285087
0.2471153,0.1640537,-0.2177178,0.9298491
0.2460902,0.1610794,-0.2079334,0.9328755
0.244199,0.1611448,-0.2090585,0.9331098
0.2391574,0.1593077,-0.204951,0.9356387
0.242456,0.1603205,-0.2069882,0.9341671
0.2486389,0.1594426,-0.2010803,0.9339826
0.248052,0.1611384,-0.2072241,0.9325035
0.2466934,0.1640432,-0.2178933,0.9299219
0.2454221,0.1674398,-0.2301746,0.9266884
0.2469696,0.1670377,-0.2279718,0.9268944
0.2449828,0.166831,-0.2283376,0.9273687
0.2406093,0.1659276,-0.2276147,0.9288524
0.232613,0.163725,-0.2242741,0.9320871
0.2231699,0.1597255,-0.2147865,0.9373098
0.2076237,0.1555046,-0.2070451,0.9433149
0.1967486,0.1493745,-0.1871245,0.950769
0.1827723,0.1427978,-0.1640227,0.9588011
0.1556692,0.13869,-0.1571781,0.9653119
0.1359545,0.1329827,-0.1337097,0.9726015
0.1217649,0.1281189,-0.1068816,0.978435
0.1069842,0.1253726,-0.09164425,0.9820577
0.0845673,0.1223148,-0.07216869,0.986245
0.06888503,0.12085,-0.06171314,0.988353
0.06261867,0.1199993,-0.05253588,0.9894034
0.06039643,0.1190845,-0.03923595,0.9902685
0.05580283,0.118674,-0.03358829,0.9907948
0.05344241,0.1186993,-0.03461643,0.9908864
0.05254325,0.1181485,-0.02471313,0.9912968
0.0492992,0.1179442,-0.02105076,0.9915723
0.05282412,0.117943,-0.0208595,0.9913949
0.05227019,0.1176945,-0.01616101,0.9915416
0.0494483,0.1176119,-0.01437542,0.9917236
0.05186408,0.1174978,-0.01234347,0.9916411
0.04933603,0.1176073,-0.01427528,0.9917311
0.05290418,0.1177461,-0.01716554,0.9914849
0.05054018,0.1176952,-0.0160968,0.9916322
0.04889592,0.1176453,-0.01502093,0.9917374
0.04270949,0.1176877,-0.0157967,0.9920061
0.04316816,0.1174145,-0.009467524,0.9920991
0.03687264,0.1172619,-0.004446289,0.9924062
0.03290682,0.1172494,-0.003087066,0.9925523
0.03344291,0.116982,0.005073269,0.9925578
0.03405792,0.1169276,0.006440174,0.9925354
0.03164288,0.1169721,0.006379951,0.9926105
0.02821204,0.1170821,0.004392678,0.9927118
0.03043017,0.1171961,-0.0006124361,0.9926423
0.03109905,0.1171132,0.001925187,0.9926296
0.03202245,0.1172635,-0.003302679,0.9925789
0.03266484,0.1172574,-0.003274831,0.9925588
0.03484044,0.1169391,0.005657846,0.9925117
0.03902335,0.1168505,0.005975586,0.9923645
0.03917491,0.1171287,-0.001499004,0.9923427
0.04513077,0.1170952,-0.002537272,0.9920915
0.05163427,0.1172662,-0.007783,0.9917268
0.05853789,0.1173616,-0.01083791,0.9913032
0.06343096,0.1177037,-0.01710812,0.9908732
0.06746893,0.1177811,-0.01863413,0.9905697
0.06693008,0.117642,-0.01650901,0.9906604
0.06671382,0.1178224,-0.01919213,0.9906053
0.06577855,0.117653,-0.01654977,0.9907357
0.06567091,0.1174368,-0.01322643,0.9908184
0.06298337,0.1173641,-0.01164514,0.9910212
0.05558454,0.1171778,-0.006974345,0.9915296
0.05599223,0.1171333,-0.006258948,0.9915167
0.05158767,0.1171256,-0.004995747,0.9917638
0.05127992,0.1171277,-0.004956419,0.9917796
0.05132801,0.1170366,-0.003150839,0.9917954
0.05125002,0.1170734,-0.003863663,0.9917924
0.05161965,0.1168086,0.001320054,0.9918111
0.04764006,0.1167018,0.005279855,0.9920096
0.04285935,0.1164457,0.01410924,0.9921715
0.03555998,0.1163251,0.02405411,0.9922829
0.02789147,0.1163538,0.0339708,0.9922348
0.01759679,0.1166095,0.04721657,0.9918987
0.007108601,0.1171241,0.06059527,0.9912415
-0.001210121,0.1177461,0.07465228,0.990233
-0.005415778,0.1182227,0.08682108,0.9891694
-0.01057147,0.1187306,0.09111053,0.988681
-0.007537764,0.1184614,0.09051041,0.9887962
-0.009212454,0.118552,0.08783902,0.9890121
-0.006709362,0.1182593,0.08255576,0.9895222
-0.002663815,0.1178663,0.07608312,0.990107
0.004129632,0.1173526,0.07359198,0.9903513
0.00589332,0.1172228,0.07323529,0.9903841
0.006874239,0.1171489,0.07191484,0.9904832
0.008346976,0.1170424,0.07156294,0.99051
0.0114259,0.1168172,0.07196469,0.9904767
0.01064077,0.1168751,0.07189178,0.990484
0.01261152,0.1167215,0.0740516,0.9903198
0.01102912,0.1168425,0.07361101,0.9903573
0.01424547,0.1165888,0.07554916,0.9902002
0.0138244,0.1166293,0.07396668,0.9903208
0.01442929,0.1165663,0.07708058,0.9900821
0.01780673,0.1163227,0.07388692,0.9902993
0.02321875,0.1158765,0.07530133,0.9901329
0.03135799,0.1151775,0.07654294,0.989895
0.03653211,0.1147006,0.07770608,0.9896823
0.04327923,0.1139278,0.08283809,0.989083
0.04808427,0.1133003,0.08723371,0.9885551
0.05069163,0.1128858,0.09099431,0.9881332
0.05360833,0.1123531,0.09628686,0.9875382
0.06323174,0.1108932,0.1033723,0.9864171
0.0752924,0.1095955,0.09991036,0.9860718
0.08905534,0.1090906,0.08376539,0.9864845
0.09586114,0.1111116,0.05118086,0.9878489
0.1155521,0.1111553,0.03477748,0.9864495
0.1328605,0.1097693,0.03501509,0.9844149
0.1435231,0.1083938,0.03854415,0.9829376
0.1507184,0.1066821,0.04594142,0.9817292
0.1502875,0.1064967,0.04754664,0.981739
0.1533281,0.1058707,0.04972969,0.9812282
0.1514454,0.106451,0.04704648,0.9815901
0.1540325,0.106154,0.04728095,0.9812083
0.1491831,0.1068729,0.04567011,0.9819556
0.1320017,0.1101997,0.0321356,0.9845805
0.1301266,0.1105878,0.03018221,0.9848484
0.1257424,0.1117653,0.02309292,0.9854766
0.117071,0.1141184,0.007201522,0.9865189
0.1057974,0.1169941,-0.01558804,0.9873582
0.1025883,0.1192393,-0.03678908,0.9868659
0.1072023,0.1214029,-0.05653776,0.9851764
0.1158539,0.1239567,-0.07648787,0.9825284
0.1237314,0.1258753,-0.08912581,0.9802563
0.1305084,0.1274982,-0.0986498,0.9782535
0.134937,0.1288198,-0.1061888,0.976689
0.1395022,0.12967,-0.1100934,0.975502
0.1408753,0.1303791,-0.1141924,0.9747387
0.1436716,0.1307804,-0.1156205,0.9741083
0.1450529,0.1312912,-0.1182922,0.9735138
0.1448915,0.1315469,-0.1199786,0.9732969
0.1476129,0.1315883,-0.1190785,0.972993
0.1491082,0.1313365,-0.1169094,0.973062
0.1520987,0.1310254,-0.1138598,0.9730027
0.1511476,0.1310443,-0.1143272,0.9730935
0.1523008,0.1308371,-0.1126416,0.9731383
0.1522626,0.1296245,-0.1052512,0.9741333
0.15702,0.128234,-0.09548949,0.9745678
0.1691899,0.1266662,-0.08406394,0.9737883
0.1819583,0.1258821,-0.0784156,0.9720575
0.1962224,0.1253028,-0.07471655,0.969646
0.2007828,0.1248746,-0.07254101,0.9689326
0.1976492,0.1241499,-0.06902979,0.969926
0.199058,0.1219155,-0.0581004,0.9706373
0.1967109,0.121497,-0.05588123,0.9712984
0.195504,0.1222359,-0.05949758,0.9712346
0.1965723,0.121249,-0.05463534,0.9714283
0.1948051,0.1207748,-0.05211743,0.9719816
0.1917149,0.1195468,-0.04555226,0.9730771
0.1980245,0.116873,-0.03291979,0.9726475
0.1989647,0.1152572,-0.02500039,0.9728842
0.2030612,0.1121427,-0.01056115,0.9726657
0.1915939,0.1090474,0.009509543,0.9753512
0.1812071,0.1059083,0.03188074,0.9772058
0.1501469,0.1059386,0.0515836,0.9816171
0.1166241,0.1045813,0.09553878,0.9830229
0.08360803,0.1052321,0.1482643,0.9797722
0.05062326,0.109019,0.208374,0.970635
0.03857909,0.1110523,0.266272,0.9567018
0.01369863,0.1183734,0.2878426,0.9502351
0.006631644,0.1206063,0.293006,0.94845
0.01215822,0.11893,0.2920569,0.9488996
0.01772393,0.1172633,0.2922478,0.9489607
0.02558515,0.114897,0.2937188,0.9486166
0.03270983,0.11272,0.2988759,0.9470466
0.03904805,0.1107067,0.3017923,0.9461187
0.03977355,0.1104744,0.3017371,0.9461333
0.0417184,0.1098472,0.3021781,0.9459818
0.03860708,0.1108517,0.3006612,0.9464799
0.03675318,0.1114435,0.2997951,0.9467589
0.03465375,0.1121076,0.2985637,0.9471487
0.03106106,0.1132357,0.2983713,0.9471997
0.02636258,0.1146808,0.2960443,0.9478982
0.02315047,0.1157045,0.2985613,0.9470679
0.01913786,0.1171106,0.3073539,0.9441676
0.01304598,0.1193514,0.3187115,0.940217
0.008438256,0.1211657,0.3276181,0.9369707
-0.001629464,0.1246768,0.330457,0.9355485
-0.007636856,0.1270785,0.337523,0.9326686
-0.01507878,0.129907,0.3419811,0.930562
-0.01799978,0.131269,0.347157,0.9283999
-0.01520393,0.1307043,0.3534366,0.9261575
-0.01499296,0.1306626,0.3539455,0.9259724
-0.01480547,0.1305219,0.3528458,0.9264149
-0.01629288,0.1310531,0.3528247,0.9263229
-0.01629638,0.1311777,0.3546267,0.9256169
-0.01978008,0.1321996,0.3514485,0.9266152
-0.02158478,0.1327388,0.3500829,0.9270148
-0.02346528,0.1333533,0.3494451,0.9271215
-0.02379237,0.1334455,0.3491464,0.9272125
-0.02623252,0.1340968,0.3465526,0.9280254
-0.02360767,0.1332993,0.3480734,0.9276415
-0.0238316,0.1332964,0.3470033,0.928037
-0.02593414,0.1338891,0.3452162,0.9285617
-0.03571224,0.1371778,0.3443621,0.9280741
-0.04359252,0.1396368,0.342084,0.9282132
-0.0506128,0.1418352,0.3406058,0.9280673
-0.05717773,0.143748,0.3382604,0.9282495
-0.05909676,0.1442522,0.3371719,0.928447
-0.06014391,0.1442449,0.3341438,0.9294752
-0.06327488,0.1451518,0.3332908,0.9294323
-0.06746735,0.1464136,0.3326473,0.9291701
-0.07477696,0.1493159,0.3370567,0.9265559
-0.07350856,0.1496969,0.3430392,0.9243978
-0.06715398,0.14832,0.3487374,0.9229701
-0.06828435,0.1489865,0.3509556,0.9219384
-0.06747091,0.1490057,0.3532586,0.9211152
-0.07141672,0.1502511,0.3524745,0.9209158
-0.07349037,0.1509665,0.3525454,0.9206085
-0.07475431,0.1515456,0.3536333,0.9199941
-0.07524753,0.1510893,0.3490861,0.9217639
-0.07480256,0.1493505,0.337256,0.9264757
-0.0757174,0.1477878,0.3231526,0.9316641
-0.06412192,0.1430607,0.312999,0.936725
-0.04851194,0.1378588,0.3074509,0.9402741