0.03257962,-0.03085884,0.0236303,0.9987131
0.2251424,-0.06476945,-0.02654093,0.9718083
0.2208215,-0.06463719,-0.02575617,0.9728291
0.1815207,-0.06237281,-0.01566517,0.9812821
0.1565553,-0.05958392,-0.009142892,0.9858279
0.1270564,-0.05494877,-0.001432707,0.9903712
0.1237765,-0.05434509,-0.000580952,0.9908207
0.08636363,-0.04625908,0.009254435,0.9951461
0.08096266,-0.04490755,0.01070505,0.9956474
0.07032559,-0.04211998,0.01353094,0.9965425
0.0624444,-0.03994396,0.01562908,0.9971263
0.05917512,-0.03901356,0.01650213,0.9973484
0.05557221,-0.03797001,0.01746409,0.9975796
0.06156219,-0.03969923,0.01584251,0.9971876
0.0908056,-0.04733022,0.008109331,0.9947103
0.08131188,-0.04499636,0.01061111,0.995616
0.09328215,-0.04791828,0.007443638,0.994458
0.09023684,-0.04719602,0.008248717,0.9947672
0.08237963,-0.04526471,0.01033514,0.995519
0.05423988,-0.03758015,0.01781669,0.9976615
0.08620528,-0.04621753,0.009315757,0.9951611
0.08463713,-0.04583016,0.009730945,0.9953097
0.08475131,-0.04585839,0.009701641,0.9952989
0.07585356,-0.0435909,0.01205741,0.9960927
0.07774106,-0.04408161,0.01155988,0.9959315
0.07913185,-0.04444084,0.01118669,0.9958103
0.1039332,-0.05033078,0.004631257,0.9932992
0.1312935,-0.0557018,-0.002557131,0.9897741
0.138807,-0.05696563,-0.004515622,0.9886695
0.143802,-0.05775486,-0.005819434,0.9879026
0.1430595,-0.05764013,-0.005625917,0.9880182
0.140535,-0.0572433,-0.004966784,0.988407
0.1353714,-0.05639915,-0.003617753,0.9891818
0.1277775,-0.05507885,-0.001631962,0.990271
0.1155799,-0.05276342,0.001568339,0.9918945
0.1102314,-0.05167282,0.002975642,0.9925573
0.1186173,-0.05336239,0.0007711044,0.9915048
0.1188561,-0.05340879,0.0007082438,0.9914737
0.1089317,-0.0514011,0.003315423,0.9927139
0.09695561,-0.04877029,0.006473995,0.994072
0.08327721,-0.04549115,0.01009146,0.9954364
0.06300908,-0.04010057,0.01548255,0.9970869
0.006430469,-0.02186852,0.03064289,0.9992704
-0.07153978,0.01034161,0.05208233,0.9960234
-0.1111471,0.02940669,0.06318055,0.9913576
-0.1047985,0.02624835,0.06139765,0.9922493
-0.08165665,0.01507531,0.05493084,0.9950314
-0.05263912,0.001873222,0.04688019,0.9975109
-0.0193719,-0.01203965,0.03772916,0.9990277
-0.006671244,-0.01697821,0.03426313,0.9992464
-0.001529735,-0.01892086,0.03285459,0.9992799
0.008577506,-0.02262165,0.03012357,0.9992533
0.03668908,-0.03218642,0.02252498,0.9985542
0.03825892,-0.0326882,0.02209964,0.9984885
0.02380172,-0.02794088,0.02599915,0.9989879
0.03544148,-0.03178756,0.02285537,0.9986046
0.02631047,-0.0287868,0.02531931,0.9989184
0.01245815,-0.02401017,0.02906528,0.9992115
0.01610318,-0.02529384,0.02807633,0.9991559
0.01808232,-0.02598225,0.02754189,0.9991193
0.02621216,-0.02875384,0.02534582,0.9989213
0.0275216,-0.02919149,0.02499261,0.9988824
0.02967964,-0.02990726,0.02441123,0.9988136
0.03013068,-0.03005611,0.02428974,0.9987986
0.02768751,-0.02924671,0.02494804,0.9988772
0.02173936,-0.02724114,0.02655174,0.9990397
0.008489689,-0.02259335,0.03013882,0.9992542
-0.004804078,-0.0176872,0.03375264,0.9992622
-0.02010909,-0.01174647,0.0379309,0.999009
-0.02549739,-0.009581888,0.03940716,0.9988519
-0.02890309,-0.008193661,0.04034363,0.9987341
-0.0121455,-0.01488377,0.03573902,0.9991764
-0.009346951,-0.01595633,0.03499033,0.9992166
-0.02129697,-0.01127344,0.03825438,0.9989774
-0.03769501,-0.004546378,0.04275735,0.9983637
-0.05228232,0.001715628,0.04677935,0.9975345
-0.06262606,0.006310049,0.04964336,0.9967816
-0.07030563,0.009800279,0.05177519,0.9961327
-0.07213029,0.01063868,0.05228153,0.9959672
-0.07546787,0.01218237,0.05320954,0.995653
-0.07652146,0.01267242,0.05350279,0.9955508
-0.07800862,0.01336577,0.05391673,0.9954039
-0.07578231,0.01232867,0.05329729,0.9956226
-0.07812391,0.01341978,0.05394886,0.9953924
-0.08398859,0.01617828,0.0555828,0.9947838
-0.08652385,0.01738167,0.05628949,0.9945064
-0.08263835,0.0155401,0.05520663,0.994928
-0.08312342,0.01577141,0.05534479,0.9948763
-0.06610823,0.007884133,0.05060912,0.9964969
-0.03554221,-0.005454169,0.04215554,0.9984637
0.01119779,-0.02357198,0.0293803,0.9992276
0.03244641,-0.0308127,0.02367363,0.9987178
0.01792256,-0.02592709,0.02758441,0.9991224
0.02218772,-0.02739358,0.02643209,0.9990289
0.0217127,-0.02723035,0.02656326,0.9990402
0.00452723,-0.02115841,0.03120912,0.9992787
-0.01063713,-0.01545968,0.03534234,0.999199
-0.01404432,-0.01413748,0.03627271,0.9991432
-0.02274461,-0.01069354,0.03865059,0.9989367
-0.03297896,-0.006515725,0.04146019,0.9985745
-0.03834299,-0.004273919,0.04293552,0.9983327
-0.04293778,-0.002325563,0.0442007,0.9980968
-0.04295298,-0.002320186,0.04420309,0.998096
-0.03822977,-0.004321351,0.04290463,0.9983381
-0.0355471,-0.005446787,0.04216629,0.9984632
-0.02483918,-0.009850298,0.03922294,0.9988732
-0.01081486,-0.01538915,0.03539493,0.9991964
0.001605928,-0.02008221,0.03201016,0.9992845
0.02620186,-0.02875039,0.02534861,0.9989216
0.04608487,-0.03512883,0.02000559,0.9981193
0.05108751,-0.03664376,0.01866392,0.9978471
0.05173333,-0.03683671,0.01849076,0.9978101
0.04710856,-0.03544249,0.01972874,0.9980659
0.03921694,-0.03299094,0.02184552,0.998447
0.02427847,-0.02810338,0.02586655,0.9989753
0.004225119,-0.02104363,0.03130085,0.9992796
-0.02623152,-0.009284382,0.03960821,0.9988277
-0.05818367,0.004325485,0.04841857,0.9971217
-0.06025067,0.005238938,0.04897727,0.9969673
-0.04567241,-0.001153281,0.04495539,0.9979438
-0.04611696,-0.0009621347,0.04507768,0.997918
-0.02922853,-0.008060214,0.04043301,0.9987221
-0.0277227,-0.008677419,0.0400172,0.9987766
-0.0297824,-0.007834386,0.04058256,0.9987015
-0.02567175,-0.009511445,0.03945465,0.9988462
-0.02529944,-0.009662362,0.03935241,0.9988583
-0.02347206,-0.0104,0.03885184,0.9989151
-0.02503048,-0.00977112,0.03927906,0.9988669
-0.02976194,-0.007842921,0.04057676,0.9987023
-0.030155,-0.007682071,0.04068352,0.9986874
-0.0260235,-0.009367811,0.0395529,0.9988346
-0.03839097,-0.004253824,0.04294834,0.9983304
-0.05636602,0.003514984,0.04790954,0.9972538
-0.07632744,0.01258355,0.05345087,0.9955696
-0.09316606,0.02056953,0.05814783,0.9937383
-0.1196338,0.03367643,0.06555675,0.9900787
-0.139283,0.0438166,0.07109846,0.9867246
-0.1426715,0.04559382,0.07205378,0.9860904
-0.1396254,0.04399758,0.07119674,0.986661
-0.1539471,0.05156675,0.07523682,0.9838601
-0.1653753,0.05771037,0.07847289,0.9814084
-0.1600693,0.05484962,0.07697166,0.9825704
-0.1576193,0.05353578,0.07628002,0.9830928
-0.1483068,0.04857817,0.07365498,0.9849976
-0.115514,0.03159909,0.06440663,0.9907117
-0.0718179,0.01049015,0.05218717,0.9959962
-0.02305276,-0.01057109,0.03873042,0.9989278
0.01379096,-0.02448247,0.02870085,0.9991931
0.03461837,-0.0315205,0.02308176,0.9986367
0.06115536,-0.03958243,0.01595725,0.9972154
0.0970872,-0.04879913,0.006446942,0.9940579
0.1151284,-0.05267294,0.001688665,0.9919516
0.13387,-0.05614556,-0.003225184,0.9894019
0.1443266,-0.05783538,-0.005956168,0.9878206
0.1480097,-0.05838805,-0.006916835,0.9872366
0.1445631,-0.05787224,-0.006009702,0.9877835
0.1744484,-0.06169441,-0.01379113,0.9826348
0.1799738,-0.06223753,-0.01522249,0.9815825
0.1902526,-0.06310853,-0.0178923,0.9795412
0.1955089,-0.06348645,-0.01924353,0.9784557
0.1930003,-0.06331262,-0.01859536,0.9789773
0.197238,-0.06360002,-0.01969066,0.9780923
0.1995579,-0.0637442,-0.02029022,0.9776
0.2052531,-0.06405874,-0.02176158,0.9763679
0.2063267,-0.06411196,-0.02203833,0.9761318
0.2045546,-0.06402328,-0.02158105,0.9765207
0.201816,-0.06387566,-0.0208735,0.9771154
0.2031003,-0.06394646,-0.02120535,0.9768375
0.2026395,-0.06392147,-0.02108625,0.9769375
0.2010806,-0.06383381,-0.02068362,0.9772738
0.2028034,-0.0639305,-0.02112842,0.9769019
0.2080097,-0.06419099,-0.02247318,0.9757594
0.2097821,-0.06426919,-0.02293007,0.9753641
0.2169631,-0.06452951,-0.02478188,0.9737294
0.2183868,-0.0645704,-0.02514949,0.9733988
0.2181895,-0.06456478,-0.02509861,0.9734448
0.2188917,-0.06458397,-0.02527958,0.9732813
0.2142185,-0.06444067,-0.02407436,0.9743605
0.2139072,-0.06442958,-0.0239944,0.9744315
0.2145345,-0.06445147,-0.02415616,0.9742882
0.2125188,-0.0643789,-0.02363617,0.9747474
0.2113943,-0.0643354,-0.02334609,0.9750018
0.2104082,-0.06429535,-0.0230918,0.9752237
0.2099889,-0.06427776,-0.02298348,0.9753178
0.2122371,-0.06436822,-0.02356354,0.9748113
0.2120899,-0.06436256,-0.02352549,0.9748445
0.2114849,-0.06433898,-0.02336949,0.9749812
0.2120128,-0.06435949,-0.02350569,0.974862
0.2104642,-0.06429775,-0.02310608,0.9752111
0.2127895,-0.06438901,-0.02370596,0.974686
0.2120101,-0.06435945,-0.02350498,0.9748626
0.2127554,-0.06438775,-0.02369723,0.9746937
0.2126371,-0.06438331,-0.02366669,0.9747205
0.2126133,-0.06438238,-0.0236606,0.9747258
0.2144678,-0.06444918,-0.0241389,0.9743034
0.2155367,-0.06448489,-0.02441451,0.9740583
0.2168423,-0.0645257,-0.02475123,0.9737574
0.2168067,-0.06452455,-0.02474221,0.9737656
0.2147778,-0.06445978,-0.02421882,0.9742325
0.2158853,-0.06449614,-0.02450441,0.973978
0.2144569,-0.06444865,-0.02413611,0.9743059
0.2092027,-0.06424431,-0.02278006,0.9754937
0.2038186,-0.06398405,-0.02139414,0.9766812
0.2001836,-0.06378143,-0.02045174,0.9774662
0.199128,-0.06371818,-0.0201792,0.9776917
0.200299,-0.06378812,-0.02048244,0.9774415
0.1952388,-0.06346827,-0.01917376,0.9785121
0.1969213,-0.0635794,-0.01960912,0.9781591
0.1973359,-0.06360622,-0.01971614,0.9780716
0.1984255,-0.06367429,-0.02000023,0.977841
0.1728272,-0.06152455,-0.01337549,0.9829378
0.1435231,-0.05771184,-0.005748378,0.987946
0.1191227,-0.05346052,0.000638444,0.991439
0.1113043,-0.0518953,0.002693268,0.9924268
0.1148312,-0.05261345,0.001764884,0.9919891
0.1234873,-0.05429177,-0.0005058884,0.9908597
0.1129351,-0.05222987,0.00226376,0.9922261
0.08517206,-0.04596348,0.009585821,0.9952594
0.05778817,-0.03861394,0.01687432,0.997439
0.04011418,-0.03327438,0.02160422,0.9984071
0.02923334,-0.02975988,0.02453143,0.9988282
0.02949149,-0.02984467,0.02446324,0.9988198
0.01760872,-0.02582311,0.02765634,0.9991287
0.02554906,-0.02853436,0.02551686,0.9989404
0.04973442,-0.03623799,0.01902552,0.9979235
0.06117724,-0.03958489,0.01596883,0.9972138
0.05982217,-0.03919914,0.0163285,0.9973055
0.05520333,-0.03786207,0.01756266,0.9976025
0.05437353,-0.03761847,0.01778451,0.9976533
0.0612185,-0.03959725,0.01595478,0.997211
0.06999428,-0.04203019,0.01361983,0.9965685
0.06628449,-0.041016,0.0146058,0.9968504
0.06254356,-0.03997178,0.01560318,0.9971194
0.05825031,-0.03874766,0.01674838,0.9974092
0.0544779,-0.0376491,0.01775682,0.9976469
0.05505134,-0.03781749,0.01760339,0.9976118
0.0580161,-0.03868,0.01681128,0.9974244
0.05249043,-0.03706215,0.01828739,0.997766
0.04236599,-0.03398033,0.02099954,0.9983034
0.03814418,-0.03265038,0.02213465,0.9984933
0.03094613,-0.03032432,0.02407004,0.998771
0.02037818,-0.02677486,0.02691993,0.9990711
0.01276831,-0.0241205,0.02898009,0.9992074
0.01290037,-0.0241674,0.028944,0.9992056
0.01999354,-0.02664244,0.02702456,0.9990796
0.02915146,-0.02973226,0.02455492,0.9988309
0.03541065,-0.03177635,0.02286782,0.9986057
0.05382332,-0.0374564,0.01793222,0.9976866
0.07695249,-0.043877,0.01176922,0.9959992
0.09608356,-0.04856967,0.006706673,0.9941649
0.1060672,-0.05079255,0.004068728,0.9930525
0.1132356,-0.05229089,0.002186723,0.9921888
0.126682,-0.05488073,-0.001343736,0.9904231
0.1169431,-0.0530343,0.001204852,0.9917209
0.09382275,-0.04804523,0.007300297,0.9944022
0.08425711,-0.04573556,0.009832915,0.9953453
0.07662909,-0.04379283,0.01185508,0.9960269
0.06877352,-0.04169912,0.01394244,0.996663
0.05841751,-0.03879577,0.01670423,0.9973981
0.05685854,-0.03834482,0.01712052,0.9974987
0.0565689,-0.03826064,0.01719783,0.997517
0.06005726,-0.03926619,0.01626655,0.9972897
0.06022913,-0.03931529,0.01622058,0.9972781
0.06298631,-0.04009648,0.01548512,0.9970884
0.06671936,-0.04113596,0.01449039,0.9968181
0.07365442,-0.04301093,0.01264572,0.9962757
0.08040068,-0.04476464,0.01085415,0.9956977
0.09084994,-0.04734242,0.008087948,0.9947057
0.1079094,-0.05118534,0.003585699,0.9928356
0.1732336,-0.06155674,-0.01353616,0.982862
0.2526996,-0.06447524,-0.03396991,0.9647962
0.2626864,-0.06405314,-0.03654677,0.9620588
0.2389839,-0.06476364,-0.03045497,0.9683825
0.2526562,-0.06447607,-0.03397218,0.9648076
0.250881,-0.06453061,-0.0335204,0.9652828
0.2398142,-0.06475563,-0.03066872,0.9681712
0.2362609,-0.06478111,-0.02975401,0.9690711
0.2340845,-0.06478531,-0.02919442,0.9696159
0.2284342,-0.06475826,-0.02773817,0.971007
0.2286298,-0.06476009,-0.02778885,0.9709595
0.2312191,-0.06477877,-0.02845581,0.9703256
0.2325033,-0.06478351,-0.02878665,0.9700086
0.2329666,-0.06478451,-0.02890601,0.9698938
0.2293959,-0.06476668,-0.02798634,0.9707726
0.2277709,-0.06475127,-0.02756761,0.9711683
0.2275477,-0.06474844,-0.02751108,0.9712223
0.2365769,-0.06477962,-0.02983565,0.9689917
0.238316,-0.06476947,-0.03028189,0.9685523
0.2274278,-0.06474736,-0.02747928,0.9712514
0.2229029,-0.06467665,-0.02631356,0.9723368
0.2144146,-0.06444795,-0.0241224,0.9743156
0.1951204,-0.06345947,-0.01914667,0.9785368
0.1744707,-0.06169664,-0.013797,0.9826307
0.1766924,-0.06192097,-0.01437335,0.9822113
0.1809044,-0.06232386,-0.01546447,0.9814022
0.179039,-0.06214915,-0.01498143,0.9817628
0.1762749,-0.06187967,-0.01426484,0.9822905
0.1761583,-0.06186804,-0.01423431,0.9823126
0.1724302,-0.06148317,-0.01326701,0.9830114
0.1561609,-0.05953113,-0.009042572,0.9858945
0.1415518,-0.05740441,-0.00523243,0.9882512
0.1280291,-0.05512414,-0.00169463,0.9902358
0.1245609,-0.05449158,-0.0007898044,0.9907143
0.1179788,-0.05323764,0.0009389576,0.9915875
0.1208758,-0.05379813,0.0001784288,0.9912089
0.1344868,-0.05625022,-0.003386189,0.9893119
0.1414183,-0.05738343,-0.005196683,0.9882717
0.1454167,-0.05800131,-0.006241286,0.9876493
0.1471155,-0.05825583,-0.006684064,0.9873797
0.1504,-0.05873463,-0.007540333,0.9868501
0.1530419,-0.05910691,-0.008227703,0.9864161
0.1464443,-0.0581559,-0.00650988,0.9874865
0.1424196,-0.05754058,-0.005458937,0.9881173
0.1394649,-0.05707198,-0.004685837,0.9885699
0.1271787,-0.05497086,-0.001483981,0.9903542
0.1063339,-0.05084951,0.004002634,0.9930213
0.08735146,-0.04649825,0.009012248,0.995051
0.07220944,-0.04262583,0.01303233,0.996393
0.08266985,-0.04533897,0.01025206,0.9954924
0.1075109,-0.05110109,0.003686,0.9928829
0.09206737,-0.04763184,0.007764692,0.9945826
0.09679902,-0.04873481,0.006512001,0.9940887
0.1234562,-0.05428617,-0.0005119089,0.9908639
0.1254153,-0.05464922,-0.001007166,0.9905975
0.1494066,-0.05859172,-0.007281267,0.9870114
0.1804212,-0.06227535,-0.01535989,0.9814957
0.211674,-0.06434976,-0.02340326,0.9749388
0.1998168,-0.06375931,-0.02035826,0.9775447
0.1793546,-0.06217916,-0.01506303,0.981702
0.1619567,-0.06027669,-0.010555,0.9848986
0.1426555,-0.05757774,-0.005509918,0.9880809
0.1193095,-0.05349696,0.0005768617,0.9914147
0.1258933,-0.05473672,-0.00113719,0.9905319
0.09857522,-0.04913883,0.006052657,0.9938972
0.09767903,-0.0489356,0.0062833,0.9939943
0.08979627,-0.0470906,0.008362949,0.9948111
0.09137581,-0.04746781,0.007947586,0.9946528
0.07557499,-0.04351722,0.01213544,0.9961162
0.08912922,-0.04692948,0.008543207,0.9948772
0.1006026,-0.04959535,0.005511567,0.9936745
0.1170512,-0.0530554,0.001182303,0.991707
0.1344716,-0.05624815,-0.00337941,0.989314
0.178546,-0.06209604,-0.01489647,0.9818571
0.2294573,-0.06477851,-0.02796973,0.9707578
0.2975734,-0.06113639,-0.0455329,0.9516507
0.3343517,-0.05559445,-0.05501455,0.9391973
0.3238218,-0.05742652,-0.05232966,0.9429227
0.282923,-0.0626341,-0.04176045,0.9561839
0.2476224,-0.06462064,-0.03267824,0.9661467
0.20476,-0.06402889,-0.02165825,0.9764757
0.1480061,-0.05838918,-0.006905648,0.9872372
0.1043296,-0.05041762,0.004520721,0.9932537
0.07546727,-0.04348904,0.01216364,0.9961253
0.05828891,-0.0387595,0.01673556,0.9974067
0.0470269,-0.03541699,0.01975285,0.9980701
0.05365219,-0.03740527,0.01797974,0.9976969
0.03703407,-0.03229674,0.0224322,0.9985401
0.04056068,-0.03341475,0.02148505,0.9983871
0.0405942,-0.03342509,0.02147667,0.9983855
0.04750877,-0.03556441,0.0196218,0.9980446
0.06132362,-0.03962675,0.01592858,0.9972038
0.0764019,-0.0437335,0.0119159,0.9960461
0.08441345,-0.04577444,0.009791327,0.9953306
0.08778624,-0.04660406,0.008898642,0.9950088
0.1009417,-0.04967114,0.005421581,0.9936368
0.1149098,-0.05262921,0.001745162,0.9919792
0.1195364,-0.05354061,0.0005306485,0.991385
0.1114108,-0.0519173,0.002663495,0.9924139
0.1120491,-0.05204856,0.002496666,0.9923355
0.1047514,-0.05050817,0.00442044,0.9932051
0.09088237,-0.04735266,0.008059275,0.9947026
0.06577404,-0.04087485,0.01474206,0.9968881
0.06823813,-0.04155282,0.01408597,0.9967039
0.1082071,-0.05124706,0.003518793,0.9928004
0.1095487,-0.05153061,0.003150719,0.9926397
0.08550359,-0.04604538,0.009496665,0.9952279
0.08155589,-0.04505792,0.01054777,0.9955938
0.07690705,-0.04386527,0.01178083,0.9960032
0.06516599,-0.04070643,0.01490201,0.9969324
0.05667296,-0.03829087,0.01717026,0.9975104
0.05724592,-0.03845729,0.01701698,0.9974739
0.03422735,-0.03139286,0.02319086,0.9986517
0.02988831,-0.02997604,0.02435539,0.9988067
0.03045293,-0.03016228,0.02420291,0.9987879
0.03172074,-0.03057827,0.02386149,0.9987439
0.04713684,-0.03545323,0.0197134,0.9980645
0.0642552,-0.04045104,0.0151512,0.9969982
0.06162822,-0.03971311,0.01584734,0.9971829
0.06487684,-0.04062549,0.01498122,0.9969535
0.07247233,-0.04269665,0.01295877,0.9963719
0.07710567,-0.04391603,0.0117326,0.9959862
0.05910404,-0.0389942,0.01651626,0.9973531
0.03953188,-0.0330905,0.02176114,0.9984331
0.01054534,-0.02332823,0.02958742,0.9992343
4.20424E-05,-0.0195029,0.03243495,0.9992836
-0.008116469,-0.01642666,0.03465736,0.9992313
-0.02735893,-0.008825779,0.03991736,0.9987894
-0.04759369,-0.0003251033,0.04548473,0.9978306
-0.05667014,0.003653122,0.04799918,0.9972318
-0.03856514,-0.004184343,0.04298988,0.9983222
-0.02517809,-0.00971142,0.03931933,0.9988622
-0.0208508,-0.01145048,0.03813447,0.9989895
-0.01612441,-0.01332623,0.03683435,0.9991024
-0.008783876,-0.01617204,0.03483758,0.9992235
-0.005413033,-0.01745707,0.03391802,0.9992574
-0.007217015,-0.01677102,0.0344105,0.999241
-0.0003153379,-0.01937203,0.0325281,0.9992831
0.02375014,-0.02792671,0.0260039,0.9989895
0.03191074,-0.03064046,0.02381035,0.9987372
0.06123377,-0.03959962,0.01595874,0.9972099
0.07477896,-0.04330831,0.01234554,0.9961828
0.07531139,-0.04344528,0.01221848,0.9961383
0.03682911,-0.03223123,0.02248732,0.9985484
-0.0067611,-0.01693765,0.03430286,0.999245
-0.02108769,-0.01135806,0.03819526,0.9989832
-0.02681003,-0.009048887,0.03976743,0.9988082
-0.02558481,-0.009546695,0.0394308,0.9988491
-0.01907716,-0.01215637,0.03764906,0.9990349
-0.01430024,-0.01403806,0.03634159,0.9991384
-0.007615036,-0.01661943,0.03451846,0.9992369
6.13411E-05,-0.01951083,0.03242798,0.9992836
0.007230234,-0.02213849,0.03048163,0.9992639
0.01609417,-0.02529178,0.02807598,0.9991562
0.03134789,-0.0304564,0.02396118,0.998757
0.04105086,-0.03356875,0.02135335,0.9983647
0.0577549,-0.03860557,0.01687661,0.9974413
0.07725346,-0.0439547,0.0116917,0.9959734
0.0845359,-0.04580472,0.009760201,0.9953192
0.1000697,-0.04947615,0.005651542,0.9937334
0.1178544,-0.05321318,0.0009737872,0.9916036
0.1279458,-0.05510912,-0.001676038,0.9902475
0.1385548,-0.05692473,-0.004450018,0.9887074
0.1357439,-0.05646153,-0.003715148,0.9891269
0.1485015,-0.05846033,-0.007042316,0.9871576
0.1594504,-0.05996048,-0.009908771,0.9853335
0.1716892,-0.06140445,-0.01307159,0.9831488
0.1875458,-0.06289758,-0.01718429,0.9800894
0.1932118,-0.06332739,-0.01865155,0.9789336
0.1897694,-0.06307378,-0.01775586,0.9796396
0.2204483,-0.06462371,-0.02567834,0.9729168
0.1806155,-0.06229718,-0.01538974,0.9814582
0.1674465,-0.06093181,-0.01197835,0.9839235
0.1442106,-0.05781779,-0.005924567,0.9878386
0.123114,-0.05422153,-0.000403787,0.9909101
0.09093872,-0.04736374,0.008063164,0.9946969
0.07319171,-0.04288723,0.01277318,0.9963135
0.05993354,-0.03922289,0.01632318,0.9972979
0.007609403,-0.02224047,0.03043192,0.9992604
-0.09985905,0.0238207,0.06001683,0.9929042
-0.2173291,0.08645264,0.09325033,0.9677801
-0.3010182,0.1329734,0.1167131,0.9370614
-0.3600502,0.1635034,0.132863,0.9088333
-0.3840019,0.1747746,0.13925,0.8958827
-0.3858754,0.175621,0.1397441,0.8948346
-0.3926041,0.1786132,0.141511,0.8910297
-0.3950877,0.1797037,0.142163,0.8896077
-0.3949292,0.1796342,0.1421212,0.8896989
-0.3933469,0.178942,0.1417073,0.8906049
-0.3907712,0.1778074,0.1410318,0.892072
-0.3903537,0.1776223,0.1409225,0.8923089
-0.3881138,0.1766253,0.1403337,0.8935757
-0.3831325,0.1743792,0.1390195,0.8963677
-0.3761854,0.1711894,0.1371813,0.9002
-0.3674489,0.1670751,0.1348517,0.9049211
-0.3579684,0.1624998,0.1323095,0.9099156
-0.3486965,0.1579181,0.1298073,0.9146708
-0.3425102,0.1548065,0.1281296,0.9177715
-0.3299393,0.1483538,0.1246969,0.9238949
-0.3187829,0.1425094,0.121635,0.9291251
-0.3080954,0.1368143,0.1186855,0.9339554
-0.3127517,0.1393035,0.1199705,0.9318734
-0.3161041,0.1410902,0.1208971,0.9303524
-0.3184928,0.1423561,0.1215551,0.9292585
-0.3252904,0.1459311,0.1234228,0.9260978
-0.334963,0.1509536,0.1260733,0.9214761
-0.3394369,0.1532437,0.1272927,0.9192908
-0.3466972,0.1569159,0.129265,0.9156796
-0.3562367,0.1616489,0.131841,0.9108145
-0.3690733,0.1678501,0.1352875,0.9040512
-0.3800454,0.1729708,0.138204,0.8980792
-0.3683646,0.167512,0.1350969,0.9044313
-0.3484848,0.1578171,0.1297531,0.9147766
-0.3306273,0.1487103,0.1248852,0.9235662
-0.3032718,0.1342295,0.1173594,0.9360746
-0.2593606,0.1099956,0.1050691,0.9537262
-0.1952769,0.07414118,0.08697514,0.9740664
-0.1576252,0.05352542,0.07626744,0.9830934
-0.1342229,0.0411814,0.06967532,0.9876404
-0.1212191,0.03448876,0.06601008,0.9898278
-0.1163911,0.03204385,0.06465577,0.9905787
-0.1287467,0.03833506,0.06811824,0.9885922
-0.1594426,0.05452124,0.07680199,0.9827039
-0.1998664,0.07665269,0.08824579,0.972826
-0.201628,0.07764152,0.08875228,0.9723379
-0.226754,0.091629,0.0958104,0.9648871
-0.2634313,0.1122734,0.1062163,0.9522167
-0.2774041,0.1200455,0.1101356,0.94684
-0.278055,0.1204052,0.1103173,0.9465824
-0.2835358,0.1234342,0.111851,0.9443838
-0.283602,0.1234709,0.1118697,0.9443569
-0.2864253,0.1250256,0.1126584,0.9432059
-0.290318,0.1271625,0.1137445,0.9415983
-0.295635,0.130069,0.1152257,0.9393642
-0.303862,0.1345314,0.1175103,0.9358207
-0.3095649,0.1376008,0.1190907,0.9333022
-0.3180763,0.142137,0.1214414,0.9294496
-0.3148617,0.1404282,0.1205533,0.9309183
-0.3129679,0.1394207,0.1200313,0.9317754
-0.3145528,0.140265,0.1204689,0.9310583
-0.3165456,0.1413233,0.1210179,0.9301513
-0.3240975,0.1453096,0.1230975,0.9266569
-0.3336931,0.1502981,0.1257253,0.9220915
-0.3451297,0.1561276,0.1288397,0.916466
-0.3452904,0.1562086,0.1288833,0.9163855
-0.3478425,0.1574901,0.1295755,0.9151025
-0.3530839,0.1600973,0.1309922,0.9124371
-0.3533298,0.1602197,0.131059,0.9123109
-0.3575009,0.1622659,0.13218,0.9101601
-0.36195,0.164431,0.1333764,0.9078355
-0.3569807,0.1620171,0.1320441,0.9104282
-0.3546871,0.1608896,0.1314256,0.9116134
-0.3512722,0.1591998,0.1305034,0.9133631
-0.3487235,0.1579311,0.1298144,0.9146572
-0.344463,0.1557909,0.1286582,0.9167996
-0.3383094,0.1526677,0.1269851,0.9198446
-0.3317048,0.1492723,0.1251824,0.9230489
-0.3298635,0.1483173,0.1246781,0.9239303
-0.3308222,0.1488155,0.124941,0.9234719
-0.3387352,0.1528851,0.127101,0.9196358
-0.3418024,0.1544459,0.1279359,0.9181231
-0.3374367,0.1522252,0.1267499,0.9202709
-0.3233679,0.1449191,0.1228918,0.9270001
-0.313084,0.1394824,0.1200634,0.9317231
-0.3086218,0.1370954,0.1188301,0.933722
-0.3090748,0.1373379,0.118955,0.9335206
-0.3089631,0.1372784,0.1189245,0.9335703
-0.3145581,0.1402679,0.1204703,0.9310558
-0.3153396,0.1406826,0.1206853,0.930701
-0.306481,0.1359434,0.1182363,0.9346705
-0.300405,0.1326624,0.1165519,0.9373223
-0.2954034,0.1299423,0.115161,0.9394625
-0.2971827,0.1309105,0.1156553,0.9387059
-0.305193,0.1352502,0.1178798,0.9352374
-0.307622,0.1365583,0.1185533,0.9341658
-0.3108928,0.1383119,0.1194579,0.9327086
-0.3070754,0.1362616,0.1183998,0.9344083
-0.2968642,0.1307391,0.1155681,0.9388413
-0.2907638,0.1274064,0.1138685,0.9414128
-0.2909003,0.1274816,0.1139069,0.9413558
-0.2998084,0.1323368,0.1163847,0.9375801
-0.3083798,0.1369663,0.1187636,0.9338294
-0.3101522,0.1379155,0.1192532,0.93304
-0.3085126,0.1370362,0.1187994,0.9337707
-0.3149117,0.1404561,0.120568,0.9308953
-0.3216483,0.1440205,0.1224228,0.9278001
-0.3210048,0.1436823,0.1222464,0.9280987
-0.3237945,0.1451494,0.1230135,0.9267991
-0.3262473,0.1464328,0.1236862,0.9256467
-0.3211717,0.1437711,0.1222929,0.9280211
-0.320721,0.1435336,0.1221689,0.92823
-0.3264693,0.1465497,0.1237478,0.9255417
-0.3336712,0.1502882,0.1257201,0.9221017
-0.335639,0.1512993,0.1262566,0.9211484
-0.3377285,0.152371,0.126827,0.9201291
-0.3420622,0.1545776,0.1280066,0.9179943
-0.3402393,0.1536515,0.1275105,0.9188958
-0.3385816,0.1528067,0.1270593,0.9197112
-0.340446,0.1537568,0.1275669,0.9187939
-0.339095,0.1530688,0.1271991,0.919459
-0.3383992,0.1527132,0.1270094,0.9198007
-0.3413924,0.1542378,0.1278244,0.9183261
-0.341576,0.1543316,0.1278747,0.9182351
-0.3357722,0.1513681,0.1262931,0.9210835
-0.3337402,0.1503229,0.1257384,0.9220685
-0.3321757,0.1495157,0.1253111,0.9228226
-0.3372027,0.1520995,0.126682,0.9203868
-0.3379478,0.1524829,0.1268866,0.9200218
-0.3165214,0.1413162,0.1210152,0.9301609
-0.3068487,0.1361428,0.1183392,0.9345077
-0.3025491,0.1338231,0.1171469,0.9363931
-0.3014759,0.1332422,0.116849,0.9368591
-0.2908989,0.1274824,0.1139076,0.941356
-0.2837746,0.1235654,0.1119174,0.944287
-0.2737222,0.1180023,0.109103,0.948287
-0.2670349,0.114282,0.107227,0.9508598
-0.2560584,0.1081424,0.1041357,0.954932
-0.2430092,0.1008283,0.1004609,0.9595249
-0.2439394,0.1013479,0.1007214,0.9592066
-0.2431321,0.1008945,0.1004936,0.9594833
-0.2337763,0.09563866,0.09785058,0.9626147
-0.2272183,0.09195186,0.09599317,0.9647289
-0.2249371,0.09068722,0.09536132,0.9654457
-0.1932685,0.07299057,0.08637545,0.9746071
-0.1607901,0.05522253,0.07716055,0.982417
-0.117572,0.03263834,0.06498387,0.9903983
-0.0873035,0.01775078,0.05650374,0.9944196
-0.08361267,0.01600035,0.055478,0.9948242
-0.08675356,0.01749051,0.05635291,0.9944809
-0.07993291,0.01426789,0.0544542,0.9952095
-0.07208934,0.01062084,0.05227163,0.9959709
-0.05357815,0.002284826,0.04713844,0.9974478
-0.03258188,-0.006677403,0.04135603,0.9985908
-0.02087092,-0.0114422,0.03814079,0.9989889
0.00296557,-0.02057729,0.03165707,0.9992825
0.05624557,-0.03816663,0.01728431,0.9975374
0.1291988,-0.05532954,-0.002009382,0.9900718
0.1559797,-0.05950697,-0.008991873,0.9859251
0.1510807,-0.0588316,-0.007718475,0.986739
0.1457858,-0.058057,-0.006337247,0.9875909
0.1225352,-0.05411301,-0.0002535339,0.9909879
0.1094491,-0.05150969,0.003179528,0.9926518
0.1125196,-0.05214509,0.00237125,0.9922775
0.1182252,-0.05328578,0.0008740029,0.9915556
0.1298623,-0.05545069,-0.002177099,0.9899779
0.1300751,-0.05548834,-0.002234998,0.9899477
0.1377138,-0.05678761,-0.004232184,0.9888338
0.161805,-0.06025865,-0.01050828,0.9849252
0.159711,-0.0599943,-0.009971092,0.9852886
0.1745273,-0.06170288,-0.0138088,0.9826202
0.1755929,-0.06181111,-0.01408802,0.9824194
0.1718977,-0.06142631,-0.01312947,0.9831102
0.1737185,-0.06161797,-0.01360784,0.9827716
0.1836455,-0.06256995,-0.01617311,0.9808659
0.1668967,-0.06086892,-0.01183197,0.9840225
0.182281,-0.06244895,-0.01582119,0.9811337
0.2031167,-0.06394863,-0.02120312,0.976834
0.1892598,-0.06302389,-0.01767413,0.9797431
0.133573,-0.05609496,-0.003151866,0.9894451
0.09368978,-0.04801391,0.007335959,0.9944159
0.07809847,-0.04417368,0.01146709,0.9959005
0.07970709,-0.04458745,0.01103858,0.9957595
0.06873483,-0.04168393,0.01397159,0.9966658
0.02321747,-0.02774393,0.02615389,0.9990031
-0.03398174,-0.00608136,0.04177078,0.9985307
-0.03997276,-0.003586343,0.04338304,0.9982521
-0.03009811,-0.007708414,0.04066264,0.9986898
-0.01385576,-0.01421112,0.0362211,0.9991466
0.006647021,-0.02192635,0.0306421,0.9992678
0.0236364,-0.02788624,0.02604051,0.9989923
0.0499163,-0.03629261,0.01897859,0.9979134
0.08315271,-0.04546,0.0101245,0.9954479
0.1484351,-0.05844861,-0.007078241,0.987168
0.2578154,-0.06425452,-0.03536052,0.9634066
0.3593408,-0.0502756,-0.06157361,0.9298146
0.3839655,-0.04389239,-0.06795102,0.9197971
0.356153,-0.05105237,-0.06069299,0.9310559
0.32348,-0.05749921,-0.05221371,0.9430419
0.3424525,-0.05401722,-0.05711953,0.9362403
0.2893178,-0.06202982,-0.04340655,0.9542345
0.2089103,-0.0642361,-0.0227021,0.9755587
0.1543801,-0.05929465,-0.008552511,0.9861937
0.1262034,-0.05479362,-0.001219586,0.9904893
0.1046379,-0.05048386,0.004447299,0.9932182
0.09111666,-0.0474069,0.008010763,0.994679
0.07146957,-0.04242586,0.01323683,0.9964522
0.04566995,-0.03500196,0.02011364,0.9981406
0.006123751,-0.02173792,0.03078092,0.999271
-0.02599054,-0.009379303,0.03954818,0.9988356
-0.03865451,-0.004141128,0.0430239,0.9983174
-0.04641703,-0.0008330652,0.04516002,0.9979005
-0.05383372,0.00239725,0.04720908,0.9974304
-0.04639459,-0.0008418649,0.04515555,0.9979017
-0.02770583,-0.008684863,0.04001281,0.9987772
0.008837449,-0.02271839,0.03004725,0.9992512
0.05653112,-0.03824968,0.01720795,0.9975194
0.07051685,-0.04217158,0.01348013,0.9965276
0.08218859,-0.04521777,0.01037931,0.9955364
0.09023577,-0.04719564,0.008249762,0.9947673
0.099282,-0.04929904,0.005859369,0.9938201
0.1066885,-0.05092558,0.003906795,0.9929798
0.1174713,-0.05313812,0.001070868,0.991653
0.1242902,-0.05444134,-0.0007168222,0.990751
0.1256185,-0.05468649,-0.001065121,0.9905696
0.1266651,-0.05487768,-0.001339427,0.9904255
0.1258423,-0.05472742,-0.001124615,0.9905388
0.1269379,-0.05492713,-0.001410621,0.9903877
0.1197147,-0.05357504,0.0004830742,0.9913616
0.1188345,-0.05340463,0.0007141195,0.9914765
0.1215262,-0.05392215,4.069414E-06,0.9911225
0.1265365,-0.05485427,-0.00130426,0.9904433
0.1366539,-0.05661295,-0.003952947,0.988992
0.135099,-0.0563536,-0.003542262,0.9892219
0.1590716,-0.05990924,-0.009839738,0.9853985
0.1602918,-0.0600679,-0.01012239,0.9851882
0.1622076,-0.06030848,-0.01061295,0.9848548
0.1527544,-0.05906682,-0.00815184,0.9864637
0.1262465,-0.05480084,-0.001238517,0.9904833
0.08337667,-0.04551693,0.01005795,0.9954273
0.04867845,-0.03591936,0.01930827,0.9979817
0.0181521,-0.02600886,0.02751732,0.999118
-0.01498649,-0.01376947,0.03653022,0.9991253
-0.03804372,-0.00440005,0.04285309,0.998347
-0.05398688,0.002464663,0.0472514,0.99742
-0.06696249,0.008273375,0.05084755,0.9964247
-0.06544923,0.007582814,0.05042285,0.9965522
-0.05710492,0.003842962,0.04811459,0.9972008
-0.05099764,0.001154431,0.04642521,0.9976184
-0.04031596,-0.003441895,0.04347628,0.9982347
-0.01650604,-0.01317533,0.0369403,0.9990944
0.006683217,-0.02194098,0.03062875,0.9992676
0.0239002,-0.02797525,0.02596956,0.9989854
0.03497326,-0.0316351,0.02298612,0.9986228
0.04444832,-0.03462623,0.02044198,0.9982021
0.04926859,-0.03609759,0.01915043,0.9979494
0.05361983,-0.03739639,0.01798601,0.9976989
0.0515807,-0.03679125,0.01853147,0.9978188
0.05078349,-0.03655299,0.01874467,0.9978645
0.05024496,-0.03639151,0.01888887,0.997895
0.05093,-0.03659682,0.01870554,0.9978561
0.05049166,-0.03646557,0.01882267,0.9978811
0.04689073,-0.035376,0.01978733,0.9980773
0.05070514,-0.03652966,0.01876517,0.997869
0.04754554,-0.03557565,0.01961173,0.9980427
0.04166354,-0.0337607,0.02118885,0.9983364
0.03747628,-0.03243786,0.02231355,0.9985217
0.03900752,-0.03292459,0.02190202,0.9984562
0.0349153,-0.03161636,0.02300187,0.9986252
0.03716847,-0.03233965,0.02239606,0.9985344
0.03953285,-0.03309072,0.02176108,0.9984331
0.04365008,-0.03437935,0.02065576,0.9982415
0.04846805,-0.03585565,0.01936463,0.9979931
0.05849327,-0.03881767,0.01668375,0.9973933
0.06782474,-0.0414397,0.014196,0.9967352
0.0646354,-0.04055825,0.01504545,0.9969708
0.07348985,-0.04296736,0.01268906,0.9962892
0.07937538,-0.04450256,0.01112648,0.9957888
0.08035725,-0.04475353,0.01086595,0.9957017
0.08586295,-0.04613339,0.009405784,0.9951938
0.08855221,-0.0467902,0.008694479,0.9949339
0.08802415,-0.04666226,0.008832838,0.9949856
0.09667335,-0.04870555,0.006548769,0.9941022
0.1027884,-0.05007987,0.004934245,0.9934295
0.1079922,-0.05120288,0.003563965,0.9928259
0.1163258,-0.05291176,0.001373213,0.9917998
0.1186182,-0.0533624,0.0007710787,0.9915047
0.1215298,-0.05392274,6.698538E-06,0.991122
0.1250506,-0.05458203,-0.0009162617,0.9906474
0.1240012,-0.05438771,-0.0006507011,0.9907902
0.1416921,-0.05742668,-0.005264976,0.9882296
0.1388578,-0.05697397,-0.004527675,0.9886617
0.1268537,-0.05491192,-0.001388715,0.9903994
0.1326006,-0.05592826,-0.002892945,0.9895862
0.1323725,-0.05588897,-0.002833159,0.9896191
0.143756,-0.05774776,-0.005809009,0.9879098
0.1524569,-0.05902549,-0.008075898,0.986513
0.1493156,-0.05857864,-0.007257502,0.9870262
0.1485004,-0.05845982,-0.007046507,0.9871577
0.1450237,-0.05794167,-0.006138298,0.9877111
0.1434627,-0.05770266,-0.005731138,0.9879555
0.143779,-0.05775145,-0.005814339,0.9879062
0.1462205,-0.05812225,-0.006451646,0.987522
0.130633,-0.05558611,-0.002393986,0.9898684
0.1179792,-0.0532377,0.0009386088,0.9915875
0.1152619,-0.05269977,0.001652326,0.9919348
0.1158876,-0.05282468,0.001487954,0.9918555
0.1212926,-0.05387757,6.870599E-05,0.9911536
0.1252519,-0.05461903,-0.0009690835,0.9906199
0.1325625,-0.05592173,-0.002882656,0.9895916
0.1312083,-0.05568698,-0.002528856,0.9897863
0.1340416,-0.05617469,-0.003270551,0.9893769
0.1347272,-0.05629077,-0.003449352,0.9892765
0.1405255,-0.05724163,-0.004969987,0.9884085
0.153962,-0.05923398,-0.008465242,0.9862634
0.156031,-0.05951424,-0.009003973,0.9859165
0.173541,-0.06160027,-0.01355581,0.9828048
0.1794988,-0.06219294,-0.01509953,0.9816741
0.1684653,-0.06104821,-0.01223904,0.9837391
0.1450996,-0.05795303,-0.006160803,0.9876992
0.122851,-0.05417247,-0.0003396184,0.9909455
0.09787121,-0.04897929,0.006234565,0.9939734
0.08454428,-0.04580683,0.009757487,0.9953185
0.07244808,-0.04269002,0.01296601,0.9963738
0.05787618,-0.03863963,0.01684865,0.9974334
0.06090451,-0.03950773,0.01604016,0.9972325
0.06060625,-0.03942261,0.01612092,0.9972526
0.06957398,-0.0419167,0.01373065,0.9966012
0.09378735,-0.04803679,0.007310146,0.9944059
0.1274624,-0.05502185,-0.001557137,0.9903148
0.1679558,-0.06098988,-0.01210752,0.9838316
0.1931928,-0.06332748,-0.01863995,0.9789376
0.2200855,-0.06461457,-0.02558728,0.9730019
0.237151,-0.06477665,-0.02998362,0.9688469
0.253747,-0.06443878,-0.03425262,0.9645138
0.2709281,-0.06356397,-0.03867491,0.9597196
0.2876435,-0.06219525,-0.04297568,0.9547493
0.2991302,-0.06095289,-0.04593571,0.951155
0.3129298,-0.05913411,-0.04949128,0.9466407
0.3221396,-0.05771745,-0.05186949,0.9435063
0.3348751,-0.05548856,-0.05516449,0.9390084
0.3335128,-0.055742,-0.05481173,0.9394986
0.3353985,-0.05538978,-0.05530088,0.9388193
0.3412603,-0.05425218,-0.05681909,0.9366802
0.3408786,-0.05432838,-0.05672007,0.9368207
0.3411665,-0.05427109,-0.05679461,0.9367146
0.3396382,-0.05457385,-0.05639851,0.9372762
0.3372172,-0.05504435,-0.0557711,0.9381601
0.3339576,-0.05565952,-0.05492697,0.9393388
0.3303984,-0.05630758,-0.05400604,0.9406113
0.3353297,-0.05540328,-0.05528207,0.9388442
0.3367434,-0.05513518,-0.05564816,0.9383322
0.341897,-0.05412468,-0.05698406,0.9364452
0.3444662,-0.05360151,-0.05765042,0.9354925
0.3432322,-0.05385441,-0.0573303,0.9359512
0.3454803,-0.05339129,-0.05791357,0.9351143
0.3494914,-0.05254019,-0.05895498,0.9336057
0.3473765,-0.05299292,-0.05840584,0.9344036
0.3498282,-0.05246742,-0.05904237,0.9334781
0.3507921,-0.05225748,-0.05929283,0.9331122
0.3546604,-0.05139643,-0.06029842,0.9316322
0.352644,-0.05184904,-0.05977402,0.932406
0.3548059,-0.05136427,-0.060335,0.9315761
0.3668207,-0.04849251,-0.0634689,0.9268563
0.371522,-0.04729231,-0.06469344,0.9249592
0.368094,-0.04817333,-0.06379813,0.9263455
0.3658655,-0.04873295,-0.06321704,0.9272385
0.3645114,-0.04906838,-0.06286363,0.9277779
0.3645962,-0.04904764,-0.06288566,0.9277443
0.3616344,-0.04976827,-0.06211415,0.9289164
0.3565358,-0.05096829,-0.06078622,0.9309078
0.3557919,-0.05113918,-0.06059236,0.9311957
0.3499961,-0.05243097,-0.05908608,0.9334145
0.3482261,-0.05281158,-0.05862742,0.9340836
0.3412214,-0.05426063,-0.05680803,0.9366944
0.3360975,-0.05525785,-0.05548151,0.9385664
0.3334821,-0.05574757,-0.05480387,0.9395096
0.3321711,-0.05598801,-0.05446456,0.9399793
0.3288586,-0.05658059,-0.05360734,0.9411572
0.3258224,-0.05710478,-0.05282233,0.9422254
0.3242948,-0.05736202,-0.05242735,0.9427587
0.3192856,-0.05817346,-0.05113288,0.9444882
0.3183833,-0.05831446,-0.05089997,0.9447966
0.3165137,-0.05860164,-0.05041736,0.9454327
0.3139384,-0.05898632,-0.04975253,0.9463022
0.3111895,-0.05938306,-0.04904316,0.9472219
0.3115146,-0.05933689,-0.04912705,0.9471136
0.3122545,-0.0592311,-0.04931797,0.9468666
0.3120407,-0.05926171,-0.04926281,0.9469382
0.3122075,-0.05923768,-0.04930608,0.9468824
0.310585,-0.0594684,-0.04888716,0.947423
0.3092828,-0.05964968,-0.04855141,0.9478548
0.3055683,-0.06014936,-0.04759345,0.9490759
0.300857,-0.06074575,-0.04637885,0.9506019
0.3021487,-0.06058635,-0.04671191,0.950186
0.3023106,-0.0605662,-0.04675362,0.9501337
0.3006094,-0.06077584,-0.04631522,0.9506814
0.3058386,-0.06011396,-0.04766301,0.9489875
0.3072997,-0.05991992,-0.04803953,0.9485086
0.3015709,-0.06065763,-0.04656381,0.9503723
0.2991185,-0.06095511,-0.04593104,0.9511588
0.2971891,-0.0611808,-0.04543415,0.9517727
0.2943484,-0.06150068,-0.04470207,0.9526691
0.2956587,-0.06135515,-0.04503926,0.9522567
0.3025989,-0.06053012,-0.04682798,0.9500406
0.3038559,-0.06037095,-0.04715197,0.9496334
0.3068791,-0.05997589,-0.04793172,0.9486468
0.3084103,-0.05976947,-0.04832625,0.9481431
0.3086075,-0.05974251,-0.04837716,0.9480779
0.305925,-0.06010266,-0.04768531,0.9489592
0.3061064,-0.06007863,-0.04773224,0.9488999
0.3060922,-0.06008066,-0.04772845,0.9489046
0.3088497,-0.05970929,-0.0484397,0.947998
0.3078561,-0.05984472,-0.04818341,0.9483256
0.3077489,-0.0598593,-0.04815572,0.948361
0.3081772,-0.05980124,-0.04826621,0.9482198
0.3068075,-0.05998567,-0.04791295,0.9486703
0.3010315,-0.06072413,-0.04642444,0.9505458
0.2971385,-0.06118678,-0.04542068,0.9517887
0.2956652,-0.06135418,-0.04504146,0.9522547
0.2988639,-0.06098527,-0.04586546,0.9512399
0.2984733,-0.06103164,-0.04576413,0.9513645
0.2895139,-0.06200802,-0.04346124,0.9541739
0.2746905,-0.06330081,-0.0396427,0.9586275
0.2689695,-0.06369108,-0.03817019,0.9602822
0.2676525,-0.06377237,-0.03783122,0.9606581
0.2645635,-0.06395026,-0.0370377,0.9615325
0.2584063,-0.06425453,-0.03545157,0.963245
0.2466057,-0.06464429,-0.03241664,0.966414
0.2269411,-0.06474266,-0.02735001,0.9713692
0.2104096,-0.06429296,-0.02310203,0.9752234
0.1983972,-0.06367353,-0.01998893,0.9778469
0.1950695,-0.06345674,-0.01913036,0.9785475