-0.4402117,0.4425325,-0.0821311,0.7769383
-0.5666306,0.5807164,0.1260233,0.5708032
-0.5675906,0.5787156,0.1250517,0.5720937
-0.5585369,0.5971364,0.1364174,0.5593343
-0.5806281,0.560598,0.1326308,0.5753345
-0.6160586,0.4952192,0.1297844,0.5986533
-0.6496148,0.4191017,0.1334236,0.620123
-0.6770489,0.3292779,0.1383073,0.6434687
-0.6911964,0.2381196,0.1445054,0.6668317
-0.6912428,0.1640352,0.1521145,0.6871223
-0.6731968,0.02814507,0.1407019,0.7254081
-0.5915585,-0.2334654,0.07749791,0.7678194
-0.451278,-0.470054,0.013273,0.7584334
-0.3517324,-0.5804663,-0.01608011,0.7342238
-0.7021516,-0.06471726,-0.009675145,0.7090143
-0.6539141,0.331563,0.02111199,0.679718
-0.6260933,0.4006181,0.02774823,0.6683879
-0.5422642,0.507808,0.003271282,0.6693803
-0.5115819,0.5353053,-0.004493505,0.6720952
-0.6172634,0.3946009,0.004336298,0.6806298
-0.6938628,0.2070237,0.03071895,0.6890224
-0.6667157,0.3118467,0.03553101,0.6760025
-0.6108638,0.4297044,0.02687308,0.6644377
-0.5883592,0.4691746,0.02747306,0.6579924
-0.5679165,0.5044554,0.03052217,0.6496646
-0.5272154,0.5548195,0.02525796,0.6431028
-0.5253357,0.5542553,0.0219598,0.645245
-0.5091968,0.5720811,0.02045009,0.6426691
-0.5248453,0.5550264,0.02223559,0.6449718
-0.5177516,0.5623366,0.02111882,0.6444105
-0.5271228,0.550317,0.02047867,0.6472043
-0.5369248,0.5400528,0.02257657,0.6477229
-0.5497991,0.5233052,0.02308297,0.6506457
-0.6112152,0.4236921,0.01854324,0.6682492
-0.6222399,0.3924482,0.008713067,0.6772931
-0.6341485,0.3591272,0.0006372333,0.6847503
-0.6222547,0.3747259,-0.006059408,0.6872721
-0.5599186,0.4547846,-0.02089998,0.6922609
0.3061064,0.6458373,-0.04105046,0.6982177
0.6879067,-0.1288143,-0.06138867,0.7116337
0.6369044,-0.2575012,-0.07160756,0.7231309
0.6434095,-0.2418105,-0.07331929,0.7226176
0.6856669,-0.1061054,-0.08226305,0.7154267
0.6920452,-0.08951142,-0.07421613,0.7124276
0.5428447,-0.4425949,-0.04333439,0.7124265
0.3417314,0.5906433,-0.02055661,0.7307103
0.07438345,0.6492634,-0.02557119,0.7564853
-0.02603662,0.6488112,-0.03204148,0.7598286
0.3087661,0.6269631,-0.0309466,0.7145789
-0.1626859,0.709915,-0.03271084,0.6844589
0.08087584,0.7208419,-0.03979064,0.6872137
0.03074634,0.7175429,-0.03732758,0.6948335
-0.2233274,0.6862449,-0.0322403,0.6914864
0.01191668,0.7357068,-0.03924688,0.6760572
0.3898822,0.6157804,-0.05414011,0.6825505
0.5636401,0.4545155,-0.06367165,0.6867833
0.6553263,0.2908097,-0.06748202,0.6938468
0.6960317,0.144933,-0.08004254,0.6986612
0.7017523,0.0632681,-0.09473628,0.7032539
0.6966994,0.01207802,-0.1110249,0.7086167
0.6892279,-0.01613843,-0.1244617,0.7135922
0.6806151,-0.04326552,-0.133229,0.7191253
0.6719791,-0.06351441,-0.1405529,0.7243306
0.6643884,-0.07262534,-0.1491161,0.7287509
0.6563584,-0.08660609,-0.1538135,0.7335083
0.642488,-0.1119132,-0.1575515,0.7415268
0.629182,-0.1308717,-0.1610044,0.7490528
0.61642,-0.1540992,-0.1594865,0.755542
0.6056062,-0.1711826,-0.1584577,0.7608081
0.5848629,-0.2052367,-0.1534209,0.7695943
0.5293223,-0.2842926,-0.1369186,0.7875588
0.397993,-0.3868339,-0.1084724,0.8247393
0.2281695,-0.4315999,-0.06961699,0.8699503
0.06613382,-0.4118493,-0.02459384,0.9085162
0.003989093,-0.358644,-0.001210245,0.9334651
-0.01571759,-0.3324208,0.008451593,0.9429622
-0.0770012,-0.3275613,0.02768511,0.9412799
-0.1210062,-0.3266678,0.04227717,0.9364071
-0.1228029,-0.3019197,0.04893678,0.9441236
-0.1179516,-0.2789813,0.05349762,0.9515224
-0.09750065,-0.2567485,0.05295662,0.9600882
-0.1082473,-0.2419008,0.06061941,0.9623367
-0.1316705,-0.2369047,0.07027977,0.9599999
-0.08703451,-0.2415595,0.05643286,0.9648261
-0.07812607,-0.2610369,0.05068806,0.960826
-0.06875229,-0.2705285,0.04506804,0.9591956
-0.0355804,-0.2823589,0.03217597,0.9581087
-0.04114839,-0.2869745,0.03320383,0.9564779
-0.06130393,-0.2805417,0.03994843,0.9570487
-0.06469585,-0.2749766,0.04169446,0.9583653
-0.06083695,-0.2740121,0.04058352,0.9589418
-0.07187991,-0.2777384,0.04380565,0.9569617
-0.07298462,-0.2805867,0.04417185,0.95603
-0.07341605,-0.2783863,0.04487702,0.9566071
-0.07609592,-0.275532,0.04628542,0.9571569
-0.07807831,-0.2734026,0.0474652,0.95755
-0.08255897,-0.2747857,0.04885983,0.9567077
-0.09171513,-0.2716018,0.05250771,0.9565896
-0.09207354,-0.270202,0.05320791,0.9569129
-0.08701288,-0.2675487,0.05227287,0.9581826
-0.09042496,-0.2647272,0.05381454,0.958565
-0.09125321,-0.2584308,0.0548591,0.9601442
-0.08531014,-0.2529406,0.05378246,0.9622114
-0.0847406,-0.2528351,0.05363364,0.9622978
-0.08923949,-0.2493948,0.0556572,0.9626737
-0.08979361,-0.2575286,0.05474613,0.9605306
-0.09731226,-0.2758518,0.05503151,0.9546767
-0.08165941,-0.290121,0.04856357,0.952262
-0.07801957,-0.2969376,0.04626118,0.9505793
-0.07069705,-0.2969606,0.04418711,0.9512433
-0.0686619,-0.2928446,0.04467031,0.9526448
-0.07837023,-0.2895732,0.04854004,0.9527063
-0.07981271,-0.2916744,0.04894088,0.9519247
-0.07117803,-0.2975912,0.04553332,0.9509468
-0.05803648,-0.3056602,0.04025395,0.9495173
-0.06051443,-0.3141683,0.03988915,0.9465966
-0.07270628,-0.3239954,0.04244252,0.9423053
-0.07841007,-0.3331982,0.04290897,0.9386106
-0.07531348,-0.3396809,0.04097219,0.9366248
-0.06809481,-0.3484933,0.03749065,0.9340824
-0.07418845,-0.3555578,0.03834347,0.930916
-0.07217568,-0.3570546,0.037771,0.9305246
-0.07470728,-0.3584462,0.03835818,0.9297655
-0.06610423,-0.3618416,0.03548548,0.9292156
-0.06788406,-0.3667301,0.03543231,0.9271706
-0.07166048,-0.3687907,0.03634335,0.9260331
-0.07738416,-0.3662984,0.03855567,0.9264721
-0.0896357,-0.3609212,0.04310981,0.927277
-0.08696619,-0.3595455,0.0423994,0.9280982
-0.08345747,-0.3585722,0.0415547,0.9288348
-0.08263174,-0.3561644,0.04168682,0.9298286
-0.07711313,-0.3495741,0.04065771,0.9328443
-0.07546557,-0.3382145,0.04150702,0.9371195
-0.06809109,-0.3294163,0.04017415,0.940869
-0.06456643,-0.3293053,0.0390697,0.9412028
-0.068904,-0.3338724,0.03988661,0.9392499
-0.06991873,-0.3336537,0.04027736,0.939236
-0.07057776,-0.33549,0.04021031,0.9385353
-0.0747703,-0.3411668,0.04077594,0.9361367
-0.07524641,-0.3446745,0.04047301,0.9348259
-0.07204187,-0.3440691,0.03971206,0.9353338
-0.07294696,-0.3421583,0.04028349,0.93594
-0.07032627,-0.3397236,0.03997682,0.9370399
-0.07379688,-0.3375081,0.04125259,0.9375183
-0.07486681,-0.3368523,0.04168233,0.9376503
-0.07364689,-0.3351248,0.04146986,0.938375
-0.06733079,-0.3313271,0.0400064,0.9402598
-0.06699479,-0.3322327,0.03967436,0.9399782
-0.07024664,-0.3340298,0.04051527,0.9390677
-0.07065591,-0.343228,0.03949143,0.9357579
-0.0643899,-0.3539724,0.03629633,0.9323304
-0.06836642,-0.3644801,0.03612681,0.9279953
-0.06391583,-0.3691517,0.03417682,0.9265386
-0.06201781,-0.3662261,0.03389148,0.9278382
-0.06593476,-0.3556763,0.03644118,0.9315681
-0.05843835,-0.348192,0.03497274,0.9349461
-0.06164943,-0.3454535,0.03636031,0.9357026
-0.06683034,-0.3406315,0.03864099,0.9370223
-0.0699077,-0.3380797,0.03999702,0.9376649
-0.0662853,-0.3375132,0.03891056,0.9381775
-0.0650406,-0.3373699,0.038541,0.9383315
-0.06677336,-0.3374713,0.03905546,0.938152
-0.06743143,-0.3377662,0.03924405,0.9379908
-0.06562835,-0.3376363,0.03869365,0.9381885
-0.06594282,-0.3383304,0.03867524,0.9379171
-0.06962982,-0.3416771,0.03941135,0.9364054
-0.0704065,-0.3452651,0.03914032,0.9350417
-0.06936253,-0.3455149,0.03879055,0.935042
-0.07134497,-0.3411359,0.04002329,0.9364478
-0.06879025,-0.3357678,0.03984604,0.9385841
-0.07264973,-0.3318732,0.04147864,0.9396073
-0.06738194,-0.332137,0.03983428,0.9399776
-0.06632046,-0.3322223,0.03948455,0.9400377
-0.06996697,-0.337895,0.03990129,0.9377311
-0.06755663,-0.344532,0.0383265,0.9355559
-0.05867618,-0.3474392,0.03518225,0.9352034
-0.06240921,-0.3468179,0.03642037,0.9351449
-0.06434035,-0.3467122,0.03701199,0.93503
-0.06477651,-0.3466012,0.0371538,0.9350354
-0.06802754,-0.3451195,0.03839904,0.9353023
-0.07079608,-0.3415266,0.03971183,0.9363602
-0.06527486,-0.3473791,0.03722212,0.9347093
-0.06612312,-0.3578763,0.03630161,0.9307171
-0.06791347,-0.3628466,0.03625145,0.9286635
-0.06977791,-0.3666934,0.03623361,0.9270135
-0.07743895,-0.3709475,0.0380208,0.924638
-0.06743076,-0.3658405,0.0356832,0.9275454
-0.05743719,-0.3501139,0.03452159,0.9343069
-0.06363538,-0.3448856,0.03709038,0.9357504
-0.05563871,-0.3468725,0.03430658,0.9356318
-0.05237723,-0.3508905,0.03284809,0.9343734
-0.05452571,-0.353884,0.03318669,0.9331086
-0.05935777,-0.3590976,0.03406217,0.9307875
-0.05879049,-0.3622907,0.03345323,0.9296075
-0.05734577,-0.3580598,0.03357087,0.9313311
-0.06392568,-0.3579385,0.03562826,0.9308729
-0.06005322,-0.3608408,0.03410109,0.9300669
-0.06359889,-0.3644673,0.03473277,0.9283924
-0.0703852,-0.3645617,0.03672617,0.9277887
-0.07132801,-0.369061,0.03643633,0.9259475
-0.07885174,-0.3712301,0.03845875,0.9243872
-0.07849905,-0.3704429,0.03846702,0.9247325
-0.07633958,-0.3702899,0.03776159,0.9250036
-0.07676212,-0.3701728,0.03790537,0.9250097
-0.07221864,-0.3702698,0.03647961,0.9253939
-0.07158439,-0.3706393,0.0362121,0.9253058
-0.07353354,-0.3700642,0.03689174,0.9253563
-0.07412823,-0.369329,0.03724441,0.9255884
-0.07557911,-0.3688232,0.03775061,0.9256523
-0.08140256,-0.3681688,0.03953549,0.9253443
-0.07739937,-0.369526,0.03813309,0.9252058
-0.07314371,-0.370409,0.03679387,0.9252532
-0.07468445,-0.3698954,0.03721496,0.9253187
-0.07770269,-0.3697045,0.03810418,0.9251103
-0.07679953,-0.3695441,0.03786857,0.9252594
-0.08038276,-0.3685466,0.03910914,0.9253013
-0.07199215,-0.3654298,0.03717425,0.9273059
-0.07160199,-0.3658483,0.03700325,0.9271779
-0.06946482,-0.3624738,0.03663455,0.9286794
-0.06691514,-0.3557271,0.03662395,0.9314715
-0.06623545,-0.3524606,0.03673577,0.9327565
-0.06641334,-0.3539605,0.03635881,0.9321905
-0.06544329,-0.3507987,0.03659311,0.9334444
-0.06139351,-0.3504488,0.0353223,0.9338997
-0.06361156,-0.353336,0.03574168,0.9326467
-0.06254223,-0.3534151,0.03615321,0.9326732
-0.06099113,-0.3535915,0.03486315,0.9327582
-0.06682359,-0.3530102,0.03679593,0.9325044
-0.06510484,-0.3531802,0.03640236,0.9325771
-0.06326984,-0.3533574,0.03598505,0.9326524
-0.06328277,-0.3533491,0.03619333,0.9326466
-0.05612811,-0.3540015,0.03449025,0.9329218
-0.0692908,-0.3527419,0.0378122,0.9323851
-0.06527209,-0.3531586,0.03658585,0.9325663
-0.07106437,-0.35255,0.03837397,0.9323014
-0.08821578,-0.3505367,0.04233807,0.9314234
-0.08839982,-0.3506521,0.03965991,0.9314803
-0.05476158,-0.3543729,0.02576579,0.9331437
-0.05604409,-0.3544851,0.01957136,0.9331754
-0.02797578,-0.3562774,0.004187522,0.933952
0.05559146,-0.3541718,-0.03025896,0.9330361
0.1282342,-0.3436074,-0.06090957,0.9283211
0.1803125,-0.3310375,-0.08071315,0.9227064
0.2022594,-0.3244568,-0.0886532,0.9197606
0.21573,-0.3196706,-0.09613423,0.9176217
0.2141015,-0.3199136,-0.09794012,0.9177275
0.2386701,-0.3104803,-0.1102304,0.913503
0.2675769,-0.2980204,-0.1235053,0.9079278
0.3145684,-0.2726945,-0.1513567,0.8965353
0.3874177,-0.2223005,-0.1920841,0.8738385
0.4623791,-0.1524644,-0.2306995,0.8424594
0.4896371,-0.1202181,-0.2455717,0.8279479
0.5120712,-0.0900794,-0.2577567,0.8143896
0.5479578,-0.03244814,-0.2775145,0.7884638
0.5720608,0.01599807,-0.2910373,0.7666732
0.5971553,0.08103088,-0.3049566,0.7374557
0.6062699,0.1114586,-0.3100579,0.7237941
0.6122071,0.1357708,-0.3140238,0.7128519
0.6194354,0.1721732,-0.3186736,0.6964936
0.6249714,0.2113686,-0.3222197,0.6789024
0.6280273,0.2472272,-0.3242237,0.6628268
0.6288297,0.3057941,-0.3252975,0.6365883
0.6241345,0.3665426,-0.3236482,0.6093886
0.6134447,0.4286246,-0.3188858,0.5816171
0.5923222,0.5027322,-0.3091618,0.5484832
0.5523376,0.5934466,-0.2911527,0.5079119
0.49141,0.6868908,-0.2634642,0.4661372
0.4043212,0.778064,-0.224037,0.4253801
0.2745627,0.864709,-0.165519,0.3866485
0.03557878,0.9317315,-0.05813242,0.3566946
-0.298485,0.8684656,0.09182285,0.385023
-0.5462678,0.6554888,0.2030426,0.4803121
-0.6502455,0.4048526,0.2496054,0.5924292
-0.6124585,0.043337,0.2329517,0.7541552
-0.4718798,-0.1679654,0.1699407,0.8486679
-0.4023028,-0.2290259,0.1363544,0.8758466
-0.4119939,-0.2242929,0.1321783,0.8732026
-0.4148457,-0.2236904,0.1283767,0.8725739
-0.2559446,-0.3104331,0.07448372,0.912456
-0.1333936,-0.3453019,0.02943388,0.9284969
-0.1727886,-0.3367067,0.04452099,0.9245489
-0.3020311,-0.2892274,0.0976619,0.9030985
-0.4780541,-0.1617928,0.1724795,0.8458949
-0.5303606,-0.1010456,0.1955319,0.8187031
-0.6350275,0.1073438,0.2426225,0.7255011
-0.6606867,0.2676449,0.2538306,0.6537809
-0.660569,0.3161214,0.2533728,0.6320745
-0.6590743,0.3413852,0.2524566,0.6207599
-0.6505453,0.4060304,0.2483382,0.5918263
-0.6566021,0.3655456,0.2514047,0.6099555
-0.6561868,0.367456,0.2517111,0.6091277
-0.6424042,0.442012,0.2457807,0.57579
-0.6203933,0.5137258,0.2357669,0.5437021
-0.610791,0.5380047,0.2314447,0.5328403
-0.5916874,0.5793226,0.2229855,0.5143626
-0.363568,0.8320107,0.1205332,0.4013082
0.09300836,0.9245256,-0.08409238,0.3599032
0.3327698,0.8314309,-0.191743,0.4015241
0.4205576,0.7636448,-0.2313024,0.4318299
0.5196432,0.6483736,-0.2755139,0.4833992
0.6022995,0.4750891,-0.3111609,0.5609853
0.6212562,0.39588,-0.3186601,0.5964694
0.6287693,0.3398052,-0.3205622,0.6216282
0.6314312,0.2976164,-0.3199436,0.6405898
0.6319895,0.2731791,-0.3183891,0.6516064
0.6317411,0.2472885,-0.3159003,0.6632937
0.6302801,0.2160908,-0.3117576,0.6773914
0.6257253,0.1715667,-0.3041784,0.6975015
0.6200626,0.1351371,-0.2958471,0.7139572
0.6138158,0.1061427,-0.2888091,0.7270166
0.5976022,0.05138975,-0.2744413,0.7516067
0.5728897,-0.008005977,-0.2571497,0.7782078
0.5508457,-0.04748896,-0.2467899,0.7958697
0.5492894,-0.04210424,-0.2590569,0.7933461
0.5399153,-0.04847321,-0.2699301,0.7957888
0.5035882,-0.09909183,-0.2590412,0.8182159
0.4758429,-0.132705,-0.2485998,0.8331634
0.5023593,-0.0993818,-0.2613001,0.818218
0.5483972,-0.02804838,-0.2833805,0.7862375
0.5628855,0.5763624,-0.2914133,0.5157952
-0.2273651,0.897897,0.06129543,0.3719261
-0.277782,0.8781168,0.08253564,0.3807044
-0.3392086,0.8468605,0.1095749,0.3946623
-0.3423751,0.8451415,0.1103499,0.3953959
-0.2813779,0.8767738,0.08232275,0.3812048
-0.2540672,0.8883575,0.06990083,0.3760116
-0.1387228,0.9220365,0.01814056,0.360937
-0.007124846,0.933664,-0.04107143,0.3557162
0.06236694,0.9288684,-0.072569,0.3578376
0.1004103,0.9229292,-0.09058385,0.3604361
0.09287213,0.924177,-0.08837168,0.3598085
0.05326363,0.9297267,-0.07164099,0.3572656
0.04966419,0.9300599,-0.07091795,0.3570611
0.08998427,0.9243487,-0.0907959,0.3594977
-0.04491553,0.9330761,-0.02877272,0.3557018
-0.06774283,0.9317243,-0.01830426,0.3563227
-0.06774636,0.9317212,-0.01780442,0.3563552
-0.08814279,0.9298038,-0.007974766,0.3572565
-0.0218781,0.9336492,-0.03759681,0.3555376
0.07730761,0.9266433,-0.08190116,0.3586754
0.1614363,0.9083388,-0.1194411,0.3668689
0.2765992,0.8626413,-0.1713215,0.3872879
0.3555544,0.8151444,-0.2053167,0.4086144
0.464113,0.7193286,-0.2514086,0.4516184
0.6011585,0.4809687,-0.3088902,0.5584483
0.497363,-0.1074781,-0.2557592,0.8219889
0.1566319,-0.3349322,-0.09806955,0.9239422
0.1007919,-0.347382,-0.07099129,0.9295843
0.2874238,-0.2855287,-0.148647,0.9020892
0.4061068,-0.2081421,-0.1976905,0.8675671
0.4645044,-0.1521208,-0.2266821,0.842443
0.5033457,-0.1045191,-0.2482289,0.8210368
0.541185,-0.0486943,-0.2666475,0.7960194
0.5764462,0.01819542,-0.2837973,0.7660534
0.5942575,0.06119692,-0.2922317,0.7468022
0.5957015,0.06350717,-0.2913037,0.7458209
0.5894808,0.04684272,-0.2878596,0.7532961
0.5644784,-0.006731451,-0.2779334,0.7772206
0.460793,-0.1530648,-0.2328227,0.8426356
0.223647,-0.3132467,-0.1260731,0.9143108
-0.07326983,-0.3540079,0.00190079,0.932366
-0.2643681,-0.306349,0.08181545,0.9108051
-0.3683608,-0.2523007,0.1226896,0.8863419
-0.4088746,-0.2251951,0.1355803,0.8739147
-0.4297198,-0.2100077,0.1407215,0.8668536
-0.4024099,-0.2312901,0.1285773,0.8763785
-0.316331,-0.2835463,0.09631842,0.9001439
-0.2987449,-0.2914987,0.0929968,0.9039533
-0.4716213,-0.1688947,0.1681149,0.8489908
-0.6302166,0.08913924,0.2383634,0.7335286
-0.660225,0.2410332,0.2511089,0.6655451
-0.6596044,0.34187,0.2511564,0.6204574
-0.6594447,0.340629,0.2517909,0.6210523
-0.6355032,0.4690809,0.2417072,0.563628
-0.6114635,0.5365291,0.2315925,0.533492
-0.6109682,0.5372018,0.2319601,0.5332227
-0.592351,0.5773416,0.2241997,0.5152977
-0.5329421,0.6737893,0.1976136,0.4721541
-0.4543486,0.7614832,0.1621673,0.4329116
-0.4206565,0.7906629,0.1470412,0.4198561
-0.3245563,0.8549687,0.1037028,0.3910722
-0.2750936,0.8792719,0.08156177,0.3802
-0.2445784,0.8917609,0.06789313,0.3746125
-0.196316,0.9079534,0.04612532,0.3673596
-0.1726554,0.9143679,0.0355878,0.3644928
-0.1523356,0.9191203,0.0264958,0.3623668
-0.105438,0.9274942,0.005473539,0.3586186
-0.0677244,0.9316699,-0.01116502,0.3567632
0.06470773,0.9287418,-0.07116791,0.3580317
0.1207851,0.9191375,-0.09658653,0.3623096
0.1111533,0.9211551,-0.09219398,0.3614117
0.08823409,0.9253615,-0.08149455,0.3595545
-0.01813959,0.9337969,-0.03264812,0.3558488
0.1416285,0.9143435,-0.1051729,0.3644943
0.2282609,0.8859194,-0.1440984,0.3771995
0.2405577,0.8808098,-0.1492779,0.3795025
0.4230715,0.7616737,-0.2314708,0.4327645
0.5081478,0.6649787,-0.2702479,0.4759783
0.5586683,0.5821673,-0.2928865,0.5130192
0.5936238,0.5001048,-0.3087379,0.5497152
0.6165939,0.4160385,-0.3190309,0.5873188
0.6287781,0.3230384,-0.323542,0.6289713
0.6294231,0.2579179,-0.322687,0.6581626
0.6206884,0.1747826,-0.3171184,0.6954372
0.5877008,0.05379985,-0.299442,0.7496985
0.5279577,-0.06414914,-0.270226,0.802573
0.4135182,-0.1971576,-0.2162495,0.8621878
0.266725,-0.2944493,-0.1469719,0.9058458
0.128827,-0.3419636,-0.08220354,0.9272039
0.1419467,-0.3390175,-0.08719318,0.9259135
0.2106277,-0.3182815,-0.1190511,0.9166023
0.2095295,-0.3185679,-0.1194632,0.9167009
0.1950801,-0.3236577,-0.1123976,0.9189975
0.1912917,-0.3249389,-0.1104383,0.9195791
0.1771631,-0.3294832,-0.1030805,0.9216444
0.156194,-0.3355442,-0.09217434,0.9244011
0.1287805,-0.3422252,-0.07859918,0.9274264
0.1229747,-0.3435385,-0.07475226,0.9280468
0.1033017,-0.3473081,-0.06539457,0.9297469
0.07938174,-0.3510142,-0.05439967,0.931412
0.05170085,-0.354129,-0.04275932,0.9327868
0.02225668,-0.3561441,-0.03104616,0.9336499
-0.004048184,-0.3568374,-0.01947149,0.9339548
-0.01185599,-0.3568442,-0.01653866,0.9339423
-0.01625773,-0.3568061,-0.01471663,0.933921
-0.008896217,-0.3568518,-0.01762115,0.9339525
-0.003632846,-0.356835,-0.01968498,0.9339529
0.01366031,-0.3564902,-0.02640143,0.9338261
0.0328068,-0.3555895,-0.03394689,0.9334492
0.0475997,-0.3545209,-0.03965934,0.9329932
0.05811875,-0.353559,-0.04383629,0.9325753
0.07192803,-0.3520429,-0.04929075,0.9319134
0.07813712,-0.3512686,-0.05169819,0.9315751
0.07809033,-0.3512728,-0.05172748,0.9315759
0.07493068,-0.3516743,-0.0504921,0.9317516
0.08810771,-0.3499005,-0.05561093,0.9309748
0.08623936,-0.3501678,-0.05489336,0.9310919
0.0871888,-0.3500355,-0.0551962,0.9310353
0.09218777,-0.3492992,-0.05716349,0.9307114
0.09205577,-0.3493075,-0.05734596,0.9307102
0.1030924,-0.3475462,-0.06168901,0.9299345
0.09987721,-0.3480705,-0.06057542,0.9301624
0.1042253,-0.347342,-0.06235757,0.9298399
0.1009474,-0.3478891,-0.06110211,0.9300803
0.09400938,-0.3489917,-0.05846505,0.9305637
0.0920717,-0.349289,-0.05767843,0.9306951
0.08321345,-0.3505639,-0.05430608,0.9312525
0.07923852,-0.3510949,-0.0528515,0.9314829
0.0779407,-0.351264,-0.0523559,0.9315566
0.07377728,-0.3517906,-0.05073244,0.9317868
0.06402067,-0.3529187,-0.04702137,0.9322761
0.05680922,-0.3536627,-0.04421098,0.9325989
0.04557451,-0.3546681,-0.039739,0.933035
0.04723527,-0.354533,-0.04033086,0.9329784
0.04465368,-0.3547425,-0.0393474,0.9330679
0.04519692,-0.3546973,-0.03964984,0.933046
0.05015321,-0.3542779,-0.0417059,0.9328625
0.05454872,-0.3538776,-0.04341213,0.9326899
0.05804583,-0.3535414,-0.04466887,0.932547
0.05881043,-0.3534671,-0.04488681,0.9325168
0.05765356,-0.3535801,-0.04452626,0.9325635
0.05437861,-0.3538935,-0.04335266,0.9326966
0.04894917,-0.3543845,-0.0411518,0.9329106
0.04322033,-0.3548561,-0.03872655,0.9331182
0.03543684,-0.3554145,-0.03553729,0.9333606
0.0261495,-0.3559589,-0.03191793,0.9335902
0.01837132,-0.3563164,-0.02881781,0.9337402
0.01651877,-0.3563883,-0.02805227,0.9337707
0.0174561,-0.3563526,-0.0284339,0.9337557
0.02275816,-0.356126,-0.03055194,0.933661
0.0324149,-0.3556055,-0.03437384,0.9334412
0.03976524,-0.3551159,-0.03727887,0.9332319
0.04272728,-0.3548964,-0.03841036,0.9331385
0.04626202,-0.354614,-0.03992283,0.933014
0.04653719,-0.354593,-0.03995693,0.9330068
0.04643855,-0.3546012,-0.03991576,0.9330103
0.04307449,-0.3548675,-0.0386591,0.9331233
0.04345312,-0.35484,-0.03872396,0.9331136
0.04049028,-0.3550647,-0.0374854,0.9332119
0.03617536,-0.3553651,-0.03586284,0.9333386
0.02972626,-0.3557633,-0.03340859,0.9335055
0.02030268,-0.3562347,-0.02979843,0.9337005
0.02954974,-0.3557519,-0.0352046,0.9334495
0.09128861,-0.3489618,-0.06669182,0.9302926
0.1319367,-0.3408856,-0.08908145,0.926528
0.0796588,-0.3504454,-0.067911,0.9307151
0.03496107,-0.3552643,-0.04910996,0.93282
0.103501,-0.3464561,-0.08071457,0.9288385
0.08927038,-0.3488805,-0.07478511,0.9299034
0.2112972,-0.3166623,-0.130602,0.9154352
0.2589334,-0.2966354,-0.1527507,0.9064371
0.1558444,-0.3343978,-0.1065002,0.9233355
0.1154618,-0.3441229,-0.08648591,0.9277759
-0.03017388,-0.35662,-0.01422098,0.933654
-0.04403748,-0.3558906,-0.00324354,0.9334838
-0.06265233,-0.3546559,0.003665142,0.9328882
-0.05166356,-0.355457,-0.0007076338,0.9332635
-0.04487114,-0.3558652,-0.003526703,0.9334529
-0.04348142,-0.3559406,-0.004120294,0.9334874
-0.0383829,-0.3561839,-0.006015881,0.9336079
-0.03660601,-0.3562601,-0.006687031,0.9336455
-0.03672166,-0.3562575,-0.006726125,0.9336418
-0.03760565,-0.3562184,-0.00633144,0.9336242
-0.04081137,-0.3560697,-0.005008958,0.9335544
-0.03770779,-0.3562124,-0.006234795,0.933623
-0.03195638,-0.3564385,-0.008494791,0.9337335
-0.02930826,-0.3565262,-0.009538309,0.9337768
-0.03009012,-0.356503,-0.009299701,0.9337631
-0.03187282,-0.3564426,-0.008572046,0.9337341
-0.03186841,-0.3564413,-0.008516792,0.9337351
-0.03403211,-0.3563616,-0.00764049,0.9336969
-0.03794956,-0.3562021,-0.006149171,0.9336178
-0.03796697,-0.3562033,-0.006214487,0.9336161
-0.03883676,-0.3561642,-0.005860856,0.9335976
-0.03952196,-0.356129,-0.005457622,0.9335846
-0.03842565,-0.3561799,-0.005922548,0.9336082
-0.03605385,-0.3562821,-0.006868307,0.9336574
-0.03617104,-0.356277,-0.006815148,0.9336551
-0.03379544,-0.356373,-0.007827587,0.9336996
-0.03486607,-0.3563315,-0.007395931,0.9336796
-0.0322268,-0.3564346,-0.008614923,0.9337246
-0.02675859,-0.3566312,-0.01195184,0.9337855
0.01345916,-0.3564868,-0.03295629,0.9336219
-0.0148758,-0.35695,-0.02357776,0.9337075
-0.08706128,-0.3525876,0.007134745,0.9316928
-0.09462216,-0.3516168,0.01112398,0.9312832
-0.05930536,-0.3550287,-0.000330925,0.9329723
-0.0818277,-0.3528256,0.01122113,0.9320367
-0.08571731,-0.3523923,0.0126535,0.9318327
-0.05356544,-0.3554018,-0.001825357,0.9331757
-0.007331687,-0.3569214,-0.02472776,0.9337783
-0.004989231,-0.3569232,-0.02741556,0.933718
-0.02336271,-0.3568537,-0.02010288,0.9336517
-0.04289636,-0.3561858,-0.01107537,0.9333643
-0.02831223,-0.356639,-0.01354392,0.933715
-0.05188224,-0.3554461,-0.000708757,0.9332555
-0.0542882,-0.3552824,0.0003309231,0.9331812
-0.05628416,-0.3551414,0.001153979,0.933116
-0.05411825,-0.3552933,0.0002833344,0.933187
-0.05309812,-0.355363,-0.000143826,0.933219
-0.04922228,-0.3556197,-0.001946973,0.9333317
-0.02893657,-0.3565848,-0.01173553,0.933741
-0.008153342,-0.3569115,-0.02324431,0.9338135
-0.01870464,-0.3569003,-0.02095965,0.93372
-0.06015888,-0.3551258,-0.003786089,0.9328731
-0.08026139,-0.3532726,0.005481483,0.932055
-0.06156021,-0.3548536,0.0006419029,0.9328927
-0.09054646,-0.3517996,0.01482142,0.931568
-0.1007429,-0.3504693,0.01874788,0.9309515
-0.104832,-0.3498903,0.02033965,0.9306843
-0.1037984,-0.3500426,0.01988508,0.9307528
-0.1058299,-0.3497407,0.02079156,0.9306177
-0.109284,-0.3492214,0.02220415,0.9303808
-0.1133416,-0.348602,0.02366736,0.9300916
-0.06614988,-0.3544634,0.002828952,0.9327229
0.004262959,-0.3567604,-0.02970017,0.933714
-0.01092668,-0.3569541,-0.02493236,0.9337252
-0.08054353,-0.353269,0.005120868,0.9320341
-0.1223469,-0.3473256,0.02455923,0.9294047
-0.07252991,-0.3538222,0.006741237,0.9324719
-0.1090647,-0.3492545,0.02212007,0.9303961
-0.09544521,-0.3511752,0.01678864,0.931281
-0.09589738,-0.3511218,0.01687277,0.9312532
-0.09031021,-0.3518338,0.01464338,0.9315808
-0.0782145,-0.3532038,0.009973669,0.9322179
-0.07438595,-0.3535896,0.008534288,0.9323993
-0.07076409,-0.353937,0.007120166,0.9325612
-0.06141432,-0.3547539,0.003205134,0.932935
-0.03726958,-0.3562479,-0.007002342,0.9336216
0.07957257,-0.3510095,-0.0539747,0.9314222
0.1946929,-0.3249932,-0.1015801,0.9198671
0.2212547,-0.3154022,-0.1156103,0.9155338
0.2586411,-0.2994882,-0.1353605,0.9083441
0.3584869,-0.2422086,-0.1838873,0.8826142
0.4407428,-0.1735722,-0.223673,0.851815
0.4906856,-0.1185751,-0.2468455,0.8271849
0.5428873,-0.04232068,-0.2733115,0.7929585
0.5818859,0.03848442,-0.2957805,0.7565987
0.6204078,0.1753127,-0.3180087,0.6951476
0.6265405,0.2208294,-0.3215613,0.6747442
0.6294582,0.2752708,-0.3241783,0.6503204
0.6286682,0.3113893,-0.3251858,0.6340878
0.6229106,0.3715484,-0.3246781,0.6070572
0.6145245,0.4194472,-0.3217409,0.5855823
0.5963168,0.4873915,-0.3140923,0.5551592
0.5741757,0.5454631,-0.3046065,0.529157
0.5513295,0.5925905,-0.2945153,0.5080681
0.5237772,0.6391527,-0.2824029,0.4872267
0.4942887,0.6811192,-0.2688596,0.4684762
0.4420721,0.7413985,-0.2448058,0.4415548
0.365351,0.8081317,-0.2095072,0.4117628
0.2401695,0.8803824,-0.1523714,0.3795108
0.05812419,0.9294242,-0.06994931,0.3576303
-0.1872181,0.9106249,0.04097134,0.3661055
-0.4162228,0.7943381,0.1445868,0.418187
-0.5062428,0.7072076,0.185826,0.4572137
-0.5627112,0.6292328,0.2125807,0.4921704
-0.5764407,0.6053027,0.2199546,0.5029361
-0.5920892,0.5759239,0.2267512,0.5160679
-0.6011391,0.5574744,0.2301632,0.5242891
-0.6047457,0.5497578,0.2314245,0.5277231
-0.6326475,0.4780258,0.2409091,0.559653
-0.650905,0.4088294,0.2460977,0.590438
-0.6603938,0.3490537,0.2476557,0.6170156
-0.6610532,0.3443402,0.2473292,0.6190854
-0.6645568,0.2963591,0.2459248,0.6403566
-0.6612893,0.2029089,0.2382814,0.6817232
-0.5724289,-0.05198194,0.192725,0.7952862
-0.3766378,-0.2481553,0.1214449,0.8842025
-0.1826189,-0.3339452,0.05022623,0.9233679
-0.06071587,-0.3548869,0.001062326,0.932935
-0.08945425,-0.3521005,0.01156824,0.9316058
-0.2554868,-0.3095614,0.08055169,0.912365
-0.4748628,-0.1635675,0.1747769,0.846879
-0.5976022,0.0109902,0.2277155,0.768698
-0.6429893,0.1390439,0.2473225,0.7113811
-0.6283158,0.08750477,0.2411204,0.7344543
-0.6239282,0.07472543,0.2393028,0.7401783
-0.2916662,-0.294383,0.09250681,0.9053794
0.01612768,-0.3563758,-0.04404655,0.9331645
0.1006,-0.3468665,-0.08171704,0.9289163
0.2322628,-0.3082852,-0.1412372,0.9116284
0.5679128,0.00975287,-0.2924751,0.7693102
0.6073149,0.4594443,-0.3120808,0.5680538
0.592567,0.5055622,-0.3059845,0.547398
0.6310164,0.2834697,-0.3209977,0.6468568
0.3659077,-0.2340852,-0.198673,0.878547
0.1501103,-0.3360018,-0.1030478,0.9240947
0.2373256,-0.3061258,-0.1438276,0.9106466
-0.3772282,-0.2460192,0.128096,0.883609
-0.6601076,0.3290813,0.252552,0.6262435
-0.5870219,0.5905198,0.2177794,0.5091795
-0.5635269,0.6319802,0.2059034,0.4905531
-0.558084,0.6408493,0.2028003,0.4865456
-0.5490087,0.6542323,0.199036,0.4805769
-0.5569078,0.6419131,0.2036165,0.4861498
-0.5186516,0.6936668,0.1880801,0.4630906
-0.5074583,0.7064488,0.1847693,0.4574674
-0.5070155,0.7063379,0.1860812,0.457598
-0.4790543,0.736425,0.1755939,0.4442431
-0.5086417,0.7035416,0.1888739,0.4589548
-0.5220971,0.6872299,0.194334,0.4662232
-0.5384212,0.6657564,0.2011953,0.4758062
-0.5434094,0.6589039,0.2031011,0.4788547
-0.5154545,0.6956562,0.1910969,0.4624404
-0.5099741,0.7024248,0.1883593,0.459398
-0.5194585,0.6911352,0.1918798,0.4644107
-0.5339651,0.6726526,0.1975725,0.4726362
-0.5465091,0.6555597,0.2023415,0.4802368
-0.5868855,0.5902839,0.218442,0.5093266
-0.62849,0.4940217,0.2363414,0.5523456
-0.6518285,0.4024448,0.2472087,0.5933344
-0.6581364,0.3578865,0.2503167,0.6132826
-0.6439955,0.4392535,0.2439869,0.5768853
-0.6325331,0.4796657,0.2397871,0.5588604
-0.6416954,0.4479418,0.2433552,0.5730214
-0.660975,0.3236468,0.2514697,0.6285918
-0.656522,0.2030335,0.2488714,0.6825097
-0.6454517,0.1402672,0.2426703,0.7105128
-0.6278509,0.07820182,0.2339126,0.7382226
-0.5972652,0.003562242,0.2190655,0.7715387
-0.5342642,-0.1006632,0.1880007,0.8179759
-0.4888081,-0.1560463,0.1640345,0.8425016
-0.4728718,-0.1733751,0.154105,0.85005
-0.4563495,-0.1889828,0.1467201,0.8570321
-0.4149944,-0.2222606,0.1326274,0.8722327
-0.3747132,-0.2493146,0.1210439,0.8847489
-0.3234652,-0.2790322,0.1027435,0.8983068
-0.3857078,-0.2412238,0.1281551,0.8812587
-0.5088279,-0.1303811,0.1807101,0.831528
-0.6346954,0.09938529,0.237073,0.7287529
-0.6610729,0.3303267,0.2501687,0.6255258
-0.5993353,0.5658528,0.2235409,0.5202281
-0.5503135,0.6510904,0.20198,0.4821208
-0.4984601,0.7172504,0.179628,0.4525739
-0.4737009,0.7435908,0.1684833,0.4407874
-0.4687302,0.7486082,0.1660385,0.4385306
-0.4736306,0.7436785,0.1684038,0.4407456
-0.4721712,0.7454001,0.1670081,0.4399333
-0.4831122,0.7343516,0.171562,0.444856
-0.4895684,0.7274765,0.1745133,0.447935
-0.4959735,0.7203755,0.177636,0.4511261
-0.4948135,0.7215566,0.1773801,0.4506128
-0.4830828,0.7340332,0.1724957,0.4450524
-0.4712897,0.7458845,0.1677371,0.43978
-0.4662103,0.7507758,0.1657763,0.4376093
-0.4707393,0.7462264,0.1680779,0.4396595
-0.5119774,0.7011893,0.1865252,0.4598055
-0.4934236,0.7226003,0.1780098,0.4502161
-0.5620062,0.6323382,0.2088286,0.4905999
-0.6609655,0.2817034,0.2540044,0.6474949
-0.4536905,-0.1851945,0.1625506,0.8564142
0.4169588,-0.1916594,-0.2255848,0.859374
0.5552793,-0.01514024,-0.2869704,0.7804381
0.6017781,0.09607038,-0.307772,0.7306913
0.6192518,0.1659244,-0.3159051,0.6994286
0.6256191,0.2064443,-0.3191116,0.6812851
0.6298627,0.2588408,-0.3218169,0.6578058
0.6302593,0.2867182,-0.3227347,0.6452969
0.6296886,0.3057544,-0.3233838,0.6367335
0.6291143,0.3137243,-0.3239554,0.6331232
0.6285422,0.3177339,-0.3247741,0.6312699
0.6283137,0.3139079,-0.3257213,0.6329215
0.628014,0.3101481,-0.3267606,0.6345346
0.6281521,0.2918083,-0.3274241,0.6427024
0.6277448,0.2860615,-0.3283521,0.6452056
0.6273426,0.2722343,-0.3287325,0.6513561
0.626785,0.255475,-0.328283,0.6588653
0.6263099,0.2500396,-0.3285452,0.661267
0.6254154,0.2340086,-0.3274586,0.6684806
0.6243578,0.2185019,-0.3258049,0.6754891
0.6224232,0.1963937,-0.322629,0.685514
0.6190854,0.1692491,-0.3179973,0.6978294
0.6147805,0.1437136,-0.3132903,0.7093945
0.6089356,0.1161569,-0.3075909,0.7218676
0.5954955,0.06850486,-0.2967615,0.7433874
0.5564977,-0.02560386,-0.2685586,0.7858315
0.4790809,-0.1414486,-0.2200774,0.8378782
0.3807965,-0.2347004,-0.162075,0.8795689
0.2601281,-0.3048157,-0.09939939,0.9107912
0.159078,-0.3387344,-0.05156878,0.9259017
0.1079797,-0.3487982,-0.03068563,0.9304507
0.03674513,-0.3558357,-0.009998362,0.9337724
-0.03258612,-0.35594,0.01336873,0.9338449
0.002390228,-0.3567575,0.007571876,0.9341632
-0.04030047,-0.3554874,0.01774275,0.9336433
-0.1032396,-0.3490496,0.03614187,0.9306985
-0.152371,-0.3397996,0.05405323,0.9264975
-0.1733343,-0.3346225,0.06248435,0.9241638
-0.1611464,-0.3374651,0.0601502,0.9254897
-0.1540208,-0.338877,0.06045248,0.9261671
-0.1549701,-0.3383001,0.06458491,0.9259406
-0.1667594,-0.3351526,0.07133918,0.9245403
-0.1667031,-0.3350458,0.07252786,0.9244967
-0.1738749,-0.3331984,0.07473695,0.9236671
-0.1360885,-0.3425466,0.05697247,0.9278449
-0.1089088,-0.3476672,0.04589017,0.93014
-0.06924251,-0.3531001,0.02888359,0.9325726
-0.08959455,-0.3506573,0.03693465,0.9314763
-0.07814738,-0.3521052,0.03248387,0.9321264
-0.09263002,-0.3501747,0.039305,0.9312639
-0.07230502,-0.352717,0.03140695,0.9324036
-0.06815626,-0.3531369,0.03035701,0.9325919
-0.06383891,-0.3535244,0.02994131,0.932764
-0.06171048,-0.3536706,0.03079202,0.9328241
-0.04862595,-0.3547436,0.0276791,0.9332879
-0.0378139,-0.3554775,0.0242899,0.9336038
-0.03696341,-0.3555414,0.02334416,0.9336376
-0.02265433,-0.3562514,0.01766165,0.9339485
-0.02462289,-0.3561657,0.01895534,0.933906
-0.0301251,-0.355905,0.02153708,0.9337881
-0.03370299,-0.3556892,0.02441476,0.9336773
-0.03376356,-0.3556656,0.02563232,0.9336514
-0.03521447,-0.3555779,0.02634551,0.9336113
-0.03345522,-0.355639,0.02824578,0.9335973
-0.04070229,-0.3551703,0.03127804,0.9333913
-0.03684923,-0.3554314,0.02955358,0.933508
-0.02639239,-0.3560101,0.02603983,0.9337463
-0.01984832,-0.3562956,0.02349422,0.933867
-0.02185023,-0.3562092,0.02494109,0.9338177
-0.02758941,-0.3559342,0.02790089,0.9336869
-0.02617349,-0.3559841,0.02930931,0.9336655
-0.0261149,-0.3559874,0.02924959,0.9336677
-0.03072114,-0.3557531,0.03013462,0.9335887
-0.02975145,-0.3558042,0.02998411,0.9336056
-0.03336138,-0.3556034,0.03087389,0.933531
-0.0280451,-0.3558888,0.02992763,0.9336278
-0.02618355,-0.3559822,0.02945072,0.9336615
-0.02665216,-0.3559585,0.02962858,0.9336516
-0.02661562,-0.3559582,0.02981561,0.9336468
-0.02742097,-0.355916,0.03019035,0.9336276
-0.03033546,-0.3557633,0.03086472,0.9335736
-0.02669328,-0.3559508,0.03016811,0.9336361
-0.02154444,-0.356188,0.02917387,0.9337103
-0.01673213,-0.3563811,0.02794722,0.9337727
-0.0157326,-0.3564175,0.02764965,0.9337851
-0.01123203,-0.3565645,0.02643595,0.9338292
-0.01814016,-0.356332,0.02749543,0.9337786
-0.01713722,-0.3563694,0.02731146,0.9337887
-0.01794192,-0.3563391,0.02752935,0.9337788
-0.01897686,-0.3562997,0.02766725,0.9337692
-0.01640262,-0.3563959,0.02719712,0.9337951
-0.01500739,-0.3564443,0.02703909,0.9338046
-0.0155163,-0.3564261,0.02732554,0.933795
-0.01386479,-0.356482,0.02705885,0.9338074
-0.01593641,-0.3564111,0.02747192,0.9337893
-0.01538567,-0.3564301,0.02745809,0.9337917
-0.01497713,-0.356444,0.02746366,0.9337929
-0.0145883,-0.3564573,0.02738222,0.9337963
-0.01769264,-0.3563459,0.02799895,0.933767
-0.01844628,-0.3563165,0.02824717,0.9337561
-0.01843753,-0.3563172,0.02817947,0.933758
-0.01617367,-0.3564013,0.02785562,0.9337776
-0.01729986,-0.3563597,0.02813628,0.9337649
-0.01556207,-0.3564232,0.0277074,0.9337841
-0.01517499,-0.356437,0.02755401,0.9337897
-0.01784376,-0.3563398,0.02810255,0.9337633
-0.01694813,-0.3563733,0.02793676,0.9337721
-0.01488899,-0.3564468,0.02750306,0.9337921
-0.01558063,-0.3564229,0.02761269,0.9337866
-0.0155567,-0.3564233,0.02771839,0.9337838
-0.01565897,-0.3564202,0.02761911,0.9337862
-0.0149978,-0.3564433,0.02747438,0.9337925
-0.01483535,-0.3564487,0.02750787,0.9337921
-0.01510791,-0.3564392,0.02757441,0.9337893
-0.01553058,-0.3564247,0.02757378,0.933788
-0.01683309,-0.3563785,0.02770049,0.9337792
-0.01607941,-0.3564056,0.02760733,0.933785
-0.01872073,-0.356307,0.02808783,0.9337591
-0.01750751,-0.3563532,0.02789445,0.9337708
-0.01857365,-0.3563125,0.0280934,0.9337597
-0.0186189,-0.3563111,0.02804422,0.9337608
-0.01819745,-0.3563274,0.02794801,0.9337658
-0.0159025,-0.3564118,0.02757888,0.9337865
-0.01781856,-0.3563415,0.02794395,0.9337679
-0.01894383,-0.3562986,0.02808433,0.9337579
-0.01643586,-0.3563928,0.02767382,0.9337817
-0.0156247,-0.3564213,0.02762021,0.9337863
-0.01542628,-0.3564284,0.02755278,0.9337889
-0.01694907,-0.3563735,0.02788742,0.9337735
-0.01635788,-0.3563949,0.02781802,0.9337779
-0.01738401,-0.3563577,0.02789163,0.9337714
-0.01636324,-0.3563952,0.0276994,0.9337812
-0.01797794,-0.3563353,0.02799835,0.9337656
-0.01603166,-0.3564078,0.02747188,0.933789
-0.01571684,-0.3564186,0.02749841,0.9337894
-0.01711755,-0.3563683,0.02770035,0.933778
-0.01091934,-0.3565737,0.02622703,0.9338351
-0.006731819,-0.3566839,0.0250182,0.9338659
-0.008226942,-0.3566469,0.02501805,0.9338681
-0.004944876,-0.3567226,0.02418167,0.9338843
-0.003189847,-0.3567575,0.02377054,0.9338892
-0.007134584,-0.3566737,0.02479019,0.9338729
-0.006800665,-0.3566818,0.02481002,0.9338717
-0.00420719,-0.3567388,0.02430038,0.9338785
-0.01066688,-0.3565812,0.02581705,0.9338466
-0.01156959,-0.3565549,0.02603457,0.9338399
-0.007508282,-0.3566646,0.02480938,0.9338729
-0.005526942,-0.3567095,0.02404964,0.9338894
-0.01212462,-0.3565391,0.02559273,0.9338511
-0.01462797,-0.356459,0.02639258,0.9338236
-0.01716357,-0.3563685,0.02728928,0.9337892
-0.01839012,-0.3563198,0.02801813,0.9337628
-0.01789437,-0.3563393,0.02782748,0.9337707
-0.01652771,-0.3563924,0.02698657,0.9338003
-0.01489144,-0.3564505,0.02636578,0.9338235
-0.01832572,-0.3563294,0.02671982,0.9337985
-0.02253837,-0.3561634,0.02709647,0.9337589
-0.02258939,-0.3561623,0.02697952,0.9337614
-0.02318208,-0.3561375,0.02701605,0.9337553
-0.02970072,-0.355831,0.02811587,0.933655
-0.02651414,-0.3559945,0.02693031,0.9337236
-0.02760946,-0.3559459,0.02685062,0.9337127
-0.0284119,-0.3559162,0.02627124,0.9337164
-0.01953255,-0.3563071,0.02346515,0.93387
-0.003245881,-0.3567409,0.01928471,0.9339987
-0.01588858,-0.3564371,0.02202764,0.9339244
-0.02810582,-0.3559385,0.02562614,0.9337351
-0.04562435,-0.3549398,0.02771025,0.933364
-0.05386756,-0.3544391,0.02568676,0.9331727
-0.06928831,-0.3532481,0.02519776,0.9326199
-0.06391245,-0.3538827,0.02034781,0.9328817
-0.06197813,-0.3541412,0.01744303,0.9329728
-0.05263394,-0.3549466,0.01240395,0.9333213
-0.04780393,-0.3553371,0.00878842,0.9334737
-0.01239186,-0.3566914,-0.002938119,0.9341355
0.03482058,-0.3558346,-0.01388705,0.9337968
0.1087728,-0.347072,-0.05561211,0.9298478
0.2198877,-0.3160992,-0.1136005,0.9158743
0.2468461,-0.3060249,-0.1211923,0.9114429
0.2568305,-0.3017205,-0.1256177,0.909518
0.2615579,-0.2985056,-0.1345285,0.9079559
0.3080678,-0.2728219,-0.1660665,0.8961498
0.3261901,-0.2617271,-0.1761124,0.8911136
0.3444014,-0.2499366,-0.1851159,0.8858055
0.4108842,-0.1991171,-0.2161565,0.8630196
0.4787566,-0.1302353,-0.2476763,0.8321581
0.4832958,-0.1242445,-0.2511117,0.8294163
0.5110524,-0.08803061,-0.2642048,0.8131863
0.5403737,-0.04276153,-0.2783851,0.792887
0.565995,0.005213588,-0.2908579,0.771378