0.01007676,-0.3023545,-0.02729767,0.9527513
-0.04127862,-0.3136598,0.06614699,0.9463288
-0.036959,-0.3120792,0.06133413,0.9473536
-0.03755363,-0.3111441,0.06361534,0.9474872
-0.03769614,-0.3113686,0.06363729,0.9474064
-0.0367124,-0.3107799,0.06318425,0.9476687
-0.03534919,-0.3122973,0.06140334,0.9473386
-0.03613034,-0.3138762,0.05884801,0.9469494
-0.03719644,-0.3134053,0.06085699,0.9469371
-0.0380856,-0.3143258,0.05789742,0.9467822
-0.03783694,-0.3132685,0.05650597,0.9472266
-0.03832448,-0.311782,0.05576432,0.9477413
-0.03930317,-0.3122324,0.05729112,0.9474618
-0.03733842,-0.3094701,0.05696412,0.9484667
-0.03675161,-0.3089225,0.05202956,0.9489516
-0.03256333,-0.3066706,0.05647165,0.9495808
-0.03195038,-0.3036736,0.05887653,0.9504184
-0.03037408,-0.3026815,0.05971693,0.950734
-0.03009287,-0.2965805,0.05884978,0.9527178
-0.02923632,-0.2907345,0.05799526,0.9545969
-0.02803906,-0.2875306,0.05740234,0.9556385
-0.02759581,-0.2893837,0.0542332,0.9552771
-0.02888024,-0.2916231,0.05499709,0.9545141
-0.03339556,-0.2915863,0.0556023,0.954343
-0.03639529,-0.2900387,0.05837964,0.9545391
-0.03833008,-0.2855576,0.05923296,0.955761
-0.03371162,-0.291928,0.05864558,0.9540452
-0.04034626,-0.2935348,0.0653804,0.9528562
-0.05910636,-0.2895782,0.08090007,0.951896
-0.0879112,-0.2899666,0.09517556,0.948226
-0.1238882,-0.2709411,0.1263915,0.9461859
-0.1567332,-0.2513235,0.1525458,0.9428686
-0.1692526,-0.232962,0.163188,0.9436376
-0.1921877,-0.2389676,0.1550003,0.939113
-0.2353719,-0.2307074,0.1676994,0.929113
-0.2411679,-0.1989468,0.203932,0.927723
-0.2469141,-0.221284,0.185539,0.9250092
-0.2341113,-0.22146,0.1864288,0.9281119
-0.2302466,-0.2259877,0.1806389,0.9291317
-0.2139267,-0.236762,0.1644898,0.9333392
-0.1831937,-0.2457851,0.1386241,0.9417076
-0.1560607,-0.2535279,0.1164374,0.9475289
-0.1331839,-0.2533024,0.1045958,0.9524493
-0.1264321,-0.2592742,0.1139345,0.9506896
-0.1367895,-0.2704373,0.1229247,0.9450088
-0.1282169,-0.256392,0.1367192,0.9482254
-0.1327158,-0.2558999,0.1425544,0.9468791
-0.1395385,-0.2561127,0.1482925,0.9449574
-0.1456161,-0.2469578,0.1657563,0.9435744
-0.1537068,-0.2429292,0.1773263,0.9412306
-0.1584666,-0.2335689,0.1907045,0.9401945
-0.1525006,-0.2278308,0.1923223,0.9422573
-0.1368672,-0.2380537,0.1822297,0.9441346
-0.112571,-0.2535366,0.1655468,0.9463831
-0.0890093,-0.2772399,0.1454701,0.9455442
-0.05544662,-0.2959134,0.1279764,0.9449778
-0.03133597,-0.3092036,0.1037532,0.9447998
0.01544636,-0.3244416,0.07898627,0.9424756
0.06880652,-0.3299539,0.0446945,0.9404246
0.1050529,-0.3114334,0.0108628,0.9443808
0.1146244,-0.3070316,-0.00345597,0.944765
0.1117562,-0.3093776,-0.005946033,0.9443308
0.08040181,-0.3090056,0.01146307,0.9475863
0.02488644,-0.3109235,0.04828965,0.9488811
-0.03629015,-0.2836289,0.08143164,0.9547809
-0.07581218,-0.2618394,0.1082614,0.9560189
-0.1045583,-0.2511212,0.1254832,0.9540753
-0.1480367,-0.2459273,0.147674,0.9464657
-0.1693498,-0.2199156,0.1809508,0.9435118
-0.1672401,-0.2111708,0.1936925,0.9433562
-0.1626865,-0.2210867,0.1875564,0.9431205
-0.1559781,-0.2236604,0.1847199,0.9442062
-0.145699,-0.2273206,0.1614087,0.9492336
-0.1353787,-0.2431393,0.1560046,0.9477438
-0.1221059,-0.2573231,0.1364816,0.9488138
-0.1186521,-0.238084,0.1354811,0.9544017
-0.1112566,-0.2365825,0.1372264,0.9554159
-0.1141296,-0.2532442,0.1378784,0.9507004
-0.1084391,-0.2531738,0.1482833,0.9498189
-0.1082602,-0.264974,0.1495165,0.9464213
-0.1097805,-0.273659,0.1621295,0.9416863
-0.124481,-0.2793898,0.1789184,0.9351118
-0.1289032,-0.2694509,0.1890501,0.9354359
-0.1247384,-0.2717093,0.1866712,0.9358249
-0.1057051,-0.2789561,0.1691154,0.9393667
-0.07889144,-0.2841737,0.1458827,0.9443198
-0.06110796,-0.2966967,0.1244092,0.9448593
-0.05600693,-0.3141741,0.1099942,0.9413071
-0.02670883,-0.3247427,0.08997522,0.941134
0.006001882,-0.329231,0.06250684,0.9421592
0.03394614,-0.3342483,0.03878485,0.9410746
0.07465072,-0.3330456,0.007642392,0.9399199
0.1009334,-0.3353828,-0.01371049,0.936559
0.1244304,-0.3273535,-0.03420721,0.9360484
0.1281805,-0.3195264,-0.05171726,0.9374423
0.1200165,-0.3043689,-0.06427627,0.9427747
0.1174275,-0.2873735,-0.05774174,0.9488378
0.1095341,-0.2899172,-0.05378776,0.9492404
0.1060019,-0.2936623,-0.0481511,0.9487927
0.09816183,-0.2978897,-0.04312325,0.9485601
0.08486749,-0.3026259,-0.03450884,0.9486961
0.08372365,-0.3002539,-0.03735371,0.9494433
0.08817874,-0.2995787,-0.0407112,0.9491153
0.08636666,-0.2976824,-0.03772575,0.9500015
0.06876932,-0.3120973,-0.01556426,0.9474301
0.04256301,-0.3362374,0.01907189,0.9406217
0.02031951,-0.3360163,0.05352547,0.9401144
0.0070835,-0.342074,0.06335954,0.9375077
0.002446251,-0.3398271,0.06922704,0.9379335
-0.001726527,-0.336594,0.07758663,0.9384466
-0.01241008,-0.3318995,0.08013196,0.9398232
-0.02965019,-0.3150259,0.1040923,0.9428915
-0.04780222,-0.3111706,0.1250491,0.9408774
-0.0785487,-0.3119531,0.1348879,0.9371877
-0.0909188,-0.3037844,0.1455467,0.937158
-0.1002802,-0.3024425,0.1498904,0.9359517
-0.09677505,-0.3109244,0.1430038,0.9346179
-0.0755841,-0.3125378,0.125534,0.9385352
-0.0320672,-0.3162056,0.1004142,0.9428164
0.0102522,-0.3277707,0.07657299,0.9415932
0.04708841,-0.3241526,0.06411143,0.9426545
0.07482073,-0.3256689,0.06331058,0.94039
0.1061562,-0.3226095,0.03856164,0.9397696
0.1388187,-0.3068869,0.003494821,0.9415613
0.1502351,-0.3079088,-0.008379344,0.939442
0.1282735,-0.3220775,0.009253528,0.9379373
0.07023652,-0.3306916,0.04231563,0.9401698
-0.004070146,-0.3219347,0.09589843,0.9418837
-0.07857364,-0.2992329,0.1460652,0.9396546
-0.1043988,-0.2743662,0.1536753,0.9435083
-0.1243689,-0.2608564,0.1569277,0.9443834
-0.154575,-0.2415445,0.1980568,0.9373027
-0.1495975,-0.2365367,0.2108426,0.9365984
-0.1398149,-0.2316404,0.2073685,0.9401025
-0.1263238,-0.2307273,0.1974673,0.944359
-0.1096852,-0.2490502,0.1763538,0.9459611
-0.0795996,-0.2638996,0.1513582,0.949269
-0.04328647,-0.2818618,0.1224201,0.9506279
-0.02133739,-0.3044501,0.1061149,0.9463586
-0.01780899,-0.32474,0.103383,0.9399673
-0.0266212,-0.3396744,0.1054016,0.9342393
-0.03649469,-0.3511365,0.1061507,0.9295716
-0.03015015,-0.3591232,0.09879355,0.9275566
-0.02146208,-0.3616927,0.09113435,0.9275841
0.002715392,-0.3610508,0.07038403,0.9298823
0.03880689,-0.353602,0.04665959,0.9334252
0.08502747,-0.3387688,0.01376256,0.9369187
0.1168428,-0.33399,-0.01114038,0.9352402
0.1384049,-0.3310751,-0.02756596,0.9329917
0.1493604,-0.3318351,-0.02825081,0.9310096
0.1543004,-0.3348807,-0.02650209,0.929163
0.1548951,-0.3302173,-0.02713594,0.9307135
0.1677269,-0.3156438,-0.0423372,0.9329759
0.1757297,-0.2961507,-0.05776408,0.9370577
0.1788547,-0.2841093,-0.06590682,0.9396538
0.1797625,-0.2822835,-0.06467244,0.9401165
0.1751267,-0.2925956,-0.05508478,0.9384477
0.1519558,-0.3129397,-0.02601106,0.9371775
0.08599991,-0.3402947,0.04247355,0.9354141
0.007277358,-0.3420698,0.1109588,0.933072
-0.05039297,-0.3215587,0.1535601,0.9329951
-0.08387078,-0.3157312,0.1699174,0.9297353
-0.1054596,-0.3120556,0.1635428,0.9299212
-0.1394913,-0.2949336,0.176549,0.9286479
-0.1702629,-0.2723498,0.2049455,0.9245721
-0.1914772,-0.2490899,0.2369229,0.9193249
-0.1978009,-0.2350995,0.2496214,0.9183094
-0.1885071,-0.229673,0.256687,0.9196887
-0.1796035,-0.2458997,0.2349811,0.923071
-0.1723137,-0.2647438,0.2214529,0.9225927
-0.1536437,-0.283851,0.2017762,0.9247208
-0.1241267,-0.3019077,0.1762073,0.9286524
-0.08554482,-0.316919,0.1466414,0.9331349
-0.06096372,-0.3322833,0.1219051,0.9332794
-0.0495746,-0.3412953,0.1012635,0.9331695
-0.05056562,-0.3400511,0.09235748,0.9344937
-0.06009983,-0.3281613,0.09796226,0.9376042
-0.08188078,-0.3186041,0.1158213,0.9372153
-0.09452033,-0.3088705,0.1313124,0.9372417
-0.0911195,-0.3069167,0.1239846,0.9392163
-0.07848692,-0.3062145,0.1120639,0.9420797
-0.05764745,-0.3100704,0.08882581,0.9447979
-0.03178452,-0.3236517,0.06250326,0.9435745
-0.004891405,-0.328483,0.04370179,0.9434856
0.01508373,-0.3270385,0.03252484,0.9443307
0.02602019,-0.3311581,0.02147555,0.9429719
0.03159286,-0.3306037,0.01825649,0.943064
0.03290419,-0.32268,0.02362188,0.945641
0.03050639,-0.3221738,0.04076871,0.9453102
0.005525617,-0.3260977,0.06367378,0.9431731
-0.0445516,-0.3269494,0.112898,0.9372157
-0.08474007,-0.3146708,0.1509178,0.9332873
-0.09837781,-0.307889,0.1494928,0.93444
-0.1138668,-0.3025032,0.1575167,0.9331209
-0.1209902,-0.2892711,0.1717045,0.9339171
-0.09297562,-0.3026766,0.1478659,0.9369515
-0.04390781,-0.3138905,0.1108888,0.9419388
0.01283492,-0.3161401,0.07901841,0.9453289
0.06166141,-0.3180782,0.04811957,0.9448326
0.1041133,-0.327244,0.02967975,0.9387177
0.1174654,-0.3122753,0.01201874,0.9426247
0.1050917,-0.313559,0.01012838,0.9436811
0.09478328,-0.3160837,0.01318009,0.9438928
0.07735042,-0.3179997,0.0312824,0.9444123
0.03976085,-0.3237538,0.05477572,0.9437172
-0.01197178,-0.3160923,0.09454633,0.9439297
-0.04996978,-0.3035584,0.1363948,0.941675
-0.06682135,-0.3046393,0.1394517,0.9398314
-0.08733265,-0.2833925,0.1612104,0.9413145
-0.08833886,-0.2763435,0.1632284,0.9429671
-0.08298834,-0.2680767,0.1484044,0.9482742
-0.06806853,-0.2851191,0.1308763,0.947072
-0.05646405,-0.2928169,0.1212894,0.9467623
-0.03786689,-0.2864492,0.1214093,0.9496171
-0.02101253,-0.2888264,0.1087128,0.9509571
-0.004668344,-0.2931773,0.1030863,0.9504728
-0.01441876,-0.2987829,0.09636766,0.9493335
-0.002045624,-0.3020146,0.09073305,0.9489734
0.007860379,-0.3036618,0.08682574,0.9487829
0.006937737,-0.3100421,0.07157891,0.9479991
0.008094992,-0.3128942,0.06895461,0.9472471
0.0119155,-0.3112888,0.06129638,0.9482616
0.01138668,-0.3101587,0.0633271,0.9485049
0.02363739,-0.3095583,0.05472187,0.9490102
0.03764047,-0.2989177,0.05157076,0.9521406
0.04323226,-0.3028119,0.05210689,0.9506423
0.0469146,-0.3095519,0.05118157,0.9483444
0.05233114,-0.3067429,0.05124714,0.94897
0.05163664,-0.302914,0.05251795,0.9501677
0.04685609,-0.3092989,0.05255291,0.9483548
0.03640907,-0.3101797,0.05077197,0.9486228
0.04323483,-0.3142876,0.03670559,0.9476323
0.0504347,-0.3050548,0.03503713,0.9503527
0.04503099,-0.2988329,0.0318312,0.9527108
0.03631064,-0.3005034,0.04507092,0.952023
0.03129045,-0.3064929,0.05728766,0.9496321
0.01107264,-0.302148,0.07149582,0.9505116
0.003087411,-0.2906881,0.08176491,0.9533128
-0.005844221,-0.2905501,0.08648534,0.9529253
-0.009082805,-0.2964026,0.09232537,0.9505467
-0.00983746,-0.2965575,0.1034489,0.9493446
-0.00986396,-0.2967513,0.110102,0.9485351
0.001592427,-0.3002849,0.1105675,0.9474183
0.004645932,-0.3097824,0.1093031,0.9444925
0.007909166,-0.3266716,0.1002979,0.9397677
0.02224231,-0.3247912,0.08951575,0.9412773
0.03630932,-0.3182975,0.08147192,0.9437853
0.04178008,-0.3103592,0.07038404,0.9470891
0.04606524,-0.3114063,0.05801834,0.9473849
0.05250783,-0.3118703,0.04257978,0.9477167
0.06248974,-0.3126184,0.02464631,0.9475006
0.07489277,-0.3079133,0.008949945,0.9484199
0.08467012,-0.2940246,-0.007161057,0.9520132
0.08926135,-0.290957,-0.006511629,0.9525409
0.09743533,-0.2951343,-0.01317841,0.9503833
0.1106188,-0.294014,-0.02891087,0.948938
0.1065513,-0.3050484,-0.02886513,0.945917
0.101514,-0.3222698,-0.01637205,0.9410468
0.08085075,-0.3295934,-0.00204768,0.9406525
0.06327508,-0.3245858,-0.002481421,0.9437343
0.05168536,-0.3109522,0.01233964,0.948939
0.04982917,-0.3086314,0.01242531,0.9497944
0.05005469,-0.3016099,-0.0004440453,0.9521164
0.05007115,-0.2915226,0.004943598,0.9552397
0.05054121,-0.2839732,-0.001111903,0.9574986
0.05786821,-0.2849174,-0.002427028,0.9568006
0.04349683,-0.2843205,0.005402583,0.9577268
-0.0003131581,-0.2754034,0.03561404,0.9606688
-0.05898741,-0.273799,0.07537684,0.9570125
-0.1121434,-0.2576276,0.1338439,0.9503355
-0.1521397,-0.2403916,0.1786741,0.9418816
-0.1609988,-0.24511,0.1774054,0.9394295
-0.1787548,-0.2316509,0.2089928,0.9331167
-0.1823189,-0.2195195,0.2226135,0.9322093
-0.1760915,-0.2219915,0.2158657,0.9344054
-0.1689674,-0.2174149,0.2187123,0.9361334
-0.1602632,-0.2206957,0.2094074,0.9390196
-0.1449351,-0.2284212,0.1836794,0.9450288
-0.1312688,-0.2218619,0.1669912,0.9516615
-0.1407815,-0.2197675,0.1980393,0.9448086
-0.1739,-0.2111598,0.2600108,0.926048
-0.1957245,-0.1972125,0.285145,0.9173285
-0.2201888,-0.2026268,0.284548,0.9107644
-0.2249327,-0.1736269,0.3213676,0.9033172
-0.2179172,-0.1734628,0.3093134,0.9092569
-0.1969969,-0.1917357,0.2904747,0.9165446
-0.1938062,-0.1956041,0.2846212,0.9182423
-0.1839043,-0.1951171,0.2727543,0.9239662
-0.1591379,-0.1983817,0.2562636,0.9325497
-0.136005,-0.2090169,0.2407945,0.9379939
-0.1097459,-0.2199881,0.2188795,0.9442737
-0.09507424,-0.2323255,0.1962082,0.9478862
-0.07533999,-0.2371976,0.1821724,0.9512488
-0.06026366,-0.2414003,0.1706662,0.9533976
-0.0593639,-0.2395556,0.1762911,0.9528958
-0.06215446,-0.2498737,0.1735569,0.9505672
-0.05026781,-0.2615401,0.1546177,0.9514007
-0.02377415,-0.2659312,0.1280598,0.9551525
-0.01387794,-0.268864,0.113716,0.956341
-0.005397275,-0.254386,0.1082866,0.961006
0.01744054,-0.2604468,0.08793322,0.9613173
0.04834622,-0.2738825,0.0584639,0.9587664
0.08174723,-0.2775043,0.03884334,0.9564518
0.09848084,-0.2813082,0.01619704,0.9544134
0.1011459,-0.2813323,0.0004110988,0.9542649
0.1140544,-0.2662552,-0.01685569,0.9569826
0.1327371,-0.2503476,-0.03546512,0.9583576
0.1548849,-0.2424113,-0.05679568,0.9560449
0.1740539,-0.2301793,-0.06965041,0.9549196
0.1877515,-0.2232314,-0.08738419,0.9525131
0.1923736,-0.2206116,-0.09641621,0.951329
0.1947098,-0.2203247,-0.1033377,0.9501928
0.2004384,-0.2145091,-0.1221559,0.9480972
0.2071194,-0.2056524,-0.1390313,0.9462975
0.2059488,-0.2035148,-0.143579,0.9463361
0.1991069,-0.2014248,-0.1352383,0.9494709
0.1928618,-0.2013433,-0.1398143,0.9501143
0.1749742,-0.2151976,-0.14883,0.9491699
0.149848,-0.2339257,-0.1263137,0.9522967
0.1167596,-0.2696851,-0.08614596,0.9519538
0.06964095,-0.2941699,-0.03558486,0.9525481
0.03332682,-0.2963497,0.0006568581,0.9544976
0.0328832,-0.2897944,0.007411652,0.9564952
0.03217941,-0.2914884,0.005123186,0.9560192
0.00945176,-0.2993191,0.02859251,0.9536778
-0.001174507,-0.2866086,0.04110806,0.9571646
-0.01463455,-0.2750005,0.06109592,0.9593893
-0.03191892,-0.2656428,0.1075939,0.9575169
-0.04174073,-0.2588024,0.1314645,0.9560314
-0.02959583,-0.2686205,0.1339944,0.9534215
-0.006625846,-0.2840291,0.1245394,0.9506701
0.001717761,-0.2962892,0.1188929,0.9476678
0.01097672,-0.3044458,0.1088617,0.9462248
0.03069742,-0.3161364,0.1199091,0.9406048
0.06189043,-0.3314797,0.104353,0.9356288
0.08972484,-0.3324412,0.08526838,0.9349661
0.1128883,-0.3216828,0.06015336,0.9381673
0.145345,-0.3016762,0.02745332,0.9418666
0.1650326,-0.2741346,-0.01797511,0.9472547
0.1789699,-0.2578773,-0.04844952,0.9482203
0.1695965,-0.24584,-0.06821806,0.9519171
0.1623951,-0.2490452,-0.07706778,0.9516642
0.1580514,-0.2546377,-0.07572614,0.9510231
0.1466682,-0.2610577,-0.07303335,0.9513166
0.1408144,-0.262914,-0.09492379,0.9497562
0.1439922,-0.273711,-0.09412688,0.9463027
0.1436485,-0.2803801,-0.0868257,0.9450997
0.1382563,-0.2969456,-0.08166861,0.9412963
0.1235019,-0.3118532,-0.06340897,0.9399331
0.1082999,-0.3281792,-0.03941737,0.9375584
0.08667548,-0.3404537,-0.02265769,0.9359836
0.04360954,-0.3460591,0.0104327,0.9371405
0.002813123,-0.3432045,0.03735802,0.9385133
-0.02851392,-0.3216684,0.06259479,0.9443507
-0.04886962,-0.3035227,0.0775748,0.9484028
-0.07666767,-0.2983286,0.09678301,0.9464434
-0.1044028,-0.290417,0.1141495,0.9443134
-0.123499,-0.2854952,0.1301674,0.9414335
-0.125858,-0.2739881,0.1405179,0.943051
-0.1333261,-0.2628905,0.1540268,0.9430739
-0.1419329,-0.2524695,0.1656328,0.9426982
-0.1501276,-0.2435623,0.1793011,0.9412706
-0.1500059,-0.2487396,0.1775853,0.9402607
-0.1289921,-0.2732446,0.1677861,0.9383743
-0.07873486,-0.3135211,0.1334019,0.9368614
0.006403212,-0.3323432,0.08413738,0.9393764
0.06418096,-0.3327223,0.04374587,0.9398207
0.1118264,-0.328401,0.01255378,0.9378114
0.1426226,-0.3025472,-0.01836379,0.9422244
0.141574,-0.2997405,-0.02689733,0.9430742
0.1555728,-0.3030819,-0.04185953,0.9392477
0.1490683,-0.312134,-0.03905911,0.9374568
0.1013028,-0.3313019,-0.00733345,0.9380421
0.00632718,-0.3564174,0.06140467,0.9322854
-0.0823928,-0.3540896,0.1228684,0.9234367
-0.06745191,-0.3567736,0.1246749,0.9233737
-0.1606508,-0.3111228,0.1747169,0.9202542
-0.1524251,-0.3242189,0.1681883,0.9183472
-0.1029123,-0.3358657,0.1515677,0.9239213
-0.07710884,-0.3332021,0.1303331,0.9306147
-0.06330232,-0.3187903,0.1209347,0.9379448
-0.05268617,-0.3152147,0.1126942,0.9408316
-0.05139751,-0.3067977,0.1037011,0.9447113
-0.04428087,-0.3133993,0.09753639,0.9435607
-0.03913361,-0.3165647,0.09844854,0.9426363
-0.03716673,-0.3119807,0.0998458,0.9440961
-0.04781969,-0.3089715,0.1054666,0.943995
-0.06435104,-0.3052638,0.1080744,0.9439242
-0.07757987,-0.2978682,0.1165289,0.9442865
-0.1072448,-0.289048,0.1493431,0.9394927
-0.1322024,-0.2785832,0.1846789,0.9331708
-0.1497653,-0.2667028,0.2018021,0.9304386
-0.1574722,-0.2750802,0.1809235,0.931021
-0.1496015,-0.280343,0.1584153,0.9348432
-0.1389127,-0.2827157,0.1497193,0.9372082
-0.1256685,-0.2882077,0.1405197,0.938828
-0.1089847,-0.2897398,0.1297982,0.9419796
-0.09265991,-0.2905484,0.1199534,0.9447788
-0.06122319,-0.2910625,0.09797773,0.9497024
-0.0224129,-0.2900728,0.06567797,0.9544852
0.01424318,-0.278839,0.03410602,0.9596263
0.0384893,-0.2771371,0.009713747,0.96001
0.05148295,-0.2820658,-0.008796799,0.9579723
0.06704485,-0.2866913,-0.0237885,0.9553782
0.06547419,-0.2689891,-0.01069992,0.9608556
0.07697567,-0.2742153,-0.02591033,0.9582325
0.08752322,-0.2806428,-0.03756117,0.9550751
0.09387486,-0.2753931,-0.04000335,0.9559005
0.08355207,-0.2802849,-0.016853,0.9561253
0.05643693,-0.2950373,0.01348649,0.9537222
0.02729194,-0.305415,0.03993216,0.9509902
0.004146198,-0.2943373,0.06241266,0.9536524
-0.01390274,-0.289417,0.07499318,0.9541596
-0.01613157,-0.2927066,0.07902741,0.9527946
-0.01224341,-0.2923825,0.08542371,0.9523998
-0.005266035,-0.2939299,0.093441,0.951234
-0.0004144907,-0.3035777,0.09708947,0.9478471
0.00769756,-0.3052954,0.09394491,0.947581
0.0122294,-0.3080999,0.0892377,0.9470805
0.02018028,-0.3140008,0.07283424,0.9464098
0.0315378,-0.3105608,0.06343817,0.9479098
0.04044943,-0.3054013,0.05182628,0.9499516
0.05722924,-0.3015135,0.03475294,0.9511082
0.08385384,-0.3045703,0.007440776,0.9487624
0.1249722,-0.3006723,-0.02841495,0.9450771
0.1657346,-0.2894831,-0.05651482,0.9410301
0.20183,-0.2775536,-0.07495724,0.9362745
0.2346716,-0.2700112,-0.09269977,0.9292093
0.2714137,-0.2455271,-0.1103769,0.9240498
0.2327879,-0.2689001,-0.07953934,0.9312228
0.1370282,-0.3291823,0.009068649,0.934227
-0.01461515,-0.3112923,0.1204145,0.9425411
-0.08152004,-0.2617957,0.1607999,0.9481356
-0.09912688,-0.2502792,0.16411,0.9490005
-0.1357244,-0.2319271,0.2174862,0.9383434
-0.1364877,-0.2211397,0.2477258,0.9333276
-0.1215351,-0.2282231,0.2475159,0.9337448
-0.1143536,-0.2308402,0.2402034,0.9359158
-0.1000759,-0.2325308,0.2309209,0.9394625
-0.08667918,-0.2355913,0.2154507,0.9436973
-0.07343379,-0.2499727,0.1954874,0.9454659
-0.0467358,-0.2664665,0.1698468,0.9476092
-0.03018402,-0.2693712,0.1500617,0.9507942
-0.03358115,-0.2836424,0.1418386,0.9477875
-0.02641149,-0.2971432,0.1262996,0.9460744
-0.005179031,-0.3063853,0.09968877,0.9466591
0.01706434,-0.310323,0.07124865,0.9478039
0.04011061,-0.3088987,0.04443465,0.9492094
0.06179936,-0.3118424,0.02567033,0.9477744
0.08114103,-0.3182431,0.01341857,0.944435
0.117389,-0.3264668,0.0003152117,0.9378908
0.1376746,-0.3123075,-0.01700697,0.9397981
0.1516328,-0.2986479,-0.03889038,0.9414374
0.1569715,-0.2963189,-0.04981922,0.9407833
0.1651742,-0.2913676,-0.06595075,0.9399325
0.1773608,-0.2750752,-0.08381777,0.9411968
0.1805518,-0.2566724,-0.1015523,0.9440379
0.1749373,-0.2558186,-0.09657454,0.9458473
0.1506524,-0.2604339,-0.08127673,0.9501958
0.1196166,-0.2784539,-0.06790937,0.9505491
0.0756883,-0.3002723,-0.02558331,0.9505016
-0.01501301,-0.2937883,0.07047507,0.9531507
-0.07107891,-0.2727411,0.1322923,0.950294
-0.08893163,-0.267392,0.144502,0.9485314
-0.09412296,-0.2672345,0.1348412,0.9494969
-0.1078873,-0.2677959,0.1265801,0.9490117
-0.1213027,-0.246119,0.1459986,0.9504712
-0.1450291,-0.2355036,0.1737818,0.945148
-0.1653486,-0.2160171,0.2143944,0.9380999
-0.1774955,-0.1990128,0.242347,0.9328222
-0.1810573,-0.1994748,0.2507599,0.9298105
-0.1811261,-0.2098488,0.2523433,0.9270813
-0.1704189,-0.2378325,0.2319146,0.92769
-0.1273605,-0.2760868,0.1906777,0.9333795
-0.06512465,-0.3117347,0.1437876,0.9369661
-0.0190886,-0.3244116,0.1178302,0.9383543
0.006303309,-0.3298471,0.1001371,0.9386873
0.03489575,-0.3355895,0.09316823,0.9367399
0.07259883,-0.3392902,0.07230261,0.9350849
0.1166577,-0.3317243,0.03867085,0.9353366
0.1622587,-0.305546,0.001362342,0.9382494
0.1758991,-0.2805923,-0.02268117,0.9432991
0.1777858,-0.2709252,-0.03644391,0.9453378
0.1574868,-0.2736041,-0.0365537,0.9481575
0.1197289,-0.2878742,-0.02524343,0.9498191
0.08994836,-0.3021486,-0.009402428,0.9489611
0.08049643,-0.3115955,-0.01271568,0.9467137
0.0749094,-0.3169509,-0.00056554,0.945479
0.05792802,-0.3248395,0.01477096,0.9438779
0.04766678,-0.3208175,0.02948123,0.9454813
0.04015106,-0.3331246,0.03119572,0.9415109
0.03925771,-0.3405372,0.0281995,0.9389877
0.03065922,-0.343268,0.03258231,0.9381713
0.01259651,-0.3468915,0.0425285,0.9368558
-0.001781725,-0.3358876,0.05323518,0.9403948
-0.01636171,-0.3147668,0.07017307,0.9464301
-0.04642912,-0.3007736,0.0914441,0.9481653
-0.07160985,-0.2874947,0.1025154,0.9495838
-0.08750229,-0.2866991,0.1156624,0.946979
-0.106325,-0.2812098,0.1318732,0.9445769
-0.1186381,-0.282217,0.1438152,0.941061
-0.1193098,-0.2808743,0.147223,0.9408507
-0.1121903,-0.2934678,0.1360082,0.93957
-0.09784722,-0.3034485,0.132096,0.9385604
-0.07442427,-0.31467,0.1180736,0.9388835
-0.041893,-0.328848,0.09906571,0.9382377
0.008189475,-0.3264492,0.06210621,0.9431366
0.04667266,-0.3121035,0.02704562,0.9485154
0.0911605,-0.3128803,0.00659393,0.9453847
0.09989396,-0.2987873,-0.01521481,0.9489551
0.1189334,-0.2868351,-0.03255671,0.9500108
0.1242935,-0.2771696,-0.04358431,0.9517502
0.1315201,-0.2625758,-0.05520662,0.9543106
0.1362667,-0.2540049,-0.06381197,0.9554272
0.1563904,-0.2452109,-0.07600658,0.9537488
0.1622198,-0.2489212,-0.07964031,0.9515148
0.1670396,-0.2585451,-0.06960077,0.9488982
0.1622943,-0.288575,-0.05192786,0.9421722
0.09772663,-0.3202605,0.01484289,0.9421584
-0.01887543,-0.3097372,0.1211152,0.9428879
-0.08525562,-0.2490109,0.1894238,0.9459617
-0.1165176,-0.2619522,0.1798835,0.9409817
-0.1467234,-0.2428714,0.2188306,0.9335946
-0.1419273,-0.2259952,0.2376246,0.9339794
-0.1258231,-0.2421051,0.2292238,0.93435
-0.1126037,-0.2495153,0.2237416,0.9354155
-0.107774,-0.2575165,0.2162737,0.9355724
-0.1006508,-0.2675747,0.2194337,0.9328033
-0.08923019,-0.2792238,0.2074175,0.9333007
-0.06343777,-0.2911881,0.1834498,0.9367664
-0.03951494,-0.3033732,0.1582548,0.9388071
-0.02876393,-0.3129902,0.1389824,0.9390919
-0.02564,-0.3133611,0.1260163,0.9408864
-0.01972532,-0.3134171,0.1107072,0.942934
-0.004636323,-0.3130789,0.08928478,0.9455096
0.0218651,-0.3202867,0.05403632,0.9455255
0.05558377,-0.3165339,0.0289092,0.9465098
0.08359645,-0.3073671,0.01030746,0.947856
0.103682,-0.2954818,-0.01196977,0.9496301
0.1195161,-0.2980778,-0.02675158,0.9466519
0.1307359,-0.3025463,-0.03386588,0.9435185
0.1351834,-0.3013543,-0.03547336,0.9432141
0.130862,-0.2996716,-0.02886685,0.944584
0.1139037,-0.2960658,-0.0142244,0.948245
0.09659433,-0.2983511,0.008497344,0.9495178
0.07268277,-0.3003033,0.02944545,0.9506146
0.04808534,-0.30168,0.03814221,0.9514316
0.03339328,-0.3006891,0.04840655,0.9519075
0.02636785,-0.3022048,0.05867311,0.9510702
0.01797658,-0.3068595,0.06949538,0.949044
0.01587821,-0.3109847,0.07176839,0.9475683
0.01366473,-0.3107573,0.0727656,0.9476014
0.006430674,-0.3032773,0.07559618,0.9498772
-0.003874265,-0.286669,0.07914175,0.9547474
-0.01372989,-0.2669691,0.08680322,0.9596896
-0.01741872,-0.2498299,0.09448364,0.9635115
-0.01300024,-0.2408836,0.07784362,0.9673399
-0.0004079388,-0.2309298,0.04813762,0.9717788
0.0145217,-0.2161667,0.0102107,0.976195
0.03477864,-0.2221022,-0.00785832,0.9743712
0.05526834,-0.2235045,-0.02421997,0.9728333
0.07074875,-0.2197248,-0.04856477,0.9717803
0.08786315,-0.223037,-0.06838714,0.9684306
0.1014802,-0.2309129,-0.08013076,0.9643444
0.1142662,-0.2372895,-0.08433471,0.9610019
0.1166783,-0.2488668,-0.07307078,0.9587034
0.1049268,-0.2718239,-0.04124931,0.9557199
0.03602539,-0.3073123,0.03645038,0.9502277
-0.09783755,-0.2904213,0.158145,0.9386552
-0.1792067,-0.2224288,0.2498765,0.9251876
-0.186946,-0.1911243,0.2742268,0.9237545
-0.1794401,-0.1935575,0.2516342,0.9311374
-0.1931258,-0.1655394,0.2594741,0.9316503
-0.2150504,-0.1234604,0.2902682,0.9242594
-0.2170128,-0.09042848,0.3305679,0.9140312
-0.21713,-0.07205852,0.3568967,0.9056969
-0.2221652,-0.08090631,0.3602438,0.9023975
-0.2203618,-0.1012186,0.3420355,0.9078586
-0.2082773,-0.1636446,0.2904274,0.9195069
-0.144845,-0.2337874,0.2144024,0.9372273
-0.06251425,-0.2874485,0.1294387,0.9469483
0.01165573,-0.2937375,0.072315,0.9530754
0.05643145,-0.2926273,0.04209553,0.9536313
0.09812199,-0.289919,0.02413371,0.951702
0.1430578,-0.2797439,0.0047745,0.9493445
0.1809296,-0.2566825,-0.02003059,0.9491983
0.2248544,-0.2336455,-0.06570837,0.9436804
0.2402794,-0.2060825,-0.09710519,0.9435923
0.241191,-0.1911719,-0.1231555,0.943458
0.2256545,-0.1856041,-0.1335343,0.9469951
0.1938039,-0.1900321,-0.1272084,0.9540157
0.1603121,-0.2041165,-0.1121648,0.9591953
0.1337355,-0.2157103,-0.0958136,0.9624987
0.1239256,-0.2229985,-0.08905613,0.9627996
0.1139507,-0.2240747,-0.08786128,0.9638912
0.1043965,-0.2375967,-0.07652763,0.9627008
0.09324693,-0.2630383,-0.06096208,0.9583315
0.06455863,-0.2804833,-0.02606924,0.9573305
0.0306178,-0.2902131,0.01123943,0.9564061
-0.003429732,-0.2912438,0.04176659,0.9557306
-0.02447142,-0.2814221,0.06229168,0.9572473
-0.03717949,-0.2734413,0.08334987,0.9575491
-0.0452196,-0.2635679,0.09752163,0.9586327
-0.0400231,-0.2597182,0.09843334,0.9598206
-0.02924436,-0.2629467,0.09384969,0.9597896
-0.03337903,-0.2708302,0.09999559,0.9568374
-0.04927707,-0.266524,0.1102864,0.9562288
-0.08972429,-0.2431622,0.1478495,0.9544434
-0.1071973,-0.2377632,0.1459331,0.9542961
-0.09824002,-0.2626158,0.1191307,0.9524651
-0.06064784,-0.2621837,0.09255961,0.9586523
0.003359627,-0.312349,0.0521697,0.9485279
0.07865386,-0.3198573,0.006743129,0.9441713
0.1245657,-0.2927036,-0.03195183,0.9475163
0.1438223,-0.2626438,-0.06048715,0.9521946
0.1156908,-0.2828942,-0.04452338,0.9511068
0.07360774,-0.3005168,-0.01168974,0.9508601
0.006076749,-0.3114827,0.04076096,0.9493577
-0.04918089,-0.3003938,0.07872164,0.949288
-0.08893606,-0.2779002,0.1309655,0.9474756
-0.09927779,-0.2715946,0.1509926,0.9452943
-0.09460813,-0.2809292,0.1520417,0.942874
-0.09464125,-0.2696055,0.1563619,0.9454665
-0.08400591,-0.2577452,0.1451841,0.951542
-0.07313747,-0.2557809,0.1339345,0.9546144
-0.07058676,-0.2709565,0.1312195,0.9509897
-0.0640884,-0.2688836,0.1233519,0.9530889
-0.06587362,-0.265029,0.1258814,0.9537159
-0.07561384,-0.2623505,0.1256132,0.9537694
-0.0928285,-0.2677376,0.1433764,0.9482313
-0.1105775,-0.2657558,0.155314,0.9449995
-0.1218445,-0.2538349,0.1659135,0.9450896
-0.13344,-0.2509115,0.1784721,0.9420111
-0.1486711,-0.2490016,0.1930216,0.9373568
-0.1442621,-0.2411415,0.1971391,0.9392419
-0.1229628,-0.2459763,0.174394,0.9454959
-0.09250955,-0.2608598,0.1462333,0.9497421
-0.05897849,-0.2728636,0.1207291,0.9526235
-0.04234185,-0.2695276,0.1152875,0.9551288
-0.03229009,-0.2686855,0.1093347,0.9564578
-0.02702816,-0.2763811,0.1073739,0.9546486
-0.03530858,-0.275917,0.1114298,0.9540474
-0.04650068,-0.2782417,0.1149717,0.9524709
-0.04546463,-0.2769483,0.1012099,0.9544575
-0.03480104,-0.2872934,0.08500925,0.9534279
-0.01090338,-0.2923723,0.06518981,0.9540177
0.02235111,-0.2974693,0.0384941,0.9536931
0.05117032,-0.3010829,0.02356477,0.9519324
0.07235123,-0.2994283,0.005866409,0.9513535
0.09429248,-0.2950642,-0.01522425,0.9506914
0.1151997,-0.2886056,-0.04257672,0.9495384
0.130499,-0.2817034,-0.06204405,0.9485587
0.1366111,-0.2720345,-0.06974703,0.9499841
0.1432992,-0.2735665,-0.06454165,0.9489262
0.1539697,-0.2697183,-0.05947627,0.9486874
0.1677839,-0.2652061,-0.0595005,0.9476148
0.1826738,-0.2646733,-0.07024425,0.9442691
0.199815,-0.247952,-0.09832951,0.9428282
0.2122193,-0.232073,-0.117801,0.9419279
0.2173993,-0.2370496,-0.1232061,0.9388105
0.2054671,-0.2529115,-0.1131014,0.9386304
0.1686778,-0.2815085,-0.0797447,0.9412447
0.07810882,-0.3051401,-0.01016522,0.9490444
-0.01973378,-0.3023162,0.06163337,0.9510083
-0.05673831,-0.3134429,0.07894568,0.9446173
-0.08148269,-0.3049315,0.1041639,0.9431476
-0.09897875,-0.2854547,0.1318401,0.9441065
-0.0779255,-0.291029,0.1227793,0.9455976
-0.06050217,-0.2827571,0.1236383,0.9492636
-0.03823609,-0.2810896,0.1111456,0.9524565
-0.006448068,-0.2794801,0.09474309,0.955444
0.02843527,-0.2798147,0.07747718,0.9565001
0.05847351,-0.2808688,0.06010655,0.9560757
0.06912856,-0.2745643,0.05467853,0.9575207
0.07018078,-0.283641,0.05320672,0.9548777
0.07902589,-0.2838812,0.04121931,0.954708
0.08661266,-0.2886306,0.02552162,0.9531732
0.1018733,-0.2870411,0.006739583,0.9524619
0.1216908,-0.2823788,-0.01473015,0.9514392
0.1459439,-0.2764899,-0.03724567,0.9491399
0.1627144,-0.2722121,-0.05444101,0.9468162
0.1719529,-0.2761729,-0.05701917,0.94388
0.1721797,-0.2831086,-0.05558439,0.9418673
0.1685903,-0.2858949,-0.05663761,0.9416123
0.1628875,-0.28027,-0.0494955,0.9447046
0.1507819,-0.2699627,-0.03705992,0.9502692
0.1117047,-0.276789,-0.008352412,0.9543794
0.0982008,-0.2889101,-0.007452697,0.9522774
0.08569816,-0.2959113,-0.0003827382,0.9513633
0.09174971,-0.2915355,0.01559633,0.9520219
0.1040437,-0.3012417,0.005113332,0.9478408
0.1263065,-0.3054868,-0.00889444,0.9437401
0.152845,-0.3013549,-0.02984907,0.9407086
0.1678552,-0.2889246,-0.04750298,0.9413239
0.1811448,-0.2756842,-0.06066459,0.9420746
0.1905749,-0.2673785,-0.06888548,0.9420428
0.2059925,-0.260816,-0.07852619,0.9398807
0.2160903,-0.2504114,-0.095947,0.9388255
0.2374811,-0.23608,-0.1151864,0.9352011
0.2518432,-0.2257141,-0.1182012,0.9336255
0.2572093,-0.2271221,-0.1141558,0.9323236
0.2391925,-0.2512522,-0.09157632,0.9334201
0.1655701,-0.2709856,-0.04962892,0.9469373
0.05306996,-0.2841214,0.03178759,0.9567905
-0.02447984,-0.2711272,0.07786876,0.9590763
-0.07218868,-0.2715845,0.09661959,0.9548274
-0.1187466,-0.2706841,0.1374697,0.9453738
-0.137585,-0.2719783,0.169673,0.9371815
-0.1083147,-0.2779989,0.1644269,0.9401852
-0.09148747,-0.2718663,0.1568464,0.9450492
-0.06885924,-0.2698706,0.1479202,0.948972
-0.05309658,-0.2820769,0.1441042,0.9470202
-0.03786755,-0.2902873,0.130422,0.9472536
-0.02181538,-0.2945437,0.1133967,0.9486355
-0.01903339,-0.2911087,0.110883,0.9500518
-0.01760504,-0.286872,0.1035122,0.9521973
-0.01291741,-0.2920732,0.09216746,0.9518569
-0.0004560184,-0.3005653,0.06849766,0.9512982
0.01558309,-0.3076015,0.03902721,0.9505869
0.03542047,-0.3055105,0.01825273,0.9513547
0.06166255,-0.3023203,-0.002192022,0.9512073
0.09949523,-0.2985272,-0.02350636,0.9489097
0.1333379,-0.297637,-0.04095295,0.9444343
0.1700245,-0.2891641,-0.0646265,0.9398401
0.2004922,-0.2819713,-0.07989245,0.9348328
0.2122114,-0.2825439,-0.0830934,0.931789
0.2084509,-0.284748,-0.07987686,0.9322481
0.1771884,-0.2895621,-0.06235402,0.9385467
0.1377783,-0.2905287,-0.04055669,0.9460261
0.1013933,-0.2979942,-0.01811741,0.9489945
0.06900193,-0.3189091,0.004205445,0.9452609
0.0412467,-0.3253523,0.02500069,0.944362
0.01652011,-0.3257172,0.0428149,0.9443529
-0.008430225,-0.325246,0.05891408,0.9437548
-0.02660631,-0.3272523,0.07086374,0.9419005
-0.04202496,-0.3219068,0.07902767,0.9425309
-0.05644361,-0.3124142,0.08917123,0.9440657
-0.0705144,-0.3062121,0.09889411,0.9441832
-0.08898454,-0.2993388,0.1080144,0.9438277
-0.1013819,-0.2924156,0.1166835,0.943716
-0.09210736,-0.2913869,0.1073384,0.9460911
-0.07297772,-0.296072,0.08800011,0.9482993
-0.05721648,-0.3052996,0.0707738,0.9478974
-0.03970394,-0.3101241,0.06158742,0.9478679
-0.01984251,-0.3175095,0.05494693,0.9464539
-0.008245791,-0.3319182,0.04962014,0.9419661
0.001033597,-0.3463748,0.05317786,0.9365872
0.01445648,-0.3549567,0.05114918,0.9333705
0.02359025,-0.3602347,0.05272644,0.9310716
0.02654309,-0.3556404,0.0494667,0.9329354
0.01395959,-0.3391645,0.05457949,0.9390386
0.004947592,-0.3260989,0.05346142,0.9438097
-0.001026659,-0.3101166,0.05197448,0.9492761
-0.0523107,-0.2555117,0.08018992,0.9620535
-0.1055851,-0.2107271,0.1334342,0.9626221
-0.1305735,-0.1900163,0.1498366,0.9614538
-0.1554731,-0.1746313,0.1221705,0.9645757
-0.1772325,-0.1334518,0.1574345,0.9622856
-0.1698898,-0.1377249,0.16165,0.9623091
-0.1689501,-0.1462724,0.1555214,0.9622232
-0.1578666,-0.1384939,0.1524678,0.9657387
-0.144671,-0.1413004,0.1470131,0.9682415
-0.1347868,-0.1499306,0.146182,0.9684958
-0.1179474,-0.1559818,0.1480099,0.9694592
-0.110904,-0.1823223,0.1473643,0.965786
-0.09812168,-0.2055089,0.1476191,0.9624692
-0.08764192,-0.2206072,0.1550386,0.9589653
-0.08257942,-0.2365729,0.1513569,0.956193
-0.0771524,-0.2546636,0.1504927,0.9521271
-0.06206375,-0.2699198,0.1341682,0.9514674
-0.04284032,-0.2831883,0.1096372,0.9518134
-0.01833813,-0.2879276,0.08175219,0.95398
-0.007340114,-0.2880403,0.05967781,0.9557288
-0.02443602,-0.2861888,0.06525958,0.955636
-0.06768188,-0.2715366,0.09861281,0.9549673
-0.1066012,-0.2419224,0.1289538,0.9557618
-0.1296375,-0.2341012,0.137254,0.9537044
-0.1472845,-0.234358,0.1485037,0.9493842
-0.14615,-0.2291646,0.1631814,0.9484174
-0.1307991,-0.2490183,0.1557907,0.9468954
-0.0844983,-0.2614345,0.1404593,0.951201
-0.01806851,-0.2766171,0.101509,0.9554331
0.03355443,-0.2938141,0.07395758,0.9524062
0.08470386,-0.3084339,0.03712341,0.9467395
0.1186869,-0.29553,0.002555292,0.9479288
0.09192632,-0.3029154,0.005621165,0.948557
0.05173528,-0.3110958,0.01912881,0.9487766
0.011275,-0.3083384,0.03579378,0.9505363
-0.04989128,-0.2983004,0.07676049,0.9500714
-0.1026698,-0.2814661,0.1175751,0.9467903
-0.126355,-0.2659896,0.1253932,0.9473968
-0.1326159,-0.2276039,0.1520852,0.9526172
-0.134699,-0.2345318,0.1626609,0.9488901
-0.1438075,-0.2429941,0.1609446,0.9457114
-0.1542943,-0.2284052,0.1763974,0.9449382
-0.1590304,-0.2211659,0.1812602,0.9449548
-0.1572898,-0.2261294,0.1696923,0.9462188
-0.1440336,-0.2334824,0.1536788,0.949275
-0.1282855,-0.2381415,0.1356187,0.9531207
-0.1144633,-0.2452303,0.1192287,0.9552721
-0.1050642,-0.2481332,0.1153793,0.9560748
-0.101193,-0.2573558,0.1162411,0.9539475
-0.09111135,-0.2516783,0.1261122,0.9552238
-0.08780966,-0.2685767,0.1168386,0.9521055
-0.08146571,-0.2838572,0.1111215,0.9489154
-0.07553133,-0.3019796,0.1061481,0.9443706
-0.07245716,-0.3105328,0.104119,0.9420608
-0.05918839,-0.3108535,0.09276749,0.9440662
-0.04217126,-0.3136351,0.07609971,0.9455492
-0.02226942,-0.3190921,0.06175332,0.9454474
0.001425348,-0.3215521,0.04375702,0.9458793
0.02244216,-0.323575,0.03111916,0.9454243
0.04468238,-0.325767,0.02252336,0.9441249
0.06490508,-0.3201509,0.01328547,0.9450473
0.07804455,-0.3238135,0.005391367,0.9428811
0.08605805,-0.3165407,-0.001783198,0.9446655
0.09492473,-0.3078289,-0.008243969,0.9466587
0.1061729,-0.3054556,-0.01710879,0.9461139
0.1127025,-0.302265,-0.02178852,0.946287
0.1171813,-0.2977384,-0.02591552,0.9470738
0.1248261,-0.2921323,-0.03300231,0.9476223
0.1345998,-0.2920616,-0.04269657,0.9459175
0.1487301,-0.2934187,-0.0538373,0.9428077
0.168912,-0.291351,-0.07100092,0.9389049
0.2026051,-0.2841332,-0.09312975,0.9324946
0.2263059,-0.2703314,-0.1114126,0.9291361
0.2394384,-0.2712108,-0.1143915,0.9252182
0.2431027,-0.2792298,-0.1037759,0.9231264
0.239791,-0.2914539,-0.09285519,0.9213755
0.2375569,-0.2980409,-0.08960029,0.9201685
0.235171,-0.2984674,-0.08757569,0.9208378
0.2293489,-0.2987539,-0.09158729,0.9218227
0.2226215,-0.2924651,-0.09778129,0.9248474
0.2248129,-0.2827952,-0.1017629,0.9268929
0.235648,-0.2722335,-0.1152707,0.9257816
0.2362818,-0.2607624,-0.1190302,0.9284427
0.234532,-0.2596812,-0.1213327,0.9288911
0.2343989,-0.250457,-0.125257,0.9309345
0.2408144,-0.2365466,-0.1326642,0.931909
0.2352389,-0.227606,-0.1343968,0.9353052
0.2256105,-0.2244223,-0.1289748,0.9392018
0.2079126,-0.2327993,-0.1169452,0.9428152
0.181639,-0.2640061,-0.08903556,0.9430698
0.09617116,-0.3117238,-0.01725234,0.9451358
-0.05874614,-0.3058238,0.1009267,0.9448992
-0.136842,-0.2356812,0.1924006,0.9427145
-0.1404028,-0.2020446,0.2128722,0.9455953
-0.1394838,-0.2118026,0.195933,0.9472561
-0.1470307,-0.2127674,0.1803279,0.9489963
-0.161785,-0.2048539,0.1868102,0.947081
-0.1791289,-0.1810391,0.2303461,0.9391903
-0.1920718,-0.1490573,0.2746173,0.9303095
-0.1914083,-0.1336547,0.3083162,0.9221932
-0.1970509,-0.12702,0.3253222,0.9160799
-0.1997679,-0.1336215,0.3237372,0.9151133
-0.1974914,-0.1503218,0.3114893,0.9172649
-0.1845977,-0.1818266,0.3008235,0.9178061
-0.1446526,-0.2210523,0.2630616,0.9279063
-0.09150976,-0.2532972,0.2067919,0.9405869
-0.04632018,-0.2712784,0.1551255,0.9487879
-0.01562217,-0.283725,0.1095341,0.9525011
-0.002604723,-0.300475,0.08628333,0.9498754
0.01870571,-0.3082059,0.06597014,0.9488452
0.03629699,-0.3110496,0.04999148,0.9483836
0.05184761,-0.3120385,0.03645876,0.9479529
0.07196864,-0.320469,0.02521108,0.9441845
0.08493844,-0.319975,0.02267717,0.9433383
0.08566851,-0.3135664,0.0333067,0.9451072
0.09289812,-0.3052194,0.03141097,0.9472194
0.1097663,-0.3055639,0.01497069,0.9457049
0.1264295,-0.312013,0.000350751,0.941628
0.1364506,-0.3102823,-0.01284698,0.940713
0.1310748,-0.3027366,-0.006813087,0.9439933
0.132434,-0.3024616,0.002018113,0.9439142
0.1371599,-0.2960069,-0.003805473,0.9452791
0.1511924,-0.2878147,-0.01939644,0.9454774
0.1636612,-0.2852779,-0.03598935,0.9436823
0.1808936,-0.2928229,-0.06136033,0.9368923
0.1838411,-0.2851865,-0.07174414,0.9379359
0.185033,-0.2745479,-0.07773098,0.9403957
0.1796262,-0.2687932,-0.07067455,0.9436577
0.1659076,-0.2678407,-0.0515985,0.9476674
0.1587318,-0.2733894,-0.03622815,0.9480243
0.1507664,-0.2737329,-0.03584519,0.9492391
0.1635406,-0.2738272,-0.04766377,0.9465736
0.1893291,-0.2675073,-0.07104324,0.9420971
0.2213524,-0.2444891,-0.1111079,0.9374877
0.2446046,-0.2195796,-0.1365905,0.9345033
0.2668959,-0.2008336,-0.1488881,0.9307335
0.2898556,-0.1705249,-0.1804137,0.9243137
0.2926496,-0.1289449,-0.2078813,0.9243997
0.2954645,-0.1161859,-0.2184684,0.922753
0.2743706,-0.1195765,-0.200214,0.9329184
0.2153893,-0.1923182,-0.1239865,0.9493411
0.06680775,-0.2465439,0.01274366,0.9667422
-0.03782063,-0.1909797,0.130325,0.9721686
-0.03720549,-0.1953422,0.1387141,0.9701628
-0.02918738,-0.1881056,0.1030211,0.9762946
-0.06098102,-0.1774824,0.1001719,0.9771115
-0.09063864,-0.174636,0.127964,0.9720659
-0.1027711,-0.1573988,0.1741086,0.9666177
-0.1285403,-0.1369034,0.2167161,0.9580026
-0.1444665,-0.1204229,0.2566555,0.9480272
-0.155494,-0.1136067,0.2838182,0.9393415
-0.1632193,-0.1221537,0.2909341,0.9347702
-0.1585392,-0.1379697,0.2871169,0.9345553
-0.1484754,-0.1608118,0.2693847,0.9378307
-0.1424434,-0.1800283,0.2565323,0.9388773
-0.1324032,-0.1952586,0.2410606,0.9413996
-0.1217622,-0.2102141,0.2243001,0.943755
-0.1128736,-0.2217826,0.2063006,0.946315
-0.1081,-0.2425347,0.1816642,0.9468312
-0.1014603,-0.2684147,0.1558221,0.9451873
-0.08550847,-0.2955694,0.1293672,0.9426512
-0.06426542,-0.3083087,0.1118311,0.9425017
-0.04310779,-0.3147313,0.09926621,0.942991
-0.02480551,-0.3138903,0.09235305,0.9446314
-0.009916348,-0.305997,0.08619793,0.9480703
0.006417707,-0.2913603,0.07845788,0.9533689
0.02610383,-0.2865728,0.06874602,0.9552323
0.03987258,-0.2856592,0.06246955,0.9554614
0.04567055,-0.2937514,0.05177477,0.9533853
0.06036303,-0.2926362,0.03493578,0.953677
0.08830073,-0.2940188,0.009411415,0.9516656
0.1132985,-0.2830308,-0.01336271,0.9523016
0.1411034,-0.2808892,-0.0300989,0.9488336
0.1582208,-0.2615081,-0.05976026,0.9502675
0.1651094,-0.2474291,-0.07963556,0.9514073
0.1765216,-0.2433948,-0.09002201,0.9494709
0.1936469,-0.2385036,-0.1052613,0.9457996
0.1955961,-0.2548116,-0.1185978,0.9395466
0.1886676,-0.2672048,-0.1110255,0.9384453
0.1392602,-0.2967835,-0.06128771,0.9427459
0.07505229,-0.31096,-0.0005081352,0.9474549
0.04690459,-0.3092246,0.02111407,0.9495969
0.03932432,-0.3219436,0.02375517,0.9456435
0.01771919,-0.3178578,0.05289525,0.9464959
0.03284479,-0.3186814,0.04494007,0.9462261
0.05511108,-0.3166296,0.0345124,0.9463177
0.06995138,-0.3134199,0.02334973,0.9467468
0.09472955,-0.3053393,0.002106043,0.9475177
0.1171772,-0.300046,-0.03089765,0.9461963
0.1468068,-0.2766305,-0.04912778,0.9484249
0.150006,-0.2670199,-0.05988031,0.9500594
0.1588262,-0.268425,-0.06764768,0.9477057
0.1668027,-0.26643,-0.07556169,0.9462993
0.1691896,-0.2654153,-0.08048816,0.9457543
0.1745609,-0.269534,-0.08734755,0.9430007
0.17623,-0.2708432,-0.09180956,0.9418907
0.1777828,-0.2673494,-0.08952078,0.9428168
0.1777918,-0.2608998,-0.09070943,0.9445068
0.186356,-0.2593508,-0.09650093,0.9427068
0.1933795,-0.2577292,-0.1061574,0.9406968
0.1797688,-0.2622629,-0.1030789,0.942484
0.1620072,-0.2762191,-0.09213398,0.9428511
0.1673653,-0.2973013,-0.08430031,0.9362127
0.1708664,-0.2942258,-0.08565055,0.9364294
0.1665933,-0.2817501,-0.09520547,0.9401061
0.1626723,-0.2852521,-0.09133244,0.9401209
0.1437246,-0.2876916,-0.08511259,0.9430444
0.1132092,-0.2780814,-0.07721432,0.9507325
0.07782099,-0.2770173,-0.04678541,0.9565649
0.07377958,-0.286745,-0.03682715,0.9544515
0.08179683,-0.2908764,-0.03306574,0.952684
0.08206851,-0.2960818,-0.02257212,0.9513626
0.08794773,-0.3071106,-0.01823976,0.9474257
0.09187152,-0.3123013,-0.01946215,0.94533
0.08943444,-0.316981,-0.0182602,0.9440292
0.1062528,-0.3002068,-0.02760214,0.9475359
0.1326386,-0.2999341,-0.05029849,0.943354
0.1622739,-0.2947453,-0.07442239,0.9387512
0.189257,-0.2751908,-0.1088824,0.9362673
0.2121287,-0.2579595,-0.1355954,0.9327767
0.2276121,-0.2417283,-0.1503335,0.9312142
0.2349499,-0.2340883,-0.1516941,0.931123
0.2384795,-0.2344026,-0.1468657,0.9309208
0.2431804,-0.2232045,-0.1543277,0.9312497
0.2530085,-0.2041045,-0.1726483,0.929796
0.2617731,-0.2161092,-0.1603678,0.9268516
0.2132754,-0.2754209,-0.09374076,0.932668
0.07769222,-0.3083289,0.004103761,0.948093
-0.01728389,-0.2761531,0.06617122,0.9586774
-0.03222805,-0.2637415,0.07392034,0.9612167
-0.0587019,-0.2686597,0.1147701,0.9545699
-0.080284,-0.2547665,0.1510472,0.9517527
-0.06435765,-0.2613087,0.1542035,0.9506825
-0.03685235,-0.2869352,0.1264117,0.9488573
0.01116086,-0.3047099,0.09649441,0.9474788
0.09549358,-0.2928848,0.0365321,0.9506655
0.1736486,-0.2534123,-0.03145635,0.951125
0.1842908,-0.248173,-0.05227616,0.9495864
0.1383116,-0.2813588,-0.0206156,0.9493588
0.08681264,-0.2986584,0.0148044,0.9502881
0.02495455,-0.3100655,0.04650166,0.9492493
-0.02277163,-0.314136,0.0761446,0.9460455
-0.05000215,-0.3010622,0.1162566,0.9451697
-0.07195073,-0.3187327,0.128736,0.936301
-0.03239411,-0.3248096,0.09561909,0.9403756
-0.004808676,-0.3179152,0.06459064,0.9459043
0.02554508,-0.3055301,0.02522738,0.9515054
0.05463268,-0.2829827,-0.004059857,0.9575592
0.08445588,-0.2670071,-0.02811743,0.9595748
0.09940796,-0.2649858,-0.039286,0.9583096
0.1117807,-0.2721352,-0.04109953,0.9548604
0.1097823,-0.2786877,-0.02965089,0.9536256
0.1051037,-0.2874801,-0.01783532,0.9518352
0.07932108,-0.2871234,0.01686539,0.9544548
0.05245999,-0.2987787,0.05133142,0.9514959
0.03744013,-0.309495,0.06914044,0.9476448
0.02360762,-0.3227999,0.08357397,0.9424747
0.01021019,-0.3227765,0.09368797,0.9417716
0.008261714,-0.3161364,0.09426937,0.9439824
0.02909444,-0.3148077,0.06859917,0.9462261
0.0487075,-0.3097289,0.04941803,0.9482898
0.06712264,-0.3090557,0.03396195,0.9480642
0.08161386,-0.3035125,0.02062668,0.9491016
0.09084783,-0.3018911,0.01461318,0.9488914
0.09428202,-0.3016331,0.0113462,0.9486831
0.09573025,-0.3062427,0.01658274,0.9469827
0.1101239,-0.3079105,0.005155781,0.9450065
0.1312031,-0.296482,-0.01534959,0.9458586
0.1555969,-0.289213,-0.03338375,0.9439445
0.1829505,-0.2905518,-0.04922676,0.9379155
0.2120948,-0.295083,-0.06872697,0.9290954
0.2412497,-0.2828794,-0.09113523,0.9238356
0.256081,-0.2598985,-0.1076618,0.9248158
0.2651801,-0.2471743,-0.1183087,0.924439
0.2774954,-0.2217419,-0.1491304,0.9228147
0.2800163,-0.2151929,-0.1580027,0.9221269
0.2706114,-0.23827,-0.1357331,0.9228073
0.1992898,-0.2959663,-0.0885976,0.9299667
0.09119353,-0.317261,-0.0285989,0.9435102
0.0205943,-0.3182471,0.01419696,0.9476778
0.01087453,-0.3239225,0.01835836,0.945843
-0.02955386,-0.326761,0.05231157,0.9431952
-0.0356269,-0.3229721,0.06920858,0.943202
-0.01845174,-0.3201853,0.06571505,0.9448928
-0.02266003,-0.3122452,0.06866077,0.9472461
-0.02005082,-0.297809,0.06570255,0.9521506
-0.00939145,-0.3061922,0.06587491,0.9496413
0.0120556,-0.3162043,0.05895538,0.9467807
0.04377091,-0.3186943,0.03854395,0.9460616
0.06409123,-0.3158031,0.01908997,0.9464652
0.07991653,-0.3172177,0.004429562,0.9449691
0.1028194,-0.3144514,-0.01241439,0.9436072
0.1320502,-0.3074539,-0.03549776,0.9416871
0.17095,-0.3011647,-0.06344152,0.935976
0.2056938,-0.2981136,-0.08130339,0.9285517
0.2180789,-0.2900711,-0.08967862,0.927501
0.2257182,-0.2805605,-0.1028239,0.9272347
0.2358337,-0.2732948,-0.117275,0.9251697
0.2306467,-0.2612769,-0.1238487,0.9290844
0.2230309,-0.2552236,-0.1219236,0.9328734
0.2181038,-0.2480091,-0.1171523,0.9365883
0.2151482,-0.244444,-0.110423,0.9390236
0.2136387,-0.2393388,-0.1101233,0.9407169
0.2240315,-0.238345,-0.1181851,0.937568
0.2262511,-0.2327233,-0.1299868,0.9368851
0.2212185,-0.2392326,-0.1288706,0.9366015
0.2158411,-0.2577902,-0.1155546,0.9346678
0.1758067,-0.2883697,-0.07889605,0.9379287
0.09250474,-0.3311081,-0.007709995,0.9390159
0.01786184,-0.345338,0.04486883,0.937235
0.03274302,-0.3394477,0.02498296,0.9397228
0.01800559,-0.3084677,0.04917428,0.9497923
0.07924761,-0.278292,-0.009416468,0.9571754
0.1586116,-0.2362145,-0.0609661,0.9567279
0.1973266,-0.2062841,-0.07188655,0.955689
0.1958221,-0.1837667,-0.08704872,0.9593259
0.1561323,-0.2125693,-0.0408067,0.963728
0.1114604,-0.2515113,-0.00785896,0.9613827
0.05896217,-0.2617684,0.01438592,0.9632205
0.02470589,-0.2838528,0.03321135,0.9579741
-0.002997356,-0.2892036,0.04926356,0.9559945
-0.01848383,-0.295554,0.0764197,0.9520851
0.01348448,-0.3114279,0.05834442,0.9483811
0.03700831,-0.2968886,0.03950999,0.9533764
0.07076991,-0.2894921,0.02100433,0.9543294
0.1052987,-0.2751299,-0.002720641,0.9556193
0.1150831,-0.272203,-0.004167648,0.9553241
0.1208909,-0.2730204,0.003256014,0.9543765
0.1174192,-0.2731674,-0.01227742,0.9546945
0.1279038,-0.2737586,-0.02051743,0.9530351
0.1447666,-0.2717439,-0.03203833,0.9508793
0.1708887,-0.2668979,-0.05489978,0.9468625
0.1849205,-0.2563944,-0.0735835,0.9458603
0.1907907,-0.2567253,-0.07500845,0.9444918
0.2039989,-0.2663492,-0.07934269,0.9386944
0.2148388,-0.2714901,-0.08432642,0.9343588
0.2196922,-0.2815605,-0.09709169,0.9289953
0.2278312,-0.2812068,-0.1130937,0.9253245
0.2217077,-0.2814393,-0.1089116,0.927241
0.210978,-0.2820908,-0.09580998,0.9309853
0.202433,-0.2846789,-0.08878233,0.9327896
0.1968966,-0.2914486,-0.08391139,0.9323349
0.1936546,-0.2950648,-0.07706518,0.9324675
0.1907329,-0.300317,-0.06996518,0.9319525
0.1802254,-0.3076346,-0.05841812,0.9324523
0.1713715,-0.3145774,-0.04822898,0.9323877
0.1706169,-0.3139403,-0.0486489,0.9327189
0.1679536,-0.3119763,-0.04398667,0.9340919
0.1677256,-0.3079312,-0.04213018,0.9355595
0.1767813,-0.3020456,-0.04318036,0.9357629
0.1969762,-0.2940847,-0.05857502,0.9334257
0.2094719,-0.2822054,-0.07671531,0.9330576
0.228072,-0.277049,-0.1098214,0.9269122
0.2300353,-0.2503368,-0.1224235,0.9324311
0.2369751,-0.2308193,-0.1295047,0.9347694
0.2472657,-0.2392729,-0.1192404,0.9313377
0.2699804,-0.2350788,-0.1336541,0.9241132
0.2601689,-0.2055704,-0.1593411,0.9298728
0.2342355,-0.2412874,-0.1404726,0.9312258
0.1704165,-0.2829755,-0.08510754,0.9400212
0.08521301,-0.2937119,-0.03568577,0.9514193
-0.006425267,-0.2889711,0.03205831,0.9567793
-0.05793637,-0.2849989,0.08071386,0.9533647
-0.09971882,-0.285265,0.1027612,0.947692
-0.1393969,-0.270151,0.1223197,0.9447882
-0.1481279,-0.2490075,0.1417576,0.9465507