0.01007676,-0.3023545,-0.02729767,0.9527513
-0.1352035,-0.262368,0.1268233,0.9469946
-0.1108676,-0.2755974,0.1050968,0.949057
-0.09454203,-0.2813594,0.09115485,0.9505733
-0.08052836,-0.2901898,0.08122943,0.9501089
-0.06653298,-0.2942041,0.07398701,0.9505489
-0.05576515,-0.2920094,0.06933559,0.9522675
-0.04815876,-0.2903768,0.06098599,0.953752
-0.03937937,-0.2889262,0.06018119,0.954646
-0.03165323,-0.2830404,0.05096523,0.9572297
-0.02694379,-0.2765414,0.04920432,0.9593632
-0.02520884,-0.2676628,0.04937041,0.9619167
-0.02098488,-0.2680278,0.0521167,0.9617716
-0.01621756,-0.2791083,0.04893388,0.9588748
-0.01279891,-0.2903408,0.04560243,0.9557503
-0.01293892,-0.3011996,0.04356348,0.9524776
-0.01071126,-0.3207781,0.0447932,0.946034
-0.004439312,-0.339271,0.04340391,0.9396763
-0.001446157,-0.3543926,0.03936609,0.9342666
0.002742006,-0.3620202,0.03436373,0.9315326
0.006152716,-0.3649817,0.0337444,0.9303825
0.0003756257,-0.3637427,0.03848394,0.9307041
-0.005343996,-0.3599134,0.04256446,0.9319989
-0.009285491,-0.3564152,0.04611123,0.9331429
-0.0131967,-0.3479746,0.04958039,0.936099
-0.003738455,-0.3260189,0.0666447,0.9430039
-0.007022041,-0.3330137,0.0685209,0.9404028
-0.01619273,-0.3549387,0.05678281,0.933023
-0.01403539,-0.3648011,0.06022468,0.9290297
-0.0129796,-0.373885,0.0598467,0.9254512
-0.02012116,-0.3775976,0.06315192,0.9235946
-0.02968222,-0.3672348,0.06959374,0.9270461
-0.03122558,-0.3564295,0.07070036,0.93112
-0.03203713,-0.3365683,0.06959064,0.9385374
-0.02868037,-0.3192774,0.06924944,0.9446926
-0.02530253,-0.301519,0.06956265,0.9505825
-0.02123531,-0.287572,0.07043529,0.9549295
-0.02221568,-0.2834288,0.07795443,0.9555615
-0.0252954,-0.2892736,0.07678489,0.9538265
-0.02569188,-0.2950872,0.07142922,0.9524501
-0.02041545,-0.3002432,0.0697138,0.9510927
-0.01915203,-0.3072813,0.06599613,0.9491343
-0.01945441,-0.3182119,0.06466039,0.9456118
-0.0203796,-0.3270385,0.06174984,0.9427711
-0.01997031,-0.3332165,0.059082,0.9407853
-0.01671542,-0.3325521,0.05346105,0.94142
-0.01583945,-0.3373726,0.05348278,0.9397172
-0.0150072,-0.3414339,0.05534768,0.9381547
-0.01373696,-0.3424586,0.0547533,0.9378355
-0.01614211,-0.3368501,0.06163049,0.9394004
-0.01927968,-0.333112,0.06537002,0.9404209
-0.0145704,-0.3376034,0.05318402,0.9396718
-0.01259345,-0.346753,0.04966158,0.9365562
-0.01447249,-0.3445143,0.05125915,0.9372689
-0.01576004,-0.344165,0.05198664,0.9373363
-0.01831151,-0.3494173,0.05161742,0.935365
-0.02337427,-0.3519851,0.05356574,0.9341792
-0.02572346,-0.3522776,0.05428107,0.9339659
-0.02567227,-0.338087,0.05176446,0.9393394
-0.02495044,-0.3275871,0.05331607,0.9429855
-0.02341983,-0.3213856,0.05744344,0.9449143
-0.02289216,-0.305617,0.0621609,0.9498475
-0.01858199,-0.2931219,0.06365643,0.9537725
-0.01961437,-0.2917571,0.0621162,0.9542717
-0.01868686,-0.3004336,0.05998266,0.9517313
-0.009929527,-0.3066879,0.04729908,0.9505823
-0.007727492,-0.3159888,0.04258701,0.9477751
-0.004867991,-0.3304112,0.03962376,0.9429924
-0.009546622,-0.3477638,0.03331318,0.9369416
-0.002506171,-0.3628478,0.02677156,0.9314603
-0.004903911,-0.3664664,0.03029603,0.929925
-0.007114328,-0.3674167,0.03397957,0.9294083
-0.006493649,-0.3692148,0.03578153,0.9286323
-0.007599068,-0.3690498,0.03983827,0.9285244
-0.01011751,-0.3661157,0.04232334,0.9295514
-0.01030293,-0.3522277,0.04325167,0.9348576
-0.007260272,-0.3380935,0.03620839,0.9403877
-0.003346319,-0.3455557,0.0287621,0.9379514
-0.01628759,-0.3503921,0.03841618,0.9356732
-0.02370013,-0.3509627,0.05089317,0.934705
-0.02800619,-0.356985,0.05764251,0.9319092
-0.02625872,-0.3621288,0.05619668,0.9300618
-0.0279527,-0.3678461,0.05640732,0.9277533
-0.0191492,-0.3575917,0.05724655,0.9319251
-0.01352203,-0.339021,0.05593644,0.9390171
-0.01422248,-0.3294349,0.06127595,0.9420804
-0.01712428,-0.3304512,0.05361051,0.9421436
-0.01463231,-0.3313655,0.04375803,0.9423736
-0.01258572,-0.3350731,0.04455168,0.9410541
-0.01859338,-0.33142,0.05091501,0.941925
-0.01989307,-0.3436225,0.04653481,0.9377432
-0.005574423,-0.3615482,0.02880195,0.9318917
0.01442127,-0.377674,0.009939388,0.925773
0.03301543,-0.380219,-0.00860939,0.924267
0.05728202,-0.3810045,-0.0316302,0.9222547
0.08591974,-0.3895705,-0.05663855,0.9152292
0.1139664,-0.4004523,-0.07688759,0.9059458
0.1331539,-0.4037471,-0.08408536,0.9012147
0.1407114,-0.4061513,-0.08343406,0.899044
0.1452609,-0.4027539,-0.08379285,0.8998152
0.1457151,-0.4013637,-0.08363338,0.9003776
0.1510022,-0.4000739,-0.0838284,0.9000623
0.1503661,-0.4028245,-0.08012806,0.8992786
0.1422244,-0.4067774,-0.07228781,0.8994881
0.1391513,-0.4126404,-0.06778282,0.8976471
0.1463259,-0.4144927,-0.06846758,0.8955985
0.1390027,-0.4130156,-0.0651793,0.8976904
0.1210071,-0.4177111,-0.05202887,0.8989816
0.09504239,-0.4233319,-0.03519506,0.9002879
0.05146383,-0.4297365,-0.002311524,0.9014836
0.01721475,-0.4128174,0.01187852,0.9105736
-0.01128369,-0.3897073,0.03032763,0.9203701
-0.03531864,-0.3804296,0.04763461,0.9229067
-0.05536713,-0.3751382,0.06499976,0.9230281
-0.0769646,-0.3616682,0.08905371,0.924847
-0.07756957,-0.3462886,0.105066,0.9289932
-0.06878126,-0.3473875,0.1022664,0.9295874
-0.05107837,-0.3517732,0.104816,0.928795
-0.038064,-0.336197,0.09878232,0.935823
-0.03895782,-0.3129399,0.1042749,0.9432272
-0.04184448,-0.3017288,0.1113972,0.9459383
-0.04101767,-0.2977471,0.1065787,0.9477897
-0.03148599,-0.2954672,0.09157081,0.9504328
-0.01697405,-0.2920834,0.06834858,0.9537964
-0.01533892,-0.29099,0.05172397,0.9552037
-0.01738366,-0.2959462,0.03772318,0.9543011
-0.01810482,-0.2981365,0.03662263,0.9536486
-0.01066225,-0.2908822,0.03687502,0.9559886
-0.003543438,-0.2891599,0.04113105,0.9563902
-0.00675937,-0.2948659,0.03283395,0.9549505
-0.009670351,-0.2971771,0.0426088,0.9538221
-0.03151082,-0.3088058,0.06471156,0.9483978
-0.05542511,-0.3156857,0.08508261,0.9434149
-0.04402068,-0.3265548,0.0800597,0.9407522
-0.01806797,-0.3278792,0.0688164,0.9420367
-0.005921942,-0.3264893,0.06186584,0.9431555
-0.007606743,-0.3114691,0.07064316,0.9475962
-0.01912771,-0.2992456,0.08641914,0.950062
-0.03497208,-0.2946087,0.1018168,0.9495347
-0.03916994,-0.29771,0.1024439,0.9483352
-0.03170741,-0.3016306,0.09092873,0.9485492
-0.02856729,-0.3046826,0.08756254,0.9479901
-0.03502388,-0.3141847,0.08728863,0.9446915
-0.04724389,-0.3224828,0.09981564,0.9401115
-0.05758249,-0.3166383,0.121726,0.9389394
-0.05703408,-0.3061212,0.1275658,0.9416813
-0.04481035,-0.2917029,0.1120399,0.948867
-0.04173366,-0.2968554,0.1021211,0.9485285
-0.04108143,-0.2995718,0.1075592,0.9471009
-0.05698156,-0.2990554,0.1185815,0.9451228
-0.06512178,-0.299288,0.1258181,0.9435865
-0.0565186,-0.3135501,0.1132801,0.9410949
-0.03090573,-0.3219357,0.09896287,0.9410677
-0.02037966,-0.3212923,0.08934136,0.9425359
-0.01567738,-0.3083709,0.08239529,0.9475615
-0.02407465,-0.3033956,0.093256,0.9479846
-0.02618453,-0.3043868,0.09125409,0.9478058
-0.01419488,-0.3067632,0.07584769,0.9486527
0.0007753074,-0.3100564,0.06177988,0.9487084
0.0036827,-0.3150724,0.05052996,0.9477144
-0.003482564,-0.3217363,0.05125697,0.9454345
-0.01237537,-0.3142327,0.06939457,0.9467254
-0.01928895,-0.3080655,0.07970534,0.9478242
-0.01396101,-0.2964894,0.08037713,0.9515454
-0.01585318,-0.2865309,0.07644264,0.9548849
-0.01999332,-0.2904765,0.0815474,0.9531913
-0.02923695,-0.2939055,0.0933959,0.9508112
-0.05427615,-0.289777,0.1203023,0.9479508
-0.05840809,-0.290755,0.1235431,0.9469884
-0.04734094,-0.2982649,0.118475,0.9459178
-0.03827792,-0.3126575,0.1123468,0.9424215
-0.03128789,-0.3104799,0.1040879,0.9443458
-0.03102564,-0.3093868,0.1018744,0.9449544
-0.03419352,-0.3128715,0.1085068,0.9429573
-0.04517816,-0.3146339,0.1141751,0.9412378
-0.04107415,-0.3194574,0.09870575,0.9415504
-0.01959302,-0.3279076,0.07079767,0.9418495
-0.01311669,-0.333197,0.06149456,0.9407583
-0.01048807,-0.3347154,0.05242354,0.9408014
-0.01320385,-0.3317313,0.05711481,0.9415507
-0.009039173,-0.3201486,0.06491471,0.9450975
-0.0002972363,-0.3133553,0.05139945,0.9482439
0.003516233,-0.3088753,0.04392451,0.9500812
0.001522219,-0.3158148,0.05589768,0.9471716
-0.01338032,-0.3133578,0.07228853,0.9467853
-0.03261236,-0.3162222,0.08764672,0.9440646
-0.03432104,-0.3229029,0.08648638,0.9418471
-0.01748869,-0.3246988,0.07622585,0.9425787
0.0002989899,-0.3313798,0.06558177,0.9412153
0.01595256,-0.3295084,0.05200711,0.9425842
0.01914149,-0.3284444,0.05150882,0.9429235
0.0123242,-0.3275504,0.05933913,0.942888
0.00274596,-0.3311276,0.05882234,0.9417468
0.0085225,-0.3330778,0.05181772,0.9414359
0.01392346,-0.3364056,0.04372364,0.9405985
0.01280511,-0.343696,0.03821593,0.9382156
0.00752423,-0.3516532,0.03556576,0.9354241
-0.0032726,-0.3458802,0.03608033,0.937579
-0.01026261,-0.3443555,0.03584719,0.9380986
-0.004519095,-0.3452483,0.03542221,0.9378318
0.02057667,-0.3575004,0.01627385,0.9335445
0.03199335,-0.3697865,-0.002335317,0.9285628
0.02843734,-0.3755562,-0.002156116,0.9263608
0.01895334,-0.3808655,0.005547522,0.9244196
0.02321068,-0.3924156,0.003596303,0.9194881
0.03044564,-0.3973099,-0.002828815,0.917175
0.03061278,-0.3992412,-0.004900809,0.9163216
0.02845307,-0.4019712,-0.006462977,0.9151873
0.03155375,-0.4085844,-0.008603188,0.9121344
0.03595196,-0.4131029,-0.01150157,0.9099017
0.03852518,-0.4148844,-0.01400635,0.9089502
0.04009378,-0.4196024,-0.01562336,0.9066876
0.04405769,-0.4225321,-0.01688679,0.905119
0.05220623,-0.4246523,-0.02124497,0.9036003
0.0591623,-0.4282164,-0.02392617,0.90142
0.06613466,-0.435326,-0.02235031,0.8975623
0.06512158,-0.4355978,-0.02070872,0.8975437
0.06490725,-0.4371778,-0.0214647,0.8967731
0.06162708,-0.4349555,-0.01915354,0.8981363
0.05785626,-0.4323374,-0.01457363,0.8997358
0.0494679,-0.4273934,-0.009541523,0.9026608
0.05436554,-0.4259363,-0.02975627,0.9026279
0.04582016,-0.4211742,-0.02359144,0.9055144
0.03896675,-0.4196022,-0.01964833,0.9066584
0.04537309,-0.424053,-0.02317555,0.9042031
0.04814603,-0.4241206,-0.02626874,0.9039434
0.04533263,-0.4269304,-0.02331785,0.9028465
0.04071338,-0.4264433,-0.02032859,0.9033689
0.04386864,-0.4284985,-0.02224918,0.9022025
0.04511644,-0.4312947,-0.02252594,0.9008008
0.04988552,-0.4291219,-0.02721984,0.9014571
0.04362465,-0.426834,-0.01107628,0.9032093
0.04123351,-0.4257977,-0.007268586,0.9038492
0.04219738,-0.4283175,-0.007389951,0.9026123
0.04152453,-0.4288647,-0.009176085,0.9023672
0.0400348,-0.4291723,-0.007160235,0.9023066
0.04185964,-0.4296507,-0.009610627,0.9019732
0.04469106,-0.4274352,-0.01173276,0.9028645
0.04603786,-0.4304145,-0.01142174,0.9013842
0.04600566,-0.43044,-0.009175193,0.9013993
0.04432262,-0.4271643,-0.008156875,0.9030502
0.0420522,-0.4269894,-0.007199816,0.9032496
0.03913358,-0.4206368,-0.00462323,0.906373
0.03589478,-0.4172525,-0.0009707194,0.9080809
0.03225785,-0.4112327,0.0004203795,0.9109594
0.03225408,-0.4066573,0.002600255,0.9130076
0.02391608,-0.3885113,0.004405353,0.921123
0.02211086,-0.3799599,0.006852762,0.9247133
0.02235325,-0.3812923,0.006528403,0.9241611
0.02352552,-0.3800122,0.006839761,0.9246569
0.0246317,-0.3809398,0.005516684,0.9242553
0.02419935,-0.3819094,0.005795571,0.9238647
0.02231579,-0.3812981,0.008359403,0.924145
0.01824536,-0.382145,0.01261272,0.9238361
0.01675307,-0.384165,0.01323077,0.9230177
0.01465348,-0.3838531,0.01505592,0.9231552
0.01090963,-0.3774635,0.01987364,0.9257469
0.01320826,-0.3748551,0.02224147,0.9267225
0.009345125,-0.3687409,0.01495842,0.9293649
0.01071501,-0.376911,0.01547421,0.9260583
0.0135368,-0.3809595,0.01346835,0.9243945
0.01307447,-0.3868352,0.0107497,0.9219935
0.01164212,-0.3900706,0.01418664,0.920602
0.01283707,-0.3907481,0.02124898,0.9201629
0.01345115,-0.389068,0.02410015,0.9207955
0.01064038,-0.3835866,0.01937152,0.9232404
0.007643545,-0.3878053,0.02456769,0.9213822
0.008959368,-0.3885486,0.02536056,0.9210356
0.007234994,-0.3933691,0.0279553,0.9189271
0.008820865,-0.3894601,0.02697261,0.9206061
0.007452126,-0.3880794,0.02732797,0.9211905
0.009066698,-0.3880732,0.01844852,0.9213994
0.01140331,-0.3843729,0.0107799,0.9230445
0.01106309,-0.3754946,0.01158143,0.9266862
0.01040014,-0.3710958,0.01240905,0.9284534
0.01172467,-0.369688,0.01151098,0.9290106
0.01259458,-0.3673298,0.01054508,0.9299457
0.01009026,-0.3624467,0.01040493,0.9318919
0.0138554,-0.3689688,0.01667497,0.9291888
0.01380982,-0.3716838,0.02211886,0.9279931
0.01356247,-0.3706229,0.01999588,0.9284692
0.01057876,-0.3767388,0.01427874,0.926149
0.01541588,-0.3808834,0.009171452,0.924449
0.01400483,-0.3810588,0.009752546,0.9243933
0.01239171,-0.3775793,0.0104736,0.9258351
0.01320347,-0.3774865,0.01191611,0.9258443
0.01069234,-0.3822657,0.01684929,0.9238369
0.01683587,-0.3858539,0.01343442,0.9223085
0.01743565,-0.3882036,0.01135843,0.9213387
0.01586547,-0.3911621,0.01157814,0.9201122
0.01517248,-0.3927041,0.01493747,0.9194184
0.01552671,-0.3921464,0.01437586,0.9196595
0.01506323,-0.3863912,0.01542534,0.922083
0.0180464,-0.384527,0.01218739,0.9228568
0.02163482,-0.3810592,0.008315922,0.92426
0.02511641,-0.3802283,0.005337664,0.9245362
0.0270211,-0.376334,0.001382631,0.9260889
0.03015842,-0.3741771,0.001273517,0.9268659
0.02978681,-0.3729858,-0.0006690025,0.9273585
0.02871975,-0.3710559,0.0001171529,0.9281662
0.03102762,-0.3704289,-0.0003470276,0.9283424
0.03112467,-0.3706681,-8.740649E-05,0.9282438
0.03110551,-0.3705673,0.0008393377,0.9282843
0.03066242,-0.3694762,0.0009593694,0.9287337
0.02896464,-0.3671797,0.002158384,0.9296964
0.02820078,-0.3695799,0.00441388,0.9287605
0.02878068,-0.3647145,0.01145507,0.930604
0.02325528,-0.352145,0.007218303,0.9356287
0.02658179,-0.3557227,0.004647096,0.9342018
0.03019151,-0.3620338,0.0005099587,0.9316758
0.03786542,-0.3692417,-0.005930733,0.9285427
0.04418575,-0.3756326,-0.009968019,0.9256611
0.04458776,-0.3780861,-0.01504382,0.9245737
0.04627565,-0.3708326,-0.01294703,0.9274557
0.040511,-0.3714017,-0.008612752,0.9275481
0.03989886,-0.3764398,-0.007653798,0.9255499
0.04044602,-0.3756925,-0.007689303,0.9258294
0.03903027,-0.3738453,-0.006256249,0.9266484
0.03473027,-0.3718239,-0.005555951,0.9276368
0.03479984,-0.3780901,-0.003728783,0.925107
0.04051457,-0.3826886,-0.005520012,0.9229721
0.0520438,-0.3841219,-0.008621017,0.9217741
0.07082973,-0.3841122,-0.01306209,0.9204729
0.08283127,-0.3885488,-0.02550762,0.917343
0.09631696,-0.3940147,-0.03526879,0.9133627
0.1103432,-0.3916371,-0.04943113,0.912141
0.1338628,-0.3983766,-0.06034951,0.9053921
0.1627654,-0.3975673,-0.07096088,0.900229
0.1937245,-0.3871302,-0.08314376,0.8976013
0.2355926,-0.3787389,-0.1012568,0.8892694
0.2621384,-0.3605729,-0.1134694,0.8879163
0.2818963,-0.3425805,-0.1203295,0.8880844
0.3004423,-0.3234122,-0.1292236,0.8879417
0.3036842,-0.306117,-0.1369082,0.8918096
0.3121235,-0.288859,-0.145075,0.8933603
0.3204286,-0.2771469,-0.1462906,0.8939319
0.3194948,-0.2746766,-0.1432161,0.895525
0.3146756,-0.2781968,-0.1363116,0.8972208
0.310607,-0.2838223,-0.1286348,0.8980097
0.3022311,-0.29197,-0.1240823,0.8988957
0.2902902,-0.2994987,-0.1191751,0.9010158
0.2748314,-0.312212,-0.1096009,0.9027619
0.2595975,-0.3299945,-0.09407783,0.9026971
0.2299586,-0.349609,-0.07956652,0.9047441
0.1948077,-0.3719219,-0.05970464,0.9056266
0.164531,-0.393665,-0.03855783,0.9035877
0.1241891,-0.4099614,-0.0258015,0.9032403
0.08429898,-0.4161586,-0.01178727,0.9052992
0.03067348,-0.4190557,0.01472733,0.9073227
-0.005665801,-0.4350107,0.03013187,0.8999032
-0.04653913,-0.425386,0.04572458,0.9026573
-0.08173773,-0.4231515,0.06598427,0.8999488
-0.1069323,-0.4121665,0.08308002,0.9009895
-0.1328158,-0.3996797,0.0983844,0.9016299
-0.1680577,-0.3890817,0.1130833,0.8986569
-0.2107057,-0.3632855,0.1363001,0.8972453
-0.2562802,-0.3274661,0.1636047,0.8946061
-0.2991738,-0.2952295,0.1801566,0.8893133
-0.3186289,-0.2531262,0.2028661,0.8906448
-0.3327696,-0.2222305,0.2121533,0.8915542
-0.3413159,-0.1986779,0.2264952,0.8903541
-0.3423467,-0.1727427,0.2442386,0.8906774
-0.3399328,-0.1525397,0.2586318,0.8912278
-0.3322981,-0.131058,0.2851623,0.8894292
-0.3228002,-0.1162976,0.2999591,0.890112
-0.3146727,-0.1106135,0.3119783,0.8896154
-0.3115544,-0.109776,0.3155875,0.8895435
-0.3080705,-0.1118312,0.3179223,0.8896695
-0.3031524,-0.1177747,0.319485,0.8900321
-0.3058444,-0.123661,0.3203958,0.8879829
-0.3118184,-0.1415563,0.3070523,0.8879471
-0.3093078,-0.1656406,0.2873318,0.8912534
-0.3123036,-0.1999015,0.2667543,0.8895774
-0.2847956,-0.2448578,0.2256178,0.8989065
-0.2503034,-0.2990007,0.1870463,0.9016433
-0.2015394,-0.3551163,0.1432731,0.9015248
-0.1204408,-0.4033006,0.08705449,0.9029198
-0.03100144,-0.4373578,0.04222801,0.8977605
0.05901485,-0.4541766,0.002542939,0.8889514
0.1394942,-0.4484796,-0.03078905,0.8823035
0.2075567,-0.4310525,-0.05452572,0.8764365
0.2583287,-0.401529,-0.08230931,0.8747948
0.2975258,-0.3710395,-0.1070822,0.8731217
0.3230764,-0.3437609,-0.123177,0.8730851
0.3434654,-0.3166225,-0.1345065,0.8738934
0.3588274,-0.2972487,-0.1409033,0.8735173
0.3642395,-0.2863972,-0.1423321,0.8746701
0.3545169,-0.2835424,-0.1401529,0.8799312
0.3395723,-0.2845984,-0.1339427,0.8864275
0.3105464,-0.2886343,-0.1091689,0.8990736
0.2962521,-0.2769532,-0.1079673,0.9076755
0.2925832,-0.2564137,-0.1194452,0.913444
0.2958535,-0.2437069,-0.1353882,0.9136452
0.2933447,-0.2314559,-0.1508605,0.9152148
0.291093,-0.2305744,-0.155647,0.9153547
0.293526,-0.233918,-0.1522631,0.914298
0.2927395,-0.2409822,-0.1465915,0.9136422
0.2943803,-0.2539438,-0.1404006,0.9105716
0.2784895,-0.2698778,-0.1255927,0.9131462
0.2604221,-0.2949997,-0.1109211,0.9126073
0.2420738,-0.3262183,-0.08758957,0.9095659
0.2100174,-0.3531525,-0.07093392,0.9089249
0.1681656,-0.3714204,-0.05343261,0.9115439
0.1248214,-0.3881356,-0.0413339,0.9121743
0.07476489,-0.4041759,-0.02391221,0.9113069
0.02474611,-0.4101623,-0.0072884,0.9116476
-0.01660118,-0.413159,0.005449748,0.9104913
-0.05176681,-0.4137704,0.01917829,0.9087059
-0.07981381,-0.4105149,0.02838566,0.9079105
-0.1064882,-0.405244,0.04635261,0.9068016
-0.1267797,-0.3995075,0.0630548,0.9057289
-0.142222,-0.3914936,0.06800545,0.9065765
-0.1511565,-0.3855056,0.07418763,0.9072118
-0.1371871,-0.3909517,0.063687,0.9078989
-0.1162738,-0.3974423,0.05723759,0.9084294
-0.09036995,-0.4034177,0.04834861,0.9092578
-0.06351714,-0.3957165,0.04734155,0.9149495
-0.04221253,-0.3917755,0.04265269,0.9181017
-0.01750722,-0.3830076,0.04208759,0.9226199
0.003137034,-0.3747292,0.04130106,0.9262086
0.00376313,-0.367243,0.04416633,0.9290682
0.006425488,-0.3624133,0.0451897,0.9308991
0.006622726,-0.3577261,0.04371015,0.9327795
2.230145E-05,-0.3561546,0.04908548,0.9331368
-0.01012061,-0.3576934,0.05936081,0.9318955
-0.03430865,-0.3617619,0.0781998,0.9283512
-0.05011401,-0.3688554,0.08879612,0.9238775
-0.06570634,-0.3729308,0.09668827,0.9204655
-0.08179908,-0.3834878,0.1039874,0.91402
-0.09967089,-0.3906722,0.1041866,0.9091678
-0.09663045,-0.4104953,0.1014932,0.9010301
-0.1005273,-0.4196574,0.0910532,0.8974917
-0.1077086,-0.4170429,0.08607926,0.8983677
-0.1218507,-0.4144526,0.08400916,0.8979554
-0.1428847,-0.4121262,0.08915371,0.8954259
-0.1644908,-0.3955075,0.1044973,0.8975505
-0.1776956,-0.3764225,0.1202189,0.9012645
-0.1762403,-0.377032,0.1164522,0.90179
-0.1665983,-0.3789708,0.1099631,0.9036228
-0.1597074,-0.3742743,0.1062274,0.9072639
-0.152627,-0.3702737,0.1042036,0.9103538
-0.1379435,-0.3683731,0.1016191,0.913754
-0.1285324,-0.3642772,0.1018213,0.916741
-0.1214552,-0.3519297,0.1080273,0.9218048
-0.1193321,-0.350282,0.1119245,0.9222448
-0.103861,-0.3352223,0.1212147,0.9285182
-0.1060287,-0.3299688,0.1244083,0.9297317
-0.1006478,-0.3331992,0.1262832,0.9289245
-0.09500691,-0.3355851,0.122559,0.9291586
-0.0759663,-0.3406715,0.1005866,0.9316944
-0.06171245,-0.3474698,0.08459704,0.9318261
-0.03624655,-0.3461157,0.06892611,0.9349542
-0.02949207,-0.3519945,0.05431633,0.9339592
-0.01195512,-0.3655758,0.04330514,0.9296967
-0.007175239,-0.375805,0.02618436,0.9263009
-0.005537863,-0.3861683,0.01873357,0.9222214
-0.0003360226,-0.4028105,0.01431003,0.9151714
0.01142079,-0.4100259,0.01169014,0.9119274
0.009401522,-0.4103234,0.02287837,0.9116045
-0.001597506,-0.4091863,0.0348721,0.9117829
-0.009556711,-0.3979129,0.03829389,0.9165738
-0.01601589,-0.3881851,0.04328071,0.9204252
-0.02009047,-0.3761215,0.0410027,0.9254447
-0.01895798,-0.377057,0.03500261,0.9253342
-0.02166511,-0.3842916,0.03815762,0.9221684
-0.02689065,-0.3769334,0.04259112,0.9248698
-0.03280167,-0.37019,0.04637216,0.9272178
-0.04376002,-0.372834,0.04848889,0.9255964
-0.0516944,-0.370239,0.04744443,0.9262828
-0.06200248,-0.3717845,0.04302331,0.9252465
-0.07042358,-0.3674747,0.03887036,0.9265484
-0.08077843,-0.3641296,0.03285132,0.9272569
-0.08719041,-0.3571116,0.02924788,0.9295235
-0.09002483,-0.3546539,0.02572294,0.930298
-0.09159247,-0.3568959,0.02383483,0.9293374
-0.0890407,-0.3614281,0.02021008,0.9279187
-0.0880225,-0.3640714,0.01531091,0.9270757
-0.08567908,-0.3681962,0.01505065,0.9256696
-0.08434097,-0.3676565,0.01483743,0.9260103
-0.08213735,-0.368861,0.01329171,0.9257529
-0.08015282,-0.3693349,0.01039382,0.9257749
-0.07679869,-0.3690881,0.0108923,0.9261519
-0.07730853,-0.3703044,0.01406804,0.9255809
-0.07899856,-0.3715922,0.01556564,0.9248979
-0.08083933,-0.3725221,0.02234926,0.9242255
-0.08509729,-0.3707982,0.02337093,0.9245113
-0.09309274,-0.3720494,0.0272742,0.92313
-0.09395653,-0.3701181,0.03178046,0.9236746
-0.09699784,-0.3661031,0.03841439,0.9247077
-0.09918956,-0.363199,0.04141247,0.9254906
-0.09944236,-0.3600561,0.04501549,0.9265227
-0.09946655,-0.3611162,0.04528724,0.9260942
-0.09961267,-0.3607579,0.04566059,0.9261998
-0.09567458,-0.3628521,0.04270699,0.9259378
-0.09597073,-0.361448,0.04284044,0.92645
-0.0982783,-0.3605051,0.04045256,0.9266828
-0.09813862,-0.357453,0.04188422,0.9278156
-0.0987042,-0.3580129,0.04347509,0.9274666
-0.1011742,-0.3542307,0.04145952,0.928744
-0.1043859,-0.3521258,0.0424225,0.9291455
-0.1070331,-0.3492986,0.04471328,0.9298038
-0.1184176,-0.347432,0.05188695,0.9287497
-0.1247321,-0.3472922,0.05278242,0.9279245
-0.1285251,-0.3511081,0.05522673,0.9258263
-0.1359645,-0.34871,0.0633493,0.9251496
-0.1411378,-0.3489984,0.06972845,0.9238064
-0.1373125,-0.3538189,0.07289648,0.9223034
-0.1402383,-0.3511579,0.07417033,0.9227785
-0.1437547,-0.3517495,0.07688648,0.9217892
-0.1421629,-0.348208,0.07869714,0.9232268
-0.1407581,-0.3468313,0.07806697,0.9240134
-0.1395313,-0.3447339,0.07707505,0.925067
-0.138792,-0.3446182,0.08186002,0.9248103
-0.14138,-0.3470618,0.08317475,0.923386
-0.1436966,-0.3466022,0.08512073,0.9230236
-0.1444743,-0.348403,0.08532754,0.9222049
-0.1466356,-0.3475894,0.08590227,0.9221174
-0.1464309,-0.3481046,0.08941409,0.9216216
-0.1500876,-0.350203,0.09310813,0.9198709
-0.149373,-0.3554294,0.1019909,0.9170364
-0.1475723,-0.3620536,0.1035162,0.9145622
-0.1426106,-0.3653249,0.1046975,0.9139138
-0.1348106,-0.3686005,0.1018652,0.9141024
-0.1258255,-0.3696228,0.1024093,0.9149094
-0.1113319,-0.3659794,0.09415983,0.919129
-0.1161319,-0.3605741,0.09277024,0.9208113
-0.1089415,-0.3630803,0.09120286,0.9208618
-0.1028397,-0.3678583,0.08326641,0.9204189
-0.09095578,-0.3705063,0.07307157,0.9214731
-0.06603307,-0.3685093,0.06275765,0.9251497
-0.0531734,-0.3709302,0.04721742,0.9259341
-0.03178723,-0.3662157,0.0314136,0.9294562
-0.01324306,-0.3615775,0.0170674,0.9320918
0.0001415177,-0.3581276,0.00645347,0.9336504
0.01565137,-0.3544548,-0.002033713,0.9349399
0.02272871,-0.3508748,-0.002268916,0.9361438
0.02837313,-0.3454537,-0.001577718,0.9380054
0.02653634,-0.3421153,0.00334431,0.9392772
0.02818556,-0.3392958,0.01270375,0.9401715
0.03090599,-0.3383411,0.01890793,0.9403257
0.03978745,-0.3382393,0.02143785,0.9399742
0.05478138,-0.340166,0.01567033,0.9386376
0.07577235,-0.3478058,0.006449373,0.9344773
0.1016166,-0.3549438,-0.002861254,0.9293442
0.1236905,-0.3462636,-0.01819532,0.9297694
0.160464,-0.3432068,-0.03497639,0.9247903
0.1959368,-0.3327009,-0.04827436,0.9211886
0.2322373,-0.3177131,-0.063022,0.9171436
0.2753744,-0.3014325,-0.08594415,0.908802
0.3188899,-0.2817327,-0.1010062,0.8992962
0.3366093,-0.2462377,-0.1273454,0.8999135
0.3522115,-0.2260449,-0.14429,0.8966779
0.3600792,-0.2114659,-0.1576373,0.8948606
0.3671601,-0.1971943,-0.1703234,0.8929153
0.374738,-0.1870204,-0.181026,0.8898451
0.3802928,-0.1800899,-0.1913434,0.8867541
0.3831384,-0.1764747,-0.1946221,0.8855416
0.384612,-0.1753203,-0.1974035,0.8845158
0.3910205,-0.1762176,-0.1976151,0.8814753
0.3933168,-0.1776775,-0.19863,0.879931
0.3982362,-0.1735005,-0.2011525,0.8779767
0.4001393,-0.1750848,-0.2033927,0.8762792
0.4051393,-0.1763991,-0.2025128,0.8739188
0.4096878,-0.1748568,-0.2060538,0.8712765
0.4185276,-0.1708544,-0.2094871,0.8670401
0.419032,-0.1738675,-0.207341,0.8667133
0.4184797,-0.1736642,-0.208104,0.866838
0.421297,-0.1793297,-0.2005928,0.8660902
0.4190215,-0.1801467,-0.2015355,0.8668055
0.4160479,-0.1831464,-0.1992226,0.8681428
0.4128055,-0.1890351,-0.1968178,0.8689766
0.4122488,-0.1923103,-0.1956979,0.868775
0.412518,-0.1920712,-0.1946564,0.868934
0.4101214,-0.1937512,-0.195682,0.869465
0.4086954,-0.1986494,-0.1925291,0.8697351
0.4073222,-0.201897,-0.1918507,0.8697814
0.4082416,-0.2047599,-0.1907268,0.8689278
0.4049197,-0.2091758,-0.1884924,0.8699173
0.4065475,-0.211038,-0.1875372,0.8689141
0.4061579,-0.2130337,-0.1865695,0.8688177
0.4089793,-0.2155087,-0.184801,0.8672604
0.4083052,-0.2158462,-0.1868318,0.867059
0.4065839,-0.2152904,-0.1860485,0.8681737
0.4079132,-0.2138502,-0.1867203,0.8677618
0.4055516,-0.2148242,-0.1866091,0.8686515
0.4107445,-0.2154707,-0.1862028,0.866135
0.4122688,-0.2154031,-0.1836303,0.8659768
0.4110323,-0.2183764,-0.1814264,0.8662844
0.4128532,-0.2207969,-0.178083,0.8654984
0.4138236,-0.2227241,-0.1769337,0.8647765
0.4180502,-0.2220125,-0.1764493,0.8630238
0.4171897,-0.2238937,-0.1749885,0.8632516
0.4152774,-0.2269387,-0.171064,0.8641647
0.4163121,-0.2250003,-0.1708187,0.8642222
0.4142814,-0.2259852,-0.1693449,0.8652306
0.4255651,-0.2192369,-0.1708404,0.861187
0.4200036,-0.2223476,-0.1734614,0.8625948
0.4268852,-0.2181017,-0.1731267,0.8603649
0.4209356,-0.2199132,-0.1750139,0.8624508
0.420871,-0.2200295,-0.1756795,0.8623175
0.4248025,-0.2181907,-0.177076,0.8605694
0.4288247,-0.2185192,-0.1775975,0.8583809
0.4276854,-0.2192791,-0.1788731,0.8584906
0.4298674,-0.2221947,-0.1760461,0.8572347
0.4280883,-0.2236174,-0.17515,0.8579383
0.4321841,-0.2258351,-0.1721362,0.8559114
0.4308757,-0.2282505,-0.1713185,0.8560945
0.4298728,-0.2335759,-0.1653572,0.8563345
0.4263019,-0.2402396,-0.162847,0.856757
0.4247174,-0.2452526,-0.1561185,0.8573759
0.4229076,-0.2539235,-0.1508828,0.8566833
0.4180371,-0.2624426,-0.1459119,0.8573672
0.4118581,-0.2727511,-0.1402017,0.8580928
0.4043895,-0.2807551,-0.1350372,0.8598899
0.3920035,-0.2926719,-0.1306511,0.8623263
0.377867,-0.3065016,-0.1233153,0.8649085
0.3595815,-0.3220981,-0.113216,0.8684101
0.3429883,-0.3316951,-0.1077942,0.8721914
0.3227797,-0.34445,-0.09699724,0.8762186
0.305993,-0.3552794,-0.08728141,0.878935
0.2812956,-0.3639372,-0.07902195,0.8844082
0.2551516,-0.3703116,-0.06769717,0.8906088
0.2251468,-0.3768866,-0.05728032,0.8966517
0.1974219,-0.3866922,-0.04813845,0.8995424
0.1607097,-0.3908297,-0.03376447,0.9056956
0.1090173,-0.4051664,0.0001953319,0.9077199
0.03771536,-0.3978448,0.03350519,0.9160646
-0.0225964,-0.3806998,0.05581703,0.9227359
-0.06682292,-0.3549913,0.07876141,0.9291461
-0.1049107,-0.3289368,0.107227,0.9323608
-0.1240904,-0.3162539,0.1250267,0.9321766
-0.1361898,-0.3097901,0.1280915,0.9322419
-0.1500419,-0.2979316,0.1397775,0.9323016
-0.1655117,-0.2783328,0.1609614,0.9323241
-0.186961,-0.2544451,0.1854206,0.9305496
-0.2119239,-0.2293135,0.2142538,0.9255263
-0.2357304,-0.203736,0.243383,0.9185247
-0.2572097,-0.1785868,0.2715921,0.9100482
-0.2772352,-0.1636294,0.2812403,0.9040299
-0.2948226,-0.1524189,0.2880764,0.898254
-0.3003692,-0.1357069,0.3040825,0.8938097
-0.2987406,-0.1162193,0.3194834,0.8917273
-0.3034867,-0.09412336,0.3350124,0.8870193
-0.3033084,-0.07832237,0.3477109,0.8837232
-0.300882,-0.06641577,0.358059,0.8813924
-0.3030056,-0.05624022,0.3642039,0.8788516
-0.311387,-0.05100562,0.3681794,0.8745744
-0.3142208,-0.04620519,0.3656638,0.8748831
-0.3124514,-0.04036763,0.3671687,0.8751753
-0.305057,-0.03278008,0.365233,0.878903
-0.2993483,-0.02307048,0.3654216,0.8810933
-0.2960709,-0.01488174,0.3632495,0.8832725
-0.2913701,-0.004448764,0.3621541,0.8853971
-0.2869281,0.007938616,0.3654175,0.8854825
-0.2804469,0.02088716,0.3655566,0.8872889
-0.2724174,0.0341623,0.3618228,0.8909018
-0.2594016,0.04313914,0.3585146,0.8957216
-0.260013,0.04558165,0.349867,0.8988373
-0.2558701,0.04754913,0.3425015,0.9027526
-0.2484416,0.04753555,0.3382083,0.9064393
-0.2388824,0.04771992,0.3287593,0.9124556
-0.2352025,0.04570061,0.3243033,0.9151058
-0.2329209,0.04589527,0.3148198,0.9189831
-0.2252974,0.04870428,0.3142855,0.92092
-0.2250305,0.04927532,0.3117764,0.9218072
-0.2225458,0.05092362,0.311222,0.9225079
-0.2235351,0.0491038,0.3107544,0.922525
-0.2209738,0.04852477,0.311856,0.922801
-0.2170191,0.04939589,0.3156031,0.9224194
-0.2157957,0.04796966,0.3199959,0.9212674
-0.207957,0.04742778,0.3293206,0.9198111
-0.2247419,0.03134913,0.319315,0.9200795
-0.229338,0.02748649,0.319809,0.9188966
-0.2198009,0.03276383,0.3340549,0.9159811
-0.2392215,0.02126243,0.3235623,0.9152204
-0.2291993,0.03003049,0.3356985,0.9131662
-0.2314195,0.03078267,0.3408926,0.9106534
-0.2291113,0.03549874,0.345488,0.9093327
-0.2344553,0.03234921,0.3474136,0.9073522
-0.2359959,0.03225794,0.3485653,0.906514
-0.239352,0.03172915,0.3483433,0.9057378
-0.2386277,0.0316407,0.3488708,0.9057289
-0.2403162,0.02994123,0.3486188,0.9054372
-0.2408618,0.02829148,0.3438227,0.9071776
-0.2425085,0.02550205,0.3409512,0.9079051
-0.2413964,0.0221855,0.3357521,0.9102231
-0.2429494,0.01449425,0.3296315,0.9121999
-0.2464422,0.01102159,0.3210443,0.9143716
-0.2494021,0.007218525,0.3134808,0.9162294
-0.2510304,-0.0003925115,0.3053266,0.9185638
-0.2499651,-0.004059181,0.298738,0.9210085
-0.2521812,-0.01079249,0.2881489,0.9237198
-0.2568294,-0.01975088,0.2767799,0.9257653
-0.2539042,-0.0249941,0.2729142,0.9275914
-0.2507538,-0.03471696,0.2663946,0.9300275
-0.2483689,-0.05307055,0.2443154,0.9358452
-0.2494577,-0.07890986,0.2125642,0.9414673
-0.2367288,-0.1156731,0.1783704,0.9480312
-0.2138875,-0.1582173,0.1492225,0.9523404
-0.1790249,-0.1992694,0.1089307,0.9572753
-0.1395161,-0.2505188,0.07059038,0.9554017
-0.087357,-0.2830954,0.02950711,0.9546492
-0.01416852,-0.3090396,-0.0218239,0.9506932
0.07460798,-0.3120099,-0.07834753,0.9438989
0.1613384,-0.304025,-0.1257197,0.9304479
0.2243636,-0.2814757,-0.1573884,0.9195983
0.2659517,-0.2566086,-0.1821575,0.9111753
0.291329,-0.2327997,-0.1900219,0.9081978
0.3071163,-0.2129616,-0.1942357,0.9069727
0.3122989,-0.1968457,-0.1959549,0.9084728
0.304543,-0.17289,-0.2024325,0.9145402
0.3190269,-0.1744174,-0.183887,0.9132283
0.3296906,-0.1748035,-0.1706644,0.9119328
0.3348715,-0.1727125,-0.1560987,0.9130524
0.3465238,-0.1814766,-0.1379905,0.9099154
0.3354973,-0.1701242,-0.1271082,0.9177923
0.3289339,-0.1651423,-0.1160139,0.9225352
0.3242436,-0.1703529,-0.1051983,0.9245427
0.3196612,-0.1720859,-0.09454757,0.9269649
0.3171117,-0.1745515,-0.0879403,0.9280293
0.3147506,-0.1773342,-0.08704465,0.92839
0.3147708,-0.1819129,-0.08524694,0.9276636
0.3140351,-0.1830374,-0.08614967,0.9276085
0.3125666,-0.1882046,-0.08486831,0.9271884
0.3111869,-0.1881783,-0.08780406,0.9273845
0.3116729,-0.1903592,-0.08864754,0.9266958
0.3093461,-0.1905805,-0.09221888,0.9270813
0.3081614,-0.1911101,-0.09685845,0.9268937
0.3067695,-0.1901097,-0.1034903,0.9268444
0.3078835,-0.1910308,-0.1034502,0.9262899
0.306793,-0.1911557,-0.1133064,0.9254724
0.3051969,-0.1831522,-0.1175994,0.9270816
0.3072426,-0.1723084,-0.1319251,0.9265568
0.3058517,-0.1732076,-0.136228,0.9262266
0.3064176,-0.1819451,-0.1332331,0.924799
0.3216701,-0.1869408,-0.1289656,0.9192113
0.3241965,-0.1853815,-0.1309923,0.9183525
0.3212085,-0.1794106,-0.1302806,0.9206866
0.3204561,-0.1777404,-0.1276923,0.9216349
0.3208681,-0.1758664,-0.1233594,0.9224409
0.3208293,-0.1774524,-0.1175314,0.9229114
0.3205136,-0.1801049,-0.1126499,0.923116
0.3195506,-0.1789007,-0.1117348,0.923795
0.3242078,-0.1743914,-0.109346,0.9233202
0.3215053,-0.1725962,-0.1092467,0.9246135
0.3207377,-0.1655426,-0.1158856,0.9253613
0.3209053,-0.1663346,-0.1167096,0.9250575
0.3183423,-0.1623324,-0.120399,0.9261805
0.3190823,-0.1598543,-0.1280006,0.9253371
0.3163922,-0.1554256,-0.1334167,0.9262499
0.3161168,-0.1511023,-0.144985,0.9253203
0.3134623,-0.1465008,-0.1548765,0.9253606
0.3062215,-0.1500165,-0.1553808,0.9271355
0.3067781,-0.1559644,-0.160462,0.9251024
0.3033688,-0.166214,-0.1630743,0.9239844
0.2898468,-0.1882345,-0.1491518,0.9264504
0.2637423,-0.2147237,-0.1294395,0.9314393
0.2378568,-0.2383978,-0.1112842,0.9349901
0.2010728,-0.2646837,-0.08766843,0.9390562
0.1527124,-0.29987,-0.06104907,0.9396967
0.09635569,-0.3238573,-0.02738851,0.9407879
0.04640111,-0.3424653,0.001112933,0.9383833
-0.006510329,-0.3496861,0.0244812,0.9365244
-0.05649792,-0.3427289,0.04898679,0.9364536
-0.1021851,-0.3285543,0.0736931,0.9360446
-0.1334335,-0.3143582,0.08906856,0.9356501
-0.169256,-0.2969076,0.1092475,0.9334148
-0.2124159,-0.2660377,0.1428452,0.9293538
-0.2426105,-0.2284654,0.1707029,0.9272563
-0.2550688,-0.1960216,0.1966136,0.9262065
-0.2685149,-0.1747287,0.2141841,0.9227648
-0.2690123,-0.1507577,0.2321625,0.9224994
-0.2703916,-0.1359175,0.2491146,0.9199765
-0.2869121,-0.1378241,0.2563415,0.9126747
-0.2861574,-0.138178,0.2490215,0.914882
-0.2845606,-0.1401141,0.2424603,0.9168458
-0.2838598,-0.137076,0.2453747,0.9167471
-0.2831731,-0.1285666,0.2478266,0.9175323
-0.2800965,-0.1202009,0.2528088,0.9182513
-0.2814479,-0.1093135,0.2591669,0.9174259
-0.2821954,-0.1009052,0.2671963,0.9158547
-0.2795541,-0.09217388,0.2755094,0.9151219
-0.2755499,-0.08493702,0.2837623,0.9145146
-0.2714889,-0.08189049,0.2863307,0.9152062
-0.2694765,-0.08005857,0.2885361,0.9152704
-0.2611534,-0.07871644,0.2898761,0.9173737
-0.2591211,-0.07622752,0.2907836,0.9178728
-0.2528934,-0.07331406,0.2904286,0.9199573
-0.2503491,-0.08401501,0.2882612,0.9204196
-0.2407316,-0.0983033,0.2765952,0.9251378
-0.2319797,-0.1165047,0.2675844,0.9279066
-0.2203031,-0.1440403,0.2560631,0.9301348
-0.2033021,-0.1673776,0.2389723,0.9346365
-0.1836189,-0.1913263,0.2219488,0.9383054
-0.1577559,-0.2237289,0.1870634,0.9434329
-0.1251696,-0.2551348,0.1540003,0.9463207
-0.08612455,-0.2825677,0.1209628,0.9476846
-0.04171667,-0.2978258,0.08872204,0.9495724
0.002635948,-0.3098799,0.05838833,0.9489775
0.04626254,-0.3133086,0.03665072,0.9478155
0.08558107,-0.301604,0.004690845,0.949573
0.1237555,-0.2889953,-0.02575865,0.9489482
0.1578324,-0.2739435,-0.04941102,0.9474189
0.1862417,-0.2629478,-0.06605815,0.9443563
0.2081097,-0.2457387,-0.08000708,0.9433461
0.226559,-0.2281691,-0.09178302,0.9424361
0.2469444,-0.2058056,-0.1082117,0.9407192
0.265942,-0.1832639,-0.1293901,0.937522
0.2795319,-0.1699881,-0.1489457,0.9331565
0.2931042,-0.1529569,-0.1653557,0.9291671
0.2992086,-0.1328795,-0.1820544,0.9271858
0.3044777,-0.1145923,-0.2003956,0.9241231
0.3085489,-0.09804601,-0.2188188,0.9204905
0.3101735,-0.08298522,-0.2387993,0.9164501
0.3135762,-0.07180376,-0.2508657,0.9130064
0.3154943,-0.06517989,-0.2578681,0.9108891
0.3158885,-0.06307708,-0.2602782,0.9102148
0.3190109,-0.07065152,-0.2511837,0.9111241
0.3177201,-0.07353373,-0.2454213,0.9129158
0.3161106,-0.07808118,-0.2419705,0.9140174
0.3157185,-0.08317769,-0.2381961,0.9146944
0.321326,-0.08848232,-0.2384374,0.9121776
0.3260237,-0.09158812,-0.2327942,0.9116617
0.3299783,-0.09400404,-0.2286392,0.9110443
0.3317469,-0.09471463,-0.2298717,0.9100177
0.3353589,-0.09207816,-0.2303551,0.9088414
0.3382391,-0.0837988,-0.2327892,0.9079545
0.3346024,-0.08222048,-0.2366631,0.9084446
0.338998,-0.07795877,-0.2402167,0.9062553
0.3390611,-0.07091209,-0.2461742,0.9052112
0.3388538,-0.06590686,-0.2484353,0.9050494
0.3340709,-0.06778263,-0.2487991,0.9065875
0.3342754,-0.07057981,-0.2451856,0.9072831
0.3290473,-0.07394343,-0.2433766,0.9094109
0.3228216,-0.08092959,-0.2388945,0.9122314
0.3147618,-0.09099188,-0.2336103,0.9154626
0.3088868,-0.1010274,-0.2293761,0.9174797
0.302361,-0.1196672,-0.2222549,0.9191629
0.2868221,-0.1277529,-0.2259556,0.9221476
0.2812978,-0.1365752,-0.2313991,0.9212345
0.2706541,-0.1624722,-0.2230163,0.9222867
0.2618567,-0.1894297,-0.2104333,0.9226403
0.2494978,-0.2084765,-0.196664,0.9249929
0.2360394,-0.2223457,-0.1834913,0.9279972
0.2240876,-0.2449576,-0.1640746,0.9289026
0.2096973,-0.2554219,-0.1524369,0.9314235
0.1870837,-0.2748701,-0.1409485,0.9325125
0.1748914,-0.3098784,-0.1048258,0.928655
0.1484026,-0.3309104,-0.0800367,0.9284768
0.1123964,-0.3421804,-0.06113273,0.9308826
0.07313258,-0.3524214,-0.04029261,0.9321091
0.02737581,-0.3529213,-0.01532188,0.9351269
-0.01568132,-0.3491762,0.007604075,0.936895
-0.0472114,-0.3536577,0.02114444,0.9339433
-0.08363159,-0.3467667,0.03569592,0.9335333
-0.1010237,-0.3486579,0.04037018,0.9309147
-0.1151647,-0.339695,0.04924217,0.9321585
-0.1379561,-0.3244963,0.06847064,0.9332642
-0.1477273,-0.3150666,0.07963554,0.9341135
-0.1520219,-0.3090417,0.08927843,0.9345651
-0.1552407,-0.3047708,0.09602357,0.9347697
-0.1557622,-0.3031792,0.0975818,0.9350392
-0.1588894,-0.2967131,0.1022833,0.9360842
-0.1629273,-0.2832346,0.1119613,0.9384549
-0.1732438,-0.2767269,0.1272643,0.9365963
-0.1774991,-0.2687925,0.1351775,0.9370015
-0.1770952,-0.2622954,0.1369745,0.9386567
-0.1836694,-0.2547876,0.1495095,0.9375477
-0.1914705,-0.2478135,0.1558871,0.9368173
-0.2030813,-0.2343368,0.1694658,0.9354815
-0.2154302,-0.2206883,0.183999,0.9332904
-0.2265383,-0.2080492,0.1963134,0.9310516
-0.2416738,-0.1978547,0.2081373,0.9268906
-0.2463396,-0.1884643,0.2177554,0.9254084
-0.2527217,-0.1733612,0.2281038,0.9241462
-0.2566729,-0.1603996,0.2411255,0.9220898
-0.2583185,-0.1504885,0.2500156,0.9209327
-0.2573522,-0.140444,0.25755,0.9207135
-0.2579677,-0.1363784,0.2623661,0.9197921
-0.2620778,-0.1304517,0.2709787,0.9169886
-0.2634785,-0.1289935,0.2738473,0.9159407
-0.2664515,-0.1282238,0.2740994,0.915113
-0.2668187,-0.1293694,0.2734089,0.9150513
-0.2660506,-0.1282742,0.2712799,0.9160623
-0.2518351,-0.1406392,0.2707788,0.9184109
-0.2475923,-0.144315,0.2700894,0.9191968
-0.2388796,-0.1421345,0.2742627,0.9206054
-0.2388094,-0.1434759,0.2722313,0.9210184
-0.2312807,-0.1514376,0.2648763,0.9238055
-0.2187252,-0.1507639,0.2767378,0.9234965
-0.2100399,-0.1577222,0.2758615,0.9246121
-0.206487,-0.1621943,0.2708788,0.9261106
-0.1992101,-0.176048,0.2637949,0.9272189
-0.1869173,-0.1886502,0.249625,0.9312145
-0.1779878,-0.2027796,0.2353901,0.9336982
-0.1701055,-0.229475,0.2307345,0.9301435
-0.1586528,-0.2440548,0.2144353,0.932354
-0.1460057,-0.2707941,0.1998337,0.9302792
-0.1244597,-0.2862542,0.1765313,0.9334908
-0.09871334,-0.3022127,0.1524311,0.935782
-0.07100274,-0.3149638,0.1269512,0.9378912
-0.04315943,-0.3209509,0.1034243,0.940442
-0.01661106,-0.3300273,0.08163802,0.9402879
0.002630377,-0.3330396,0.06568753,0.9406183
0.01941103,-0.3284011,0.05395324,0.9427964
0.02782368,-0.3293204,0.04423798,0.9427709
0.03262446,-0.3325732,0.03876229,0.9417156
0.02731197,-0.3356172,0.04353753,0.9405954
0.01205164,-0.3361941,0.05224212,0.9402655
-0.01169989,-0.3311571,0.0669546,0.9411245
-0.04345914,-0.3260977,0.09136241,0.9399067
-0.07651406,-0.3152426,0.1136942,0.9390641
-0.1047017,-0.299866,0.1366391,0.9383218
-0.1298722,-0.2903786,0.1516818,0.9358451
-0.1483674,-0.2715421,0.1643925,0.9366041
-0.1581808,-0.2554078,0.1744734,0.9377126
-0.1621347,-0.2450831,0.1765279,0.9394065
-0.1639791,-0.2364401,0.1759544,0.9414069
-0.1680744,-0.2305196,0.1741542,0.9424871
-0.1758233,-0.2212172,0.1791655,0.9423634
-0.1816896,-0.1973411,0.1888111,0.944667
-0.19034,-0.1787347,0.1998666,0.944393
-0.1873996,-0.1637973,0.2045058,0.9466939
-0.1868692,-0.1568739,0.2071953,0.9473863
-0.189058,-0.1538159,0.2105506,0.9467134
-0.183951,-0.1517017,0.2163423,0.9467548
-0.187804,-0.1522233,0.2295169,0.9428042
-0.1877463,-0.1617846,0.2358761,0.9396486
-0.1883351,-0.1751438,0.2358959,0.9371273
-0.1879538,-0.2074055,0.227394,0.9327102
-0.1703749,-0.2368034,0.2077608,0.9336659
-0.1358464,-0.2707842,0.1765596,0.9365087
-0.08799568,-0.3027881,0.1401534,0.9385804
-0.03388135,-0.3273331,0.1057869,0.9383572
0.01522005,-0.3420056,0.07863714,0.9362781
0.06544079,-0.3351551,0.04776715,0.938673
0.1087263,-0.3264657,0.02071609,0.9387063
0.1426796,-0.3171946,-0.001707744,0.9375646
0.180174,-0.3014359,-0.02388307,0.936004
0.2090566,-0.2772107,-0.03874938,0.9369888
0.2345423,-0.2528603,-0.05499358,0.9370311
0.2485411,-0.2348689,-0.061119,0.9377251
0.2511142,-0.2210174,-0.0523798,0.9409299
0.2564559,-0.2079399,-0.07111806,0.9412405
0.254738,-0.2016556,-0.0799102,0.9423683
0.2450533,-0.2001562,-0.08957216,0.9443851
0.240414,-0.2016778,-0.0771499,0.9463483
0.2344272,-0.200204,-0.07545686,0.9482977
0.2296983,-0.2017311,-0.08372909,0.948437
0.2219696,-0.2196331,-0.08455679,0.9462247
0.2121023,-0.2480434,-0.07511406,0.9422553
0.1989747,-0.2748837,-0.06472056,0.9384344
0.1799494,-0.2941128,-0.05789697,0.9368904
0.1480734,-0.314932,-0.04299365,0.9365062
0.1122834,-0.3301135,-0.02900327,0.9367903
0.06084847,-0.3390436,-0.006242398,0.93878
0.007819064,-0.3336362,0.02332032,0.942381
-0.04525471,-0.3222272,0.06203197,0.9435431
-0.0932564,-0.3069328,0.09715179,0.9421555
-0.123182,-0.2830982,0.1289638,0.9423641
-0.1370033,-0.2503161,0.1402021,0.9481115
-0.1546136,-0.2319024,0.1528884,0.9481251
-0.1730236,-0.2204226,0.1691749,0.9449109
-0.1848379,-0.2019119,0.1808112,0.9446554
-0.1934403,-0.1890982,0.2004188,0.9416236
-0.1975373,-0.1787767,0.2129153,0.9400452
-0.2019442,-0.1722816,0.2221322,0.938187
-0.2010479,-0.168179,0.2292129,0.9374204
-0.193933,-0.1675384,0.230668,0.9386762
-0.1969797,-0.1680738,0.2375805,0.9362188
-0.1874063,-0.1659012,0.2406479,0.9377869
-0.1872948,-0.1625973,0.2376715,0.9391459
-0.1785349,-0.1735908,0.2353974,0.9394571
-0.1767292,-0.1885475,0.244593,0.9345539
-0.176149,-0.2167861,0.2432645,0.928869
-0.1663988,-0.2313107,0.2356409,0.9291287
-0.151497,-0.2512054,0.2222764,0.9298052
-0.1255911,-0.2777367,0.1982662,0.9315469
-0.08687447,-0.2954693,0.1646561,0.9370375
-0.05055671,-0.3068136,0.1444781,0.9393803
-0.0155817,-0.3170835,0.1236459,0.9401739
0.01918657,-0.3193165,0.1078124,0.9412998
0.05605575,-0.3135945,0.07733916,0.9447407
0.07957637,-0.3015425,0.05735347,0.9483936
0.1046219,-0.2912578,0.04329392,0.9499205
0.1226307,-0.2828808,0.03497275,0.9506404
0.1315528,-0.2760796,0.04999858,0.9507755
0.1432212,-0.2772717,0.04868351,0.9488088
0.1399191,-0.2638582,0.04084657,0.9534847
0.152983,-0.2588317,0.03963682,0.9529068
0.1536396,-0.2474475,0.03467169,0.9560139
0.1598336,-0.2443268,0.02805131,0.9560181
0.1647802,-0.2455134,0.02608896,0.9549294
0.1654702,-0.241437,0.02184014,0.9559555
0.1603948,-0.240511,0.01693937,0.9571526
0.1533148,-0.2353758,0.004565351,0.959725
0.153477,-0.239488,-0.01554733,0.9585658
0.1534841,-0.2473481,-0.03375041,0.9560975
0.1409126,-0.2671776,-0.03148065,0.952769
0.1365883,-0.2724451,-0.0364907,0.9517277
0.1188951,-0.2857805,-0.03205087,0.9503506
0.09200859,-0.2953829,-0.02579768,0.9505882
0.06409493,-0.3056269,-0.007623238,0.9499609
0.03582741,-0.3103105,0.00372616,0.9499526
0.005961611,-0.3140726,0.02246646,0.9491145
-0.02155625,-0.3163361,0.04268213,0.9474414
-0.04879441,-0.3013249,0.06506804,0.9500466
-0.06454834,-0.2882924,0.07347794,0.9525345
-0.07902004,-0.2910358,0.1027762,0.9478877
-0.08737288,-0.2765382,0.09528527,0.9522675
-0.09862675,-0.2639486,0.1037938,0.9538505
-0.1100106,-0.2556375,0.1148867,0.9535975
-0.1268262,-0.2503031,0.1249873,0.9516521
-0.1368909,-0.2473049,0.1305717,0.9502906
-0.1497713,-0.2382106,0.1453779,0.9485197
-0.1573097,-0.2282324,0.156609,0.9479648
-0.1612255,-0.2225372,0.1650113,0.9472354
-0.1602653,-0.2223153,0.1718373,0.9462361
-0.1592781,-0.2225207,0.1749201,0.9457896
-0.161916,-0.2240009,0.1840731,0.9432518
-0.1559842,-0.2183237,0.1933907,0.9437181
-0.1552752,-0.2214337,0.2013898,0.9414344
-0.1568145,-0.2351897,0.2095254,0.9360524
-0.156277,-0.2472014,0.2016882,0.9347678
-0.1475358,-0.253914,0.1992853,0.9349043
-0.1397341,-0.2591368,0.1892207,0.9367593
-0.1263275,-0.2621429,0.1766635,0.9402726
-0.1165367,-0.2693142,0.1691269,0.940896
-0.1053423,-0.2804689,0.1584967,0.9408076
-0.08590364,-0.2975587,0.1409908,0.9403196
-0.05278091,-0.3137944,0.1157377,0.9409315
-0.01658011,-0.3204186,0.09315275,0.9425389
0.01931147,-0.3185761,0.06998547,0.9451129
0.05401751,-0.3199175,0.05297089,0.9444199
0.1067901,-0.3065094,0.02272763,0.9455853
0.1353238,-0.2983201,0.0001907758,0.9448241
0.1612599,-0.2921634,-0.01525619,0.9425513
0.1732756,-0.2837859,-0.02446669,0.9427845
0.1825793,-0.2782551,-0.03717832,0.9422615
0.1866659,-0.2724419,-0.03477084,0.9432508
0.1987431,-0.2632542,-0.04368613,0.9430217
0.1966684,-0.2603516,-0.04435247,0.9442307
0.1994643,-0.2558661,-0.04914858,0.9446328
0.1975356,-0.2565192,-0.0480477,0.9449175
0.1928591,-0.2584326,-0.04332683,0.9455901
0.1904227,-0.2595391,-0.04164398,0.9458564
0.1843585,-0.2570344,-0.04202747,0.947723
0.1848397,-0.2490003,-0.04099576,0.9498171
0.1771604,-0.2631488,-0.04444134,0.9473077
0.1723389,-0.267052,-0.05369401,0.9466252
0.161991,-0.2720957,-0.05596554,0.9468848
0.1541023,-0.2670491,-0.05850849,0.949481
0.1285968,-0.2784683,-0.0498215,0.9504926
0.09531136,-0.2933822,-0.02271826,0.9509609
0.06286975,-0.3043472,-0.005240731,0.9504697
0.04310759,-0.3108097,-0.0009667631,0.9494936
0.02670294,-0.3108313,0.005030927,0.9500766
0.01140023,-0.3122809,0.01410261,0.9498167
-0.002271684,-0.3188923,0.02397854,0.9474849
-0.01531375,-0.3180225,0.03601258,0.9472752
-0.02907688,-0.3151405,0.048061,0.9473812
-0.04616931,-0.3180785,0.06246091,0.9448773
-0.06521699,-0.3152729,0.07614125,0.9436908
-0.089698,-0.3100725,0.09804259,0.9413803
-0.1161802,-0.303721,0.1178318,0.938281
-0.1416226,-0.2918478,0.1395522,0.9355709
-0.1615549,-0.2717096,0.1639196,0.9344539
-0.1781285,-0.246518,0.1903741,0.9334114
-0.1890744,-0.2164494,0.2059765,0.9354006
-0.1999809,-0.2019889,0.2184359,0.9335383
-0.2094777,-0.197615,0.2216834,0.9316243
-0.2103664,-0.204523,0.2173281,0.930959