0.4842229,0.4127182,0.08491851,0.7667992
0.2817135,0.6820781,0.02798047,0.6742581
0.2366388,0.6927976,0.03190663,0.6804525
0.2500223,0.6888679,0.0311995,0.6796885
0.2737856,0.679536,0.03022182,0.6799698
0.2644072,0.6832219,0.03064422,0.6799689
0.169222,0.7143918,0.03419054,0.6781144
0.004443819,0.7387456,0.04086968,0.6727294
-0.2018158,0.7180766,0.05379029,0.6638847
-0.3161255,0.6838796,0.06760228,0.6540667
-0.3766155,0.6599842,0.08068533,0.645036
-0.4650888,0.6037637,0.1009051,0.6395155
-0.5185561,0.5628847,0.1245566,0.6314634
-0.5008324,0.5891022,0.1323036,0.6201783
-0.5770361,0.4880657,0.1338702,0.6410148
-0.6922435,0.07105845,0.1429901,0.703778
-0.5208063,-0.2841959,0.127524,0.7948151
-0.3421871,-0.3723485,0.08896212,0.8581086
-0.3117377,-0.4411118,0.07849841,0.8379009
-0.224338,-0.5296197,0.05908365,0.815895
-0.1819095,-0.5342977,0.05326897,0.8237702
-0.2597411,-0.4823149,0.06800253,0.833836
-0.386179,-0.4019292,0.0959805,0.8246856
-0.6019132,-0.1913909,0.1433017,0.7619283
-0.6862971,0.1667662,0.1713384,0.6868978
-0.6385405,0.3809196,0.1772899,0.6447748
-0.6146392,0.4377367,0.1862128,0.6292297
-0.6372703,0.3826055,0.1682093,0.6474605
-0.692191,0.06016338,0.1419781,0.705049
-0.4854401,-0.3590609,0.1088189,0.7896718
-0.2759374,-0.4594194,0.07264091,0.8411396
-0.3364266,-0.4629138,0.08010012,0.8161569
-0.4857728,-0.3386106,0.1132664,0.7978335
-0.5361212,-0.2535304,0.1358043,0.793633
-0.5560036,-0.2084244,0.1487137,0.7907613
-0.6425998,-0.1130714,0.1474722,0.7433253
-0.6848182,0.2145596,0.1442348,0.681311
-0.6118179,0.4384645,0.1549038,0.6398691
-0.5960617,0.4713091,0.163462,0.6291728
-0.6584855,0.3263216,0.1671467,0.6572466
-0.6660795,-0.01794589,0.1666345,0.7268074
-0.5275344,-0.234209,0.142266,0.8041232
-0.4637099,-0.304343,0.1201185,0.8233591
-0.4928986,-0.3531367,0.1066405,0.7880186
-0.402546,-0.4499576,0.08466651,0.7926704
-0.3386177,-0.4582967,0.08082116,0.8177837
-0.3897414,-0.4075515,0.09527813,0.8203204
-0.5499001,-0.2556622,0.1353874,0.7835285
-0.6777694,0.1044366,0.1956323,0.7010347
-0.6482831,0.3549572,0.1932757,0.6452744
-0.5572478,0.5316639,0.1678099,0.6153441
-0.5532097,0.5316192,0.1547402,0.6224111
-0.6713086,0.275996,0.1520159,0.6708666
-0.6067698,-0.1932327,0.1394561,0.7583163
-0.3682219,-0.3898841,0.09550442,0.8386191
-0.2625608,-0.4514351,0.07039376,0.8498899
-0.3437652,-0.4424128,0.08394441,0.8240448
-0.3931182,-0.399362,0.09586892,0.8226647
-0.4860618,-0.2991258,0.124267,0.8116805
-0.5445936,-0.2226552,0.145715,0.7953676
-0.6343863,-0.1347332,0.1449201,0.747261
-0.6932195,0.1624743,0.1218213,0.6915261
-0.6410632,0.3691785,0.1432029,0.6574483
-0.6111577,0.4420874,0.164216,0.6356715
-0.6352426,0.3915363,0.1721336,0.6430678
-0.6860227,0.1124616,0.172419,0.6978516
-0.5529519,-0.2199767,0.1455429,0.7903618
-0.3953593,-0.315376,0.1050369,0.8562688
-0.3938433,-0.3650722,0.100338,0.8375811
-0.3092855,-0.4689717,0.07515901,0.8238685
-0.2085751,-0.4901229,0.0580877,0.844335
-0.1793746,-0.4950781,0.05327682,0.8484598
-0.2471146,-0.4942491,0.06563686,0.8308694
-0.4341021,-0.3876068,0.1029418,0.8066717
-0.6806442,0.007373273,0.1546459,0.7160683
-0.6365375,0.381387,0.1577289,0.6515256
-0.5197712,0.5708022,0.1458565,0.6186668
-0.4879414,0.5949367,0.1257377,0.6262215
-0.6582161,0.3101325,0.11768,0.6758112
-0.5445929,-0.3353168,0.1036489,0.7617335
-0.2007028,-0.5010386,0.05833862,0.8398069
-0.2740214,-0.503041,0.06854609,0.8168007
-0.4592728,-0.3844264,0.1014489,0.7943507
-0.5211655,-0.2944254,0.1239279,0.7914177
-0.5559171,-0.2226289,0.1437826,0.7878572
-0.5749576,-0.1726381,0.1584956,0.7838998
-0.6729379,-0.008807153,0.1591158,0.7223291
-0.6605755,0.3168746,0.1446045,0.6650716
-0.6053079,0.4451936,0.1402215,0.6447813
-0.623542,0.4122573,0.1473221,0.6477156
-0.6261768,0.4037694,0.140311,0.6520627
-0.6371744,0.3764843,0.1340494,0.6590137
-0.6450183,0.3577235,0.1347253,0.6616907
-0.650157,0.3444649,0.1350242,0.6636326
-0.6456545,0.3530714,0.1275344,0.6649855
-0.6398302,0.3639647,0.120741,0.6660095
-0.6399877,0.3624553,0.1185076,0.6670816
-0.6354883,0.3722186,0.1174329,0.6661962
-0.6394076,0.3640785,0.1190011,0.666666
-0.6362137,0.3734335,0.1228814,0.6638371
-0.6374672,0.3749264,0.13214,0.6600037
-0.6439083,0.3643506,0.1452217,0.656918
-0.635251,0.3869237,0.149154,0.651536
-0.6342419,0.3902619,0.1514536,0.6499959
-0.6555045,0.3345112,0.1502809,0.6601756
-0.6911202,0.1629855,0.1438337,0.6892753
-0.6460508,-0.1164619,0.1399792,0.7412562
-0.4765452,-0.3019411,0.1204677,0.8168376
-0.4038556,-0.3024454,0.109239,0.8564427
-0.4129286,-0.3077363,0.1146645,0.8494943
-0.4031759,-0.3154221,0.1145678,0.8513709
-0.4046613,-0.2689911,0.1234834,0.8652427
-0.4116961,-0.2414694,0.1301342,0.8690592
-0.4182223,-0.2497295,0.1308999,0.8634757
-0.4230272,-0.2598374,0.1283571,0.8585202
-0.4335278,-0.260374,0.127651,0.8532082
-0.3777974,-0.3227992,0.1022361,0.8617526
-0.3733588,-0.3603305,0.09564415,0.8494806
-0.5327398,-0.2930077,0.1186499,0.7850204
-0.6760273,-0.05106023,0.1307725,0.72338
-0.6898047,0.1746269,0.1468978,0.6870925
-0.6885736,0.1938966,0.1374689,0.6851079
-0.6723226,-0.0803405,0.1217535,0.7257437
-0.4977001,-0.3246563,0.1114406,0.7965387
-0.3185384,-0.3687826,0.08007,0.8695525
-0.2846351,-0.3854275,0.07361554,0.8746481
-0.2598343,-0.4136472,0.06890922,0.8698468
-0.3115545,-0.3583804,0.08721628,0.8757229
-0.346075,-0.2676519,0.1053839,0.8930222
-0.3592458,-0.2253379,0.1139438,0.8984331
-0.3680202,-0.2252652,0.1174271,0.8944425
-0.3771536,-0.2421888,0.1173368,0.8861895
-0.4010276,-0.245561,0.1214598,0.874142
-0.4123133,-0.2549122,0.1198706,0.8663998
-0.3924297,-0.2995266,0.1062501,0.8631302
-0.44145,-0.3377118,0.108484,0.8241989
-0.6005168,-0.2404683,0.1130764,0.7541673
-0.6911393,-0.003246039,0.1186387,0.7129101
-0.6885512,0.1942485,0.1367401,0.6851765
-0.6921275,0.1731466,0.1226113,0.6898885
-0.6637084,-0.1148858,0.1170014,0.7297965
-0.5001578,-0.310625,0.1155005,0.8000087
-0.3231756,-0.3479628,0.08149978,0.8762632
-0.2550572,-0.3648709,0.06490654,0.8930858
-0.2937367,-0.3628296,0.07968991,0.8807514
-0.3579203,-0.2761751,0.1066191,0.8855804
-0.3594283,-0.2155175,0.109826,0.9012778
-0.3635298,-0.2108741,0.1149311,0.9000939
-0.3874401,-0.2316031,0.125414,0.8834713
-0.3963023,-0.253175,0.1232067,0.8738805
-0.3858325,-0.2784352,0.1124121,0.8723363
-0.3833919,-0.2953166,0.1058861,0.8686696
-0.3668243,-0.3348325,0.09516074,0.8627118
-0.471824,-0.3526575,0.1052728,0.8012067
-0.6585736,-0.1346826,0.1137945,0.7315684
-0.6894242,0.1905768,0.1303311,0.6865775
-0.6643325,0.3030097,0.1318352,0.6704229
-0.693305,0.1618848,0.1238505,0.6912181
-0.6426033,-0.1448198,0.1277015,0.741472
-0.4490373,-0.3320789,0.109639,0.8222338
-0.3313921,-0.3512374,0.08502831,0.8715399
-0.267731,-0.4164743,0.07000206,0.8660076
-0.3168026,-0.3807615,0.08562481,0.8644797
-0.3791734,-0.2960591,0.1134037,0.8693194
-0.4046363,-0.2333937,0.132333,0.8742338
-0.3988835,-0.2306993,0.1320098,0.877635
-0.3882787,-0.2564766,0.1230722,0.8765344
-0.4042141,-0.2462794,0.1246559,0.8720197
-0.4247839,-0.2331084,0.1276378,0.8654061
-0.4030291,-0.2693968,0.1125616,0.8673655
-0.3945081,-0.3039138,0.1042088,0.860895
-0.5167178,-0.3049979,0.1167614,0.7914201
-0.6464561,-0.1862729,0.1011744,0.7329124
-0.6947516,0.1392497,0.1283764,0.6938655
-0.6883507,0.1963275,0.1344426,0.6852401
-0.6928561,0.01621485,0.1215816,0.7105669
-0.5912697,-0.22252,0.12736,0.7646336
-0.4035455,-0.3542331,0.1005073,0.8375966
-0.3033577,-0.4379307,0.07543926,0.8429115
-0.2624953,-0.4950892,0.06382184,0.8257782
-0.3488537,-0.4240232,0.08713949,0.8312111
-0.4078135,-0.332693,0.1160914,0.8423338
-0.4019037,-0.2930927,0.1242448,0.8585647
-0.3550769,-0.3179825,0.1069801,0.872561
-0.3468173,-0.3280534,0.1014647,0.8728136
-0.3980885,-0.2814949,0.11825,0.8650452
-0.4143629,-0.2738936,0.1200646,0.8595755
-0.3995714,-0.2983851,0.1097877,0.8597998
-0.4210314,-0.3406624,0.1072419,0.8337751
-0.5881494,-0.2570223,0.1143367,0.7582526
-0.6971897,0.02657247,0.1106678,0.7077945
-0.6605414,0.3067933,0.1151449,0.6755032
-0.5876526,0.4473398,0.09577423,0.6673672
-0.6651471,0.2805218,0.09059298,0.6860611
-0.6753732,-0.1095653,0.1016432,0.7221738
-0.5791264,-0.2727756,0.1114349,0.7601238
-0.5309221,-0.3104078,0.1136541,0.7802894
-0.5458367,-0.3209012,0.1049781,0.7668535
-0.6526498,-0.2018774,0.08432618,0.7253847
-0.68177,0.2175953,0.07887077,0.6939895
-0.507367,0.5219492,0.06150986,0.6829088
-0.5571433,0.4658635,0.06507407,0.6843448
-0.5909684,0.4182118,0.06662279,0.686598
-0.5616506,0.465435,0.07124275,0.6803259
-0.4788579,0.5651376,0.07447927,0.6676582
-0.4657435,0.5797518,0.07616936,0.6642056
-0.5383309,0.5040399,0.08009663,0.6706177
-0.5677649,0.4631314,0.07827827,0.6760361
-0.6665798,0.2656376,0.07390404,0.692565
-0.6945634,0.1541504,0.07435709,0.6987778
-0.695748,0.1463783,0.07314247,0.6993984
-0.6900137,0.1792992,0.07536465,0.697175
-0.6785269,0.2279056,0.07595459,0.6941838
-0.6737299,0.2446232,0.0759711,0.6931638
-0.6701071,0.2598849,0.08147016,0.6904919
-0.6701843,0.2643648,0.08941317,0.6877278
-0.6713182,0.2646074,0.0968549,0.6855172
-0.652236,0.3231886,0.1021789,0.6780094
-0.6296325,0.3799457,0.1090388,0.668816
-0.6165562,0.4134607,0.121307,0.6589334
-0.6323105,0.388671,0.1389451,0.655601
-0.6466966,0.3586426,0.1573754,0.6545166
-0.6614614,0.3126984,0.1857493,0.6558855
-0.6571004,0.3185421,0.2165324,0.6479689
-0.6545064,0.3133166,0.2395656,0.6450289
-0.6521232,0.2996193,0.2612163,0.645546
-0.6487285,0.2651823,0.2855728,0.6536648
-0.6429853,0.2293484,0.3023057,0.6652673
-0.6350307,0.199911,0.3151375,0.6763577
-0.6287612,0.1936244,0.3272657,0.6782817
-0.6084845,0.1859395,0.3579033,0.6834312
-0.5886016,0.180545,0.3842579,0.6879662
-0.5695791,0.1617982,0.4014513,0.6987402
-0.5513864,0.1279093,0.4056449,0.7176799
-0.5363807,0.1079174,0.412762,0.7282013
-0.5178462,0.09162422,0.4203555,0.7394198
-0.4944854,0.09057854,0.4336813,0.7477968
-0.4875373,0.1020142,0.445919,0.7436779
-0.4798272,0.118416,0.456996,0.7395256
-0.4925884,0.1375032,0.4592001,0.7263502
-0.5108242,0.1624373,0.458091,0.7091019
-0.5377657,0.1823106,0.4427807,0.6939136
-0.5723423,0.1756743,0.4025836,0.6924515
-0.598694,0.1696386,0.3658965,0.6920317
-0.6112621,0.1683869,0.3447436,0.6922112
-0.6289995,0.184954,0.3222525,0.6828653
-0.6377928,0.1821853,0.3045673,0.6835697
-0.6420236,0.176747,0.2937391,0.6857722
-0.6470953,0.1755756,0.2828375,0.6858889
-0.6505803,0.1592643,0.2708036,0.6914084
-0.6539098,0.1428807,0.2587334,0.6964511
-0.6579362,0.1244511,0.2445689,0.7012972
-0.661343,0.0878824,0.2245189,0.7102769
-0.6694221,0.06877485,0.2017601,0.7116437
-0.6796751,0.06396416,0.177539,0.7088231
-0.6837522,0.02050805,0.1506016,0.7137097
-0.6822174,-0.04117233,0.1253338,0.7191492
-0.6771721,-0.1030015,0.1024652,0.7213387
-0.6712434,-0.1526936,0.084351,0.7204177
-0.6996042,-0.04148126,0.07290897,0.7095898
-0.6641746,0.2686755,0.06832016,0.6942751
-0.5151107,0.5125045,0.0610846,0.6843017
-0.5031219,0.5253631,0.06088473,0.6834874
-0.5571992,0.4638007,0.06347191,0.6858493
-0.5230858,0.5022328,0.05993935,0.6859671
-0.4446073,0.5749732,0.05562794,0.6845697
-0.4429006,0.5775523,0.05653234,0.68343
-0.4804737,0.5495901,0.06192459,0.6806328
-0.5205517,0.5166967,0.07101551,0.6760232
-0.5473244,0.4950961,0.08280101,0.6696715
-0.5679846,0.4783745,0.09672838,0.6627179
-0.588415,0.4599758,0.1151747,0.6549235
-0.616727,0.420431,0.1359349,0.6514655
-0.6619244,0.3138452,0.1660169,0.6601482
-0.6734542,0.2503905,0.1968787,0.6670853
-0.6690001,0.2173272,0.2313791,0.672065
-0.659641,0.2233,0.2590128,0.6692707
-0.651803,0.2126788,0.2779728,0.672794
-0.6409683,0.2178701,0.301395,0.6714561
-0.6283833,0.2248074,0.3258889,0.6696212
-0.6183119,0.2259222,0.3435345,0.6698012
-0.6084272,0.2271274,0.3604738,0.6695433
-0.6010619,0.2445962,0.3792793,0.659579
-0.5917326,0.2312165,0.393103,0.6647267
-0.5689386,0.2127799,0.4203146,0.6740692
-0.5419177,0.1902092,0.4455023,0.6867847
-0.5169715,0.1550228,0.4595391,0.7053596
-0.4810157,0.1306293,0.4766132,0.7241545
-0.4376441,0.1320375,0.5020782,0.7341329
-0.4244768,0.1302733,0.5072799,0.7385901
-0.426303,0.1322722,0.5024098,0.7405095
-0.4607964,0.1306929,0.4829976,0.733007
-0.5115854,0.1344658,0.4520048,0.7182555
-0.5505878,0.152044,0.4225035,0.7037233
-0.5758814,0.1655135,0.396315,0.6956295
-0.6122775,0.1934875,0.3582217,0.677758
-0.6236038,0.200047,0.3385369,0.6756421
-0.6370584,0.2127922,0.3148085,0.6706502
-0.6472898,0.2382529,0.2930761,0.662086
-0.6541929,0.2433489,0.2741053,0.6615734
-0.6599475,0.2564765,0.253064,0.6592781
-0.6609173,0.2878925,0.2313076,0.6533016
-0.6609749,0.3027048,0.2143246,0.6523395
-0.6607879,0.3117756,0.1989339,0.6531314
-0.6691924,0.2822855,0.1829107,0.662601
-0.6789096,0.243206,0.158586,0.6743761
-0.6924807,0.1497559,0.1403855,0.6916181
-0.6976628,0.08562765,0.1201022,0.7010777
-0.7001374,0.07633197,0.1046773,0.7021565
-0.6962917,0.1456901,0.09231779,0.6967278
-0.6704893,0.2576168,0.08016884,0.6911227
-0.6747168,0.2416627,0.07685509,0.6931447
-0.6817149,0.2183225,0.08067313,0.6936079
-0.6855654,0.2026094,0.08114725,0.6945248
-0.6870166,0.1935782,0.0759435,0.6962529
-0.6906833,0.1748178,0.07321256,0.6978791
-0.6950324,0.1524276,0.07810861,0.69828
-0.6981903,0.130454,0.08635798,0.698609
-0.7003019,0.1054837,0.0918068,0.7000157
-0.7017859,0.08778045,0.08572009,0.7017429
-0.6982405,0.1301983,0.08007586,0.6993543
-0.6924748,0.1697201,0.08376083,0.6961737
-0.6886493,0.1930967,0.09298578,0.6926972
-0.6874089,0.2021171,0.1035777,0.6898474
-0.6840775,0.2201836,0.1119471,0.6863127
-0.6869324,0.2062546,0.1241709,0.6856853
-0.6881837,0.1938734,0.1396156,0.6850719
-0.689783,0.1591071,0.1544301,0.6892285
-0.6883869,0.1382062,0.1648562,0.6927084
-0.6847485,0.1152718,0.1759953,0.6977517
-0.6802452,0.1021797,0.1854572,0.7017347
-0.6749021,0.09468567,0.1950811,0.7053263
-0.6679953,0.08190599,0.20291,0.7112674
-0.6583366,0.05874899,0.2065689,0.7214366
-0.6490692,0.04022068,0.2075933,0.7307507
-0.6418973,0.02330881,0.2052104,0.7384533
-0.6355814,0.01417941,0.2047283,0.7442591
-0.635732,0.01223329,0.203623,0.7444681
-0.637062,0.01619798,0.2045958,0.7429873
-0.6381863,0.0221346,0.2067187,0.7412797
-0.6382893,0.0287962,0.2099296,0.740059
-0.6433458,0.04403949,0.2136104,0.7338509
-0.6501613,0.05927622,0.2148829,0.7263621
-0.6585264,0.07335275,0.2120158,0.7183394
-0.6664053,0.08884993,0.2073212,0.710653
-0.6736524,0.1144756,0.2029677,0.70135
-0.6805561,0.1186322,0.1878204,0.6982072
-0.6868152,0.1203832,0.1693512,0.6965005
-0.6935296,0.1439425,0.1355487,0.6927652
-0.6731257,0.2581643,0.09606764,0.6863118
-0.4139233,0.5995977,0.05445708,0.6827772
0.4419259,0.5750431,0.02280453,0.6881183
0.6782312,-0.1769739,0.009977937,0.71315
0.140051,-0.6249911,0.01547084,0.7678102
-0.06124528,-0.5488915,0.02794616,0.8331782
-0.1680555,-0.4768215,0.04685356,0.8615123
-0.2156996,-0.4664989,0.05770361,0.8558754
-0.2728686,-0.4333676,0.0727073,0.8558323
-0.2765717,-0.418769,0.07510936,0.861684
-0.2793144,-0.4186215,0.07611676,0.8607821
-0.301003,-0.4003632,0.08322476,0.8614988
-0.3177375,-0.3760093,0.08985613,0.8657863
-0.3327873,-0.3593782,0.09547524,0.8665935
-0.3425598,-0.3445466,0.09940606,0.8683656
-0.3595636,-0.3238205,0.1060892,0.8686768
-0.3645576,-0.3171923,0.1083039,0.8687676
-0.3640844,-0.3133746,0.1086101,0.8703119
-0.3589371,-0.304988,0.1074687,0.8755552
-0.3566014,-0.2945318,0.1070085,0.8801339
-0.3830337,-0.2824441,0.1170112,0.8716759
-0.3541797,-0.3290893,0.1039144,0.8691713
-0.3185307,-0.3721812,0.08988345,0.8671449
-0.3341652,-0.3711813,0.0936925,0.8612664
-0.3617035,-0.3671356,0.1000886,0.851096
-0.34073,-0.4081665,0.08887966,0.842261
-0.3532981,-0.4422573,0.08373421,0.8201083
-0.4208977,-0.4221298,0.0906945,0.7977632
-0.5313591,-0.3354071,0.1044625,0.7708743
-0.6450379,-0.163304,0.117481,0.7371947
-0.6963628,0.07883447,0.1261974,0.7020956
-0.6822325,0.231739,0.1339062,0.6803859
-0.6751298,0.2650298,0.1477074,0.6724147
-0.6779288,0.2510586,0.1574961,0.6727384
-0.6805381,0.2391763,0.1501137,0.6761128
-0.6820149,0.2333532,0.1369271,0.6794505
-0.6845475,0.2209154,0.127314,0.6829219
-0.6896882,0.1903413,0.1277597,0.6868607
-0.6930825,0.1490002,0.1370668,0.6918442
-0.6895543,0.1174815,0.1574927,0.6970717
-0.6815774,0.08713096,0.1741562,0.705358
-0.6750048,0.06347629,0.1796085,0.7127973
-0.6673277,0.03809553,0.1819346,0.721195
-0.6617069,0.03695875,0.189434,0.7244948
-0.6577178,0.043699,0.1976516,0.725556
-0.6609488,0.08496162,0.2113672,0.715019
-0.6634356,0.1294087,0.22459,0.7019017
-0.6647766,0.147412,0.2280026,0.6959573
-0.6677491,0.180553,0.2299472,0.68457
-0.6709651,0.2152397,0.2238585,0.673324
-0.6706102,0.255569,0.2150202,0.662369
-0.6664084,0.2924195,0.2068507,0.6539139
-0.6584373,0.3310931,0.1959736,0.6468632
-0.6457194,0.3716669,0.1820963,0.6416783
-0.6445849,0.3721505,0.168832,0.6461502
-0.6254963,0.4102762,0.1474035,0.6470702
-0.5967179,0.4520892,0.1229532,0.6514794
-0.563275,0.4773095,0.08693472,0.6688342
-0.1141804,0.7304231,0.04482141,0.6718899
0.3364642,0.6504005,0.02397533,0.6805852
-0.356623,0.5995072,0.02789997,0.7159837
0.1359837,0.6009759,0.03965297,0.7866156
0.1998897,0.5031044,0.05267363,0.8391397
0.2608568,0.486146,0.06468955,0.8315234
0.3299185,0.4420791,0.08188346,0.8300692
0.3480721,0.4082361,0.09116749,0.8389741
0.3491618,0.3903136,0.09490067,0.8466021
0.337709,0.3883413,0.09295931,0.852351
0.3345943,0.3743061,0.09397446,0.8597154
0.3561186,0.3472927,0.1026387,0.8614132
0.3690863,0.3301314,0.1080375,0.862042
0.3711801,0.315021,0.1101918,0.866513
0.370443,0.3136928,0.1100654,0.867326
0.3712144,0.3099003,0.110696,0.8682787
0.3822305,0.2905895,0.116054,0.8694763
0.3876912,0.2736365,0.1191576,0.8721353
0.3937553,0.2776451,0.1209947,0.8678885
0.3685576,0.3176365,0.1088263,0.8668502
0.331143,0.3453559,0.09457497,0.8730002
0.33149,0.3551337,0.09300112,0.869106
0.3542005,0.3633686,0.09694289,0.8562169
0.39395,0.3621166,0.1039116,0.8383778
0.465595,0.3310804,0.1168177,0.8123796
0.6367737,0.1048619,0.1585809,0.7472451
0.6832763,-0.108832,0.1798608,0.6992419
0.6854751,-0.1511808,0.1766073,0.6899841
0.6852301,-0.1702876,0.1754842,0.6860517
0.6849442,-0.1766499,0.1753936,0.6847507
0.6869463,-0.1676127,0.1676528,0.6869522
0.6901506,-0.1312569,0.1568509,0.6941625
0.6927515,-0.08874494,0.1422685,0.7014123
0.6917471,-0.04518256,0.1341266,0.7081345
0.6840274,-0.005575269,0.1384803,0.7161694
0.672778,0.03113753,0.142563,0.725311
0.6615421,0.05605763,0.146052,0.7334087
0.6421158,0.09840736,0.1450698,0.7462962
0.6202735,0.1365482,0.1418711,0.759268
0.6329309,0.1042229,0.1500981,0.7523342
0.6558886,0.03978056,0.1615444,0.7362955
0.6686193,-0.004293531,0.166147,0.7247931
0.6797346,-0.04510769,0.1640534,0.7134512
0.686288,-0.06817105,0.1568514,0.7069364
0.6918917,-0.09277803,0.1454736,0.7010818
0.6952685,-0.1153792,0.1314863,0.6971375
0.6964441,-0.1251883,0.1212382,0.6961284
0.6950793,-0.1510079,0.1137378,0.6936319
0.6915662,-0.1788537,0.105243,0.6918608
0.6872346,-0.1978166,0.089039,0.6932887
0.6139716,-0.3782436,0.0672591,0.6895265
0.3318876,-0.6477644,0.05146465,0.6838152
0.009386715,-0.7322211,0.03986322,0.6798347
-0.1614271,-0.7106707,0.03337103,0.6839407
0.3299851,-0.6332988,0.04062749,0.6988504
0.688437,0.1158703,0.06788564,0.7127553
0.6925406,0.04964513,0.09450117,0.713437
0.6927681,0.06968814,0.08299634,0.7129709
0.5431573,0.4186236,0.05748124,0.7255552
0.4356873,0.5110947,0.05828482,0.7386214
0.6166353,0.2824574,0.07995164,0.73047
0.6819171,0.09335589,0.09898162,0.7186629
0.6995639,-0.03510559,0.1035383,0.706157
0.6996367,-0.05378121,0.1069127,0.7044045
0.6946552,-0.04859349,0.127876,0.7062156
0.6920929,-0.05699462,0.1392797,0.7059463
0.6920189,-0.06574199,0.1417983,0.7047561
0.6907415,-0.06813306,0.1466798,0.7047831
0.6899759,-0.07533646,0.1509712,0.7038931
0.6892172,-0.08151832,0.1548894,0.7030958
0.6880107,-0.08272001,0.158958,0.703229
0.6866666,-0.08359826,0.1631807,0.7034717
0.6857553,-0.08771586,0.1668125,0.7030073
0.6845251,-0.08979228,0.1707429,0.7030005
0.6841643,-0.09220827,0.1722994,0.7026591
0.6844327,-0.08997056,0.1709647,0.7030137
0.6852862,-0.08605748,0.1675434,0.7034957
0.6863174,-0.08323136,0.1638475,0.7037008
0.6862596,-0.07184309,0.160826,0.7057064
0.6869302,-0.06590357,0.1571642,0.706458
0.6868491,-0.05857155,0.155089,0.7076405
0.6869518,-0.05261418,0.1528878,0.7084874
0.6866316,-0.03864139,0.1489289,0.7105379
0.6860971,-0.03028703,0.147219,0.7118145
0.6866454,-0.02823257,0.1451372,0.7117978
0.6866492,-0.02732617,0.1447892,0.7119004
0.6865227,-0.02543759,0.1443791,0.7121757
0.6865636,-0.02854264,0.1454413,0.7118024
0.6855507,-0.03267214,0.1494692,0.7117667
0.6848613,-0.0484094,0.1567362,0.7099685
0.6830367,-0.05527586,0.1634851,0.7097027
0.680945,-0.05626261,0.1685457,0.7104511
0.6788906,-0.06246829,0.175127,0.7103068
0.6769892,-0.06672069,0.1805377,0.7103801
0.674741,-0.05807981,0.1816528,0.7129891
0.6738023,-0.05592158,0.1825693,0.713815
0.6732329,-0.0554159,0.1833926,0.7141805
0.673534,-0.05965754,0.1845081,0.7132669
0.6738447,-0.05906534,0.183875,0.7131862
0.675258,-0.05588725,0.1802337,0.713035
0.6757017,-0.05511758,0.1790387,0.7129757
0.6746469,-0.04963017,0.1788428,0.7144253
0.6750834,-0.05201548,0.1788956,0.71383
0.6763834,-0.04704514,0.1745763,0.7140136
0.6780134,-0.04850924,0.172003,0.7129934
0.67697,-0.04561496,0.1729092,0.7139561
0.6742542,-0.04389969,0.1771348,0.7155958
0.672787,-0.04717189,0.1808075,0.7158499
0.6724238,-0.05064005,0.182741,0.7154632
0.6731229,-0.05787286,0.184472,0.7138112
0.6740191,-0.06032807,0.1839449,0.7128977
0.676515,-0.06449115,0.1809295,0.7109381
0.6791701,-0.06643322,0.1762591,0.7093993
0.6832289,-0.06730005,0.1673398,0.7075778
0.6866181,-0.06685412,0.15848,0.7063782
0.6885789,-0.06033796,0.1509956,0.7066956
0.690465,-0.05521673,0.1438107,0.7067728
0.6937306,-0.04843035,0.1311025,0.7065439
0.6975803,-0.0588693,0.1181487,0.7042422
0.7000916,-0.05438796,0.104648,0.7042461
0.7018507,-0.06999671,0.09258023,0.7028051
0.7020526,-0.08852378,0.08005577,0.7020519
0.6916782,-0.1660373,0.06916922,0.6994487
0.6506666,-0.2938737,0.05846062,0.6977488
0.5206214,-0.4907186,0.04967499,0.6969081
0.2013552,-0.6881387,0.0432589,0.6957369
-0.1734391,-0.6965103,0.03777113,0.6952451
-0.2986465,-0.6534477,0.0352696,0.6946744
-0.3492618,-0.6280903,0.03403585,0.6945217
-0.3746307,-0.6131482,0.03337188,0.6946851
-0.3064032,-0.6512127,0.03431086,0.6934421
-0.2099446,-0.6874627,0.03633739,0.6942605
0.06632233,-0.7155991,0.04072389,0.694162
0.2442853,-0.6754698,0.04362147,0.6943793
0.3754445,-0.6126862,0.0467483,0.6938815
0.4023679,-0.5966461,0.04833698,0.6926594
0.4197086,-0.5858193,0.04973213,0.6915108
0.3067171,-0.6561863,0.04812363,0.6877705
0.2516122,-0.6822956,0.04764574,0.6847582
0.2981448,-0.6648071,0.05019891,0.6830968
0.2466139,-0.6886343,0.04938444,0.6800923
0.324863,-0.6575025,0.05442637,0.6776373
0.331901,-0.6567414,0.05651131,0.6747881
0.3186445,-0.6657547,0.05711143,0.6722906
0.3195224,-0.6684284,0.05905825,0.6690449
0.2917045,-0.6839431,0.05866206,0.6660998
0.2303335,-0.710059,0.05567237,0.6630711
0.1699532,-0.7294175,0.05232942,0.6605511
0.1149208,-0.7418168,0.04895429,0.658866
0.1065171,-0.7446645,0.04878184,0.6570762
0.07026252,-0.7508992,0.0465649,0.6550155
0.04818977,-0.752671,0.04493329,0.6550917
0.04973452,-0.7528203,0.04510868,0.6547927
0.05529074,-0.7516998,0.04542081,0.6556121
0.04157109,-0.7517677,0.04432946,0.6566216
0.01316648,-0.7517549,0.04223785,0.6579568
-0.005141882,-0.751911,0.04101354,0.6579677
-0.1195354,-0.7412876,0.03324721,0.65962
-0.2067515,-0.7208844,0.02735668,0.6609321
-0.2448373,-0.707662,0.02490666,0.6623055
-0.1925849,-0.7226881,0.02882107,0.6631759
-0.171387,-0.7276208,0.03030271,0.6635332
-0.1419395,-0.7336466,0.03211541,0.6637654
-0.09634735,-0.7413979,0.03503227,0.6631886
-0.1196925,-0.7388008,0.03345333,0.6623653
-0.0927701,-0.7452741,0.03498263,0.6593455
-0.07815944,-0.7482566,0.03584763,0.6578131
-0.04287869,-0.75235,0.03824479,0.6562533
-0.03528969,-0.7535421,0.03869144,0.6553106
0.01511835,-0.7531943,0.04205367,0.6562784
-0.005211806,-0.7533717,0.0405274,0.6563241
-0.05963762,-0.7515649,0.03659228,0.655938
-0.06090214,-0.7506486,0.03647308,0.6568769
-0.0799521,-0.7488523,0.03511376,0.6569589
-0.1210086,-0.7430134,0.03213672,0.6574611
-0.1856858,-0.728583,0.02756911,0.6587317
-0.1854163,-0.7282376,0.02759696,0.6591884
-0.175369,-0.7296531,0.02863248,0.6603274
-0.07821337,-0.7443863,0.0353664,0.6622092
-0.03785022,-0.7459928,0.03785188,0.6637992
0.02080642,-0.744897,0.04117561,0.6655825
0.01792793,-0.7435682,0.04084556,0.6671706
0.1274764,-0.7299289,0.04631075,0.6699321
0.2679005,-0.6891028,0.05389235,0.6711649
0.3860852,-0.6281255,0.06105855,0.6728064
0.4202731,-0.6061782,0.06445326,0.672134
0.4764907,-0.5612603,0.06911463,0.6731765
0.5182413,-0.5214389,0.07357174,0.6738803
0.5461196,-0.4913045,0.07755379,0.6740613
0.5401421,-0.499056,0.07766859,0.6731696
0.5292908,-0.5118446,0.07703544,0.6722588
0.5173622,-0.5252054,0.07629648,0.6713229
0.4911237,-0.5516252,0.07394394,0.6701041
0.4681893,-0.5719802,0.07145526,0.6697251
0.4649022,-0.5748835,0.07119907,0.6695563
0.4347457,-0.5989671,0.06836404,0.669
0.4210972,-0.607685,0.0660373,0.6701009
0.4760977,-0.5625874,0.06983002,0.6722723
0.4964947,-0.5423523,0.07038099,0.6740872
0.5374548,-0.4972807,0.07215701,0.6772352
0.5776547,-0.4448597,0.07436317,0.6803565
0.6003417,-0.409083,0.07442126,0.6831561
0.6434019,-0.3293799,0.07990295,0.6864098
0.6686084,-0.2654622,0.08432823,0.6894789
0.6823682,-0.2199878,0.09091303,0.6911685
0.6906732,-0.1818612,0.09494984,0.6934563
0.6952744,-0.1522763,0.100349,0.6952235
0.6976044,-0.1284133,0.1056384,0.6969209
0.6981176,-0.1150437,0.1110002,0.6979082
0.6980751,-0.1031329,0.1159853,0.6990008
0.6975455,-0.09772623,0.1205887,0.6995273
0.697618,-0.08648586,0.120739,0.7009075
0.6972659,-0.08185452,0.1225529,0.7014991
0.6974765,-0.0805867,0.1213455,0.7016463
0.6974648,-0.08097547,0.1214196,0.7016004
0.6980274,-0.07802117,0.1181973,0.7019258
0.6982832,-0.07630134,0.1166673,0.7021164
0.6992242,-0.07880944,0.1110768,0.7018094
0.6996768,-0.07796928,0.1081412,0.7019107
0.7006261,-0.0706909,0.1018977,0.7026682
0.7011734,-0.06877586,0.0979847,0.7028689
0.7018596,-0.05923927,0.09319273,0.7037038
0.7021139,-0.05205172,0.09122458,0.7042761
0.7022541,-0.04544872,0.0898194,0.7047738
0.7022758,-0.03835326,0.08883414,0.7052985
0.7025406,-0.04839772,0.08795881,0.7045265
0.702893,-0.05086413,0.08522063,0.7043377
0.7029048,-0.06246465,0.08386222,0.7035553
0.7027451,-0.07513633,0.08085802,0.7028271
0.7028184,-0.07602933,0.07916769,0.7028501
0.7021403,-0.08916873,0.07737637,0.7021829
0.7002249,-0.1116081,0.07378447,0.7012734
0.6953703,-0.1467094,0.07043269,0.6999827
0.6841959,-0.1984035,0.06525725,0.6987515
0.6788019,-0.2181005,0.06408256,0.6982504
0.673515,-0.2385615,0.06756866,0.696348
0.6671721,-0.2593884,0.06914178,0.6948515
0.6585195,-0.2825665,0.06773159,0.6942052
0.6530561,-0.293672,0.06405243,0.6951056
0.6372744,-0.3254724,0.05888909,0.6960467
0.6125267,-0.3697093,0.0549697,0.6964943
0.5716714,-0.4292466,0.05049893,0.6974158
0.5380259,-0.4694041,0.04768761,0.6985082
0.4962855,-0.5140396,0.04685867,0.698046
0.4858296,-0.5240019,0.0467626,0.6980006
0.6174567,-0.355785,0.05012995,0.6997508
0.6844486,-0.1908408,0.05619252,0.7013931
0.7024933,-0.08801088,0.06144929,0.7035491
0.7048078,-0.04441831,0.06652394,0.7048742
0.7027617,0.01226604,0.07235724,0.7076299
0.6991785,0.03582454,0.07911247,0.709653
0.6957641,0.04536286,0.08724642,0.7115073
0.6916589,0.06215784,0.09156489,0.7136947
0.6872263,0.08231905,0.09272191,0.7157837
0.6823668,0.1061431,0.09095117,0.7175215
0.6777353,0.1255838,0.08967838,0.7189307
0.6731254,0.1409601,0.08972824,0.7204036
0.6719832,0.1388063,0.0931187,0.7214571
0.670974,0.1328155,0.0984216,0.7228189
0.6712732,0.1223021,0.1038382,0.7236381
0.6702875,0.1256671,0.1036507,0.7240022
0.6683201,0.1365007,0.1008711,0.7242519
0.6657576,0.1530584,0.09556103,0.7240222
0.6621364,0.1730869,0.08954406,0.7236009
0.6589564,0.1943522,0.08156723,0.722046
0.6590184,0.2024989,0.07626563,0.720328
0.6620823,0.198128,0.073881,0.7189813
0.6744075,0.1596738,0.07539472,0.716934
0.6893342,0.09309709,0.08079198,0.7138795
0.6981192,0.02487469,0.08815572,0.7100981
0.7008401,-0.02902764,0.09552687,0.7062968
0.7001176,-0.05217099,0.1039793,0.704487
0.6993659,-0.07692477,0.1102124,0.7020136
0.6991467,-0.08106437,0.1115187,0.7015597
0.6991032,-0.08353135,0.1116923,0.701286
0.6989455,-0.07592678,0.1128365,0.7021241
0.6987301,-0.06765002,0.1135668,0.7030665
0.6986967,-0.0565837,0.1122941,0.7042806
0.6990577,-0.05466735,0.1101367,0.7044144
0.6985187,-0.03454402,0.1083287,0.7065006
0.6970403,-0.00076437,0.1031574,0.7095723
0.6947575,0.0281001,0.0988512,0.7118643
0.6940847,0.04615635,0.09245411,0.7124383
0.6918793,0.06929514,0.08719653,0.7133709
0.6874661,0.09814429,0.08330029,0.7147161
0.6826312,0.1211742,0.08167049,0.7160038
0.683508,0.1129898,0.0844605,0.7161819
0.6831669,0.1163772,0.08330473,0.7161002
0.681143,0.1283374,0.08081093,0.7162703
0.6817256,0.1290921,0.07889953,0.7157934
0.6747847,0.1581656,0.07580799,0.7168698
0.6692917,0.1828911,0.07073131,0.7166565
0.6641728,0.2055022,0.06528038,0.7158085
0.665123,0.2110569,0.05966064,0.7137976
0.6736817,0.1807773,0.06292444,0.7138019
0.6860065,0.1292986,0.06752637,0.7128235
0.6952939,0.07517278,0.07247844,0.7110994
0.700391,0.03098914,0.07563826,0.7090635
0.7023495,-0.0008836091,0.07892558,0.7074426
0.7031574,-0.04586938,0.08296746,0.7046857
0.7020475,-0.0817976,0.08620617,0.7021445
0.6985978,-0.1251155,0.09129915,0.6985496
0.6922009,-0.1731505,0.09613404,0.6939993
0.6895947,-0.1891793,0.102096,0.6915537
0.68597,-0.2092087,0.1080114,0.6884841
0.6823756,-0.2266598,0.1106993,0.686101
0.675451,-0.255702,0.1133377,0.6823027
0.66987,-0.2759811,0.1143524,0.6797293
0.6617881,-0.3014778,0.1140054,0.6768681
0.6482495,-0.3359476,0.1090506,0.6745515
0.6351919,-0.3648087,0.1058118,0.6724951
0.6229448,-0.3887924,0.102984,0.6709505
0.6116983,-0.408505,0.1000884,0.6700233
0.6047852,-0.4203693,0.0991784,0.6690949
0.6052804,-0.4188901,0.0982632,0.6697097
0.6069478,-0.4148944,0.09680727,0.670899
0.6199432,-0.3914528,0.0979434,0.6729355
0.6320238,-0.3669351,0.09807274,0.6754898
0.637145,-0.3558742,0.09821686,0.6765745
0.6472027,-0.3323408,0.09806105,0.6790155
0.6559834,-0.3097549,0.09787047,0.6812921
0.6623694,-0.2915423,0.09721407,0.6832417
0.6672624,-0.2768304,0.09729812,0.6845865
0.6693214,-0.2702153,0.09717429,0.685237
0.6784949,-0.2389606,0.09931591,0.6875165
0.6864241,-0.2056729,0.1020372,0.6900065
0.6912963,-0.179595,0.1052911,0.6919312
0.6949107,-0.151696,0.1126811,0.693823
0.6951164,-0.145204,0.1192968,0.6939
0.6938738,-0.157499,0.1194436,0.6924351
0.6945339,-0.1515363,0.1189508,0.6931883
0.6936444,-0.159122,0.1201997,0.692163
0.6930672,-0.163817,0.1209164,0.6915208
0.6929009,-0.164326,0.1226912,0.691254
0.692021,-0.1687946,0.1279573,0.6901031
0.69085,-0.1767821,0.1310751,0.6886898
0.6897028,-0.1839169,0.1346328,0.6872835
0.6895894,-0.1830573,0.1375723,0.6870446
0.688778,-0.189806,0.1368286,0.6861753
0.6899476,-0.1818292,0.1349111,0.6875386
0.6913736,-0.1689399,0.135524,0.6892715
0.6917115,-0.1646881,0.1364343,0.6897817
0.692161,-0.1580801,0.1377898,0.6906069
0.692474,-0.1473016,0.1414762,0.6919295
0.692795,-0.1292991,0.1445854,0.6945589
0.6919528,-0.1091256,0.1495852,0.6977946
0.690135,-0.0867705,0.1537209,0.7018223
0.6881726,-0.07295889,0.1569293,0.7046054
0.6846404,-0.05740342,0.1622652,0.7082672
0.6814479,-0.0497295,0.1674923,0.7107054
0.677376,-0.04741329,0.175714,0.7127681
0.6722389,-0.04868671,0.1864132,0.714825
0.6680214,-0.0504275,0.1946162,0.7164698
0.6640524,-0.05545065,0.2031626,0.7174152
0.6589466,-0.05673248,0.2112081,0.7196956
0.6562222,-0.0650087,0.218399,0.7193388
0.6498187,-0.06396973,0.2258821,0.7229252
0.6435176,-0.06262735,0.2318234,0.7267881
0.6379033,-0.05924785,0.2350538,0.7309712
0.6334252,-0.059659,0.2384498,0.7337269
0.626824,-0.05250943,0.2390798,0.7397131
0.6229376,-0.0516991,0.2405012,0.7425868
0.6174784,-0.05009168,0.2416323,0.7468769
0.6110052,-0.05002207,0.2426809,0.7518488
0.6035957,-0.04663499,0.2408888,0.7585974
0.5970915,-0.04017144,0.2367414,0.7653897
0.5919214,-0.03371018,0.2320804,0.7711233
0.5874808,-0.02978656,0.2285151,0.7757318
0.5812811,-0.02105096,0.2218242,0.7826003
0.5741861,-0.01151663,0.2133815,0.7903455
0.5690901,-0.006137162,0.2066284,0.7958665
0.5611862,0.007142141,0.1964831,0.8039985
0.5682687,-0.004669368,0.2046104,0.796984
0.5761148,-0.01286794,0.2141875,0.7887014
0.5866915,-0.02549633,0.2259242,0.7772395
0.5929282,-0.02884834,0.2307897,0.7709345
0.601916,-0.04081948,0.2382574,0.7610943
0.6129693,-0.04779896,0.2415459,0.7507593
0.6227294,-0.05333269,0.2414405,0.742341
0.630892,-0.05265889,0.2371823,0.7368492
0.6398037,-0.05986032,0.2341076,0.7295626
0.6497306,-0.0599905,0.2243805,0.7238125
0.6587889,-0.06117943,0.2133982,0.7188292
0.667974,-0.06164849,0.1993099,0.714343
0.6749415,-0.0493314,0.1815177,0.7134926
0.6817443,-0.04191351,0.1639077,0.71176
0.6871219,-0.04088166,0.1498486,0.7097446
0.6916511,-0.03585425,0.1346473,0.7086631
0.6952033,-0.0300422,0.1204868,0.7080061
0.6975354,-0.03308305,0.1122004,0.7069377
0.699733,-0.0350408,0.1026594,0.706121
0.7017064,-0.04174706,0.09303743,0.7051307
0.703196,-0.06315756,0.08059156,0.7035848
0.7011232,-0.1026245,0.06737655,0.7023922
0.6615363,-0.2640477,0.05504781,0.6997273
0.05647657,-0.7152277,0.04057422,0.6954232
-0.4986374,-0.5250069,0.02470994,0.689288
-0.5803031,-0.44665,0.007911175,0.6809475
-0.6139662,-0.4141785,-0.01169699,0.671837
-0.6230094,-0.4138765,-0.02786183,0.663166
-0.6239051,-0.423713,-0.04034296,0.6554252
-0.6189361,-0.4397857,-0.0476611,0.6490262
-0.6307991,-0.4172394,-0.04865277,0.6524085
-0.6413641,-0.393932,-0.0475508,0.6566648
-0.6377469,-0.4006872,-0.04588082,0.6562192
-0.6358712,-0.4034754,-0.0442062,0.6564459
-0.6313068,-0.4089649,-0.03972757,0.6577395
-0.6465114,-0.3786528,-0.04363573,0.6608639
-0.6481904,-0.3796932,-0.04967126,0.6581907
-0.6500547,-0.3791052,-0.05456546,0.6563009
-0.6500828,-0.3817435,-0.05813795,0.6544342
-0.6518032,-0.3816907,-0.06357366,0.6522447
-0.657564,-0.3692868,-0.06714582,0.6532444
-0.6622241,-0.3573084,-0.06843153,0.6550627
-0.6580637,-0.3682634,-0.0679726,0.6532334
-0.6558692,-0.374033,-0.06770408,0.6521895
-0.6588903,-0.3663248,-0.06802329,0.653485
-0.6568887,-0.3726238,-0.06938085,0.6517937
-0.6559117,-0.3757259,-0.07027313,0.6509005
-0.658239,-0.3705036,-0.07173544,0.651385
-0.6597893,-0.3664088,-0.07212588,0.6520894
-0.6667454,-0.3456555,-0.07119367,0.656433
-0.6705664,-0.3291634,-0.06415913,0.6617217
-0.6656055,-0.3347662,-0.05161357,0.6650089
-0.6605506,-0.3377174,-0.03816372,0.66945
-0.6589101,-0.3320805,-0.02728751,0.6744001
-0.6553059,-0.3285065,-0.01447994,0.6800352
-0.6458272,-0.3409879,-0.005196184,0.6830868
-0.6265946,-0.3676741,0.006912738,0.6871297
-0.5933055,-0.4104012,0.01948664,0.6922281
-0.4283318,-0.5704936,0.03441522,0.6999175
-0.7055405,0.04580113,0.05035084,0.7053933
-0.6986835,-0.06150466,0.06734487,0.7095937
-0.6928183,-0.07422408,0.08096528,0.7126979
-0.6867107,-0.08479938,0.09222093,0.7160536
-0.6854215,-0.07539165,0.1007107,0.7171966
-0.6848827,-0.06231338,0.1090807,0.7177424
-0.6844878,-0.04920951,0.1168416,0.7179157
-0.6850279,-0.03260484,0.1238433,0.7171726
-0.6854906,-0.01452038,0.1312862,0.7159997
-0.6847144,-0.0009553432,0.1393074,0.715373
-0.6836622,0.01178372,0.1473672,0.7146679
-0.6810586,0.02502137,0.1589391,0.7143329
-0.6772261,0.03478783,0.1712337,0.7147262
-0.6730213,0.04493299,0.1836836,0.715041
-0.6683879,0.05618566,0.1965925,0.7151588
-0.6619895,0.06338146,0.2098348,0.7167441
-0.6559415,0.07396689,0.2228719,0.7173548
-0.6497799,0.07652128,0.2317127,0.7198888
-0.6440133,0.07293683,0.2363452,0.7239254
-0.6417644,0.06836316,0.2363859,0.7263516
-0.6413873,0.05611527,0.2312498,0.7293811
-0.641349,0.0510101,0.2290147,0.7304943
-0.6401293,0.05088669,0.2300868,0.7312353
-0.6391069,0.06072342,0.235368,0.7296965
-0.6349417,0.0560284,0.2365066,0.7333311
-0.6312895,0.0585323,0.2401857,0.7350909
-0.6296647,0.06869811,0.2459194,0.7337074
-0.6308094,0.07162544,0.2466068,0.7322119
-0.6327786,0.08137655,0.2499129,0.7283629
-0.6320726,0.07990438,0.2498442,0.7291622
-0.6281539,0.07650378,0.2507997,0.7325772
-0.6249862,0.07366438,0.2510222,0.7354954
-0.6237832,0.07105929,0.2500693,0.737096
-0.6201202,0.06501935,0.2487887,0.7411664
-0.6191055,0.06401956,0.2486584,0.7421447
-0.6181278,0.06467353,0.249144,0.74274
-0.6185135,0.064254,0.2488422,0.7425564
-0.6179663,0.05803809,0.2461321,0.7444248
-0.6195372,0.05492103,0.2441182,0.7440187
-0.6208402,0.05274215,0.2426347,0.7435753
-0.6205267,0.04644999,0.2399753,0.7451181
-0.6215805,0.04573354,0.2392958,0.7445024
-0.6263035,0.05259404,0.2402094,0.7397818
-0.6289591,0.04606822,0.2357969,0.7393835
-0.632453,0.04983795,0.235338,0.7362985
-0.639235,0.05568042,0.2328937,0.7307796
-0.6436365,0.05783314,0.2299305,0.7276807
-0.6491722,0.05566868,0.2232299,0.7250137
-0.6536671,0.04860365,0.2147317,0.7240493
-0.6576762,0.04386833,0.2074805,0.7228343
-0.6629838,0.04294124,0.1995227,0.7202772
-0.6663426,0.03571567,0.1911697,0.7198375
-0.6716723,0.02891377,0.1792028,0.7182663
-0.6740991,0.005595207,0.1645035,0.7200678
-0.6745588,-0.02041709,0.1516012,0.7221985
-0.6767057,-0.0387356,0.1386635,0.7220397
-0.678558,-0.05454493,0.1269897,0.7214273
-0.6787653,-0.07608414,0.1151912,0.7212626
-0.6768452,-0.1121759,0.09886578,0.7207792
-0.6691398,-0.1634251,0.08273116,0.7202081
-0.6487722,-0.2407197,0.066562,0.7188312
-0.5862005,-0.3764989,0.05068693,0.7155757
0.0147599,-0.7000763,0.03743483,0.7129334
0.6105363,-0.3504751,0.03240639,0.7094804
0.6878793,-0.1586477,0.03221542,0.7075416
0.262635,0.6572634,0.03801879,0.7053951
-0.6711853,0.2298391,0.0465169,0.7032215
-0.653254,0.2839171,0.05262062,0.6999153
-0.6816605,0.2034231,0.05769795,0.7004491
-0.7012192,0.1012697,0.06226912,0.7029642
-0.7043345,0.01707265,0.07045251,0.7061571
-0.6935734,-0.07302678,0.07925174,0.7122796
-0.687664,-0.08233109,0.09112117,0.7155675
-0.6806251,-0.09552732,0.1004575,0.7193972
-0.6782012,-0.08675024,0.1104566,0.7213299
-0.6760705,-0.08122855,0.1176944,0.7228268
-0.6772864,-0.05713025,0.1280346,0.7222372
-0.6777925,-0.03860021,0.1363732,0.7214635
-0.6762812,-0.02800512,0.144459,0.7217972
-0.6710429,-0.03137591,0.1522106,0.7249475
-0.6654661,-0.02320799,0.1649883,0.7275954
-0.6611955,-0.00349614,0.1804137,0.7281889
-0.6548312,0.006961405,0.1934932,0.7305533
-0.6533623,0.01900396,0.2008545,0.729667
-0.6537452,0.02116305,0.201488,0.7290897
-0.6558444,0.01364091,0.1956469,0.7289749
-0.6592544,0.004861355,0.1873597,0.728187
-0.6633842,0.0003659725,0.1796369,0.7263966
-0.6698638,0.009222776,0.1736186,0.7218407
-0.6764414,0.01923466,0.1660587,0.7172738
-0.6826073,0.02798149,0.1564351,0.7132968
-0.6911064,0.06084469,0.1442195,0.7055994
-0.6954406,0.1065439,0.1324475,0.6981894
-0.6934475,0.1611346,0.1195345,0.6920099
-0.679935,0.236566,0.109454,0.6853793
-0.6604577,0.2966882,0.09731773,0.6828622
-0.6278632,0.3629937,0.08097029,0.6837157
-0.5436251,0.4778555,0.06158981,0.6872646
-0.126924,0.7123395,0.04295971,0.6889246
0.5012543,0.5233352,0.02360709,0.6886995
0.6220827,0.37392,0.009410679,0.6878287
0.6372041,0.3507516,0.003160417,0.6862465
0.6332476,0.3612831,0.000890106,0.6844496
0.6112278,0.3994472,0.003868729,0.6832477
0.5768727,0.4509714,0.006704241,0.6810269
0.5506762,0.4836636,0.009363532,0.6802481
0.5334592,0.5017337,0.01197746,0.6808384
0.4846138,0.5481138,0.017232,0.6814865
0.4292593,0.5896949,0.02278534,0.6837231
0.3360349,0.6472899,0.02758227,0.6836196
0.2846721,0.6700607,0.03037925,0.6848778
0.3573399,0.6320369,0.0286172,0.6870361
0.4517625,0.5659986,0.02599172,0.6891158
0.4606943,0.5554456,0.02769634,0.6917182
0.2404695,0.6778666,0.03507941,0.6938592
-0.4720815,0.5409002,0.04921326,0.694366
-0.6544327,0.2934782,0.06804478,0.6935116
-0.690721,0.1805747,0.09143281,0.694217
-0.6967868,0.1332192,0.1113625,0.6959448
-0.6963551,0.08197933,0.1272762,0.7015481
-0.6911325,0.0572218,0.143021,0.7061206
-0.6848739,0.05598262,0.1610001,0.7084438
-0.6774009,0.05243883,0.1773004,0.711999
-0.6712022,0.04691514,0.1872653,0.7156944
-0.665962,0.04692054,0.1962709,0.7181717
-0.6590797,0.03961295,0.2033195,0.7229841
-0.6533202,0.03608951,0.2091816,0.7267141
-0.6519987,0.04235652,0.2137232,0.7262411
-0.6517971,0.04427719,0.2150963,0.7259019
-0.6531053,0.04947966,0.2160743,0.7240975
-0.6566146,0.05868664,0.2158198,0.720302
-0.6610923,0.06465015,0.2121375,0.7167811
-0.6644583,0.06588554,0.2074186,0.7149348
-0.6681475,0.06900954,0.2023992,0.7126367
-0.6743946,0.08759171,0.1969383,0.7062116
-0.6798512,0.09613797,0.1867536,0.7026258
-0.6856874,0.1062667,0.1725101,0.6991284
-0.6916027,0.1216076,0.1513815,0.6956874
-0.6929551,0.1525477,0.1348418,0.6916359
-0.6881776,0.1978813,0.1230868,0.6870984
-0.6771673,0.2497489,0.1160984,0.6823425
-0.6695722,0.2753662,0.110681,0.6808791
-0.6645414,0.2868299,0.1009951,0.6825784
-0.6566963,0.2981421,0.0828748,0.6877449
-0.6029344,0.3922704,0.06140792,0.6919705
-0.004204595,0.7192219,0.03955024,0.6936412
0.5626177,0.4507428,0.02309763,0.6926463
0.6401376,0.3322033,0.01349163,0.6925914
0.6501378,0.3155299,0.008177578,0.6911547
0.6580286,0.2987969,0.005450636,0.6911505
0.6475078,0.325616,0.003917843,0.6889793
0.6400111,0.3408014,0.005112886,0.688632
0.6294386,0.3583022,0.008888692,0.6894545
0.6287287,0.3551174,0.01270586,0.6916866
0.6238085,0.3606767,0.01594254,0.6931963
0.6204523,0.3660277,0.01683381,0.6933825
0.6366938,0.3330527,0.01782957,0.6952547
0.6670591,0.2604833,0.01731184,0.6977686
0.6835557,0.2107969,0.01437688,0.6986483
0.6768935,0.2363196,0.01272786,0.696998
0.6778345,0.2295951,0.01584151,0.6982661
0.6509565,0.291307,0.02659887,0.7004915
0.5939568,-0.3917861,0.04583147,0.7011552
0.6697836,-0.2490995,0.06556481,0.6964486
0.6757812,-0.2412682,0.08377925,0.6914409
0.6878337,-0.1969052,0.09570056,0.6920654
0.6958369,-0.1460328,0.1062684,0.6951205
0.6980234,-0.07810929,0.1182472,0.7019116
0.6918982,-0.03376624,0.1330589,0.7088244
0.6841528,-0.01872006,0.1487288,0.7137676
0.6786261,-0.01361817,0.1589127,0.7169574
0.6748886,-0.02174079,0.1698553,0.7177756
0.6721238,-0.02998823,0.1785352,0.7179662
0.6689489,-0.03806126,0.1875039,0.7182626
0.6658298,-0.0484347,0.1970837,0.7179713
0.6631024,-0.05416986,0.203896,0.7181833
0.6610624,-0.05975404,0.2093291,0.718058
0.6599116,-0.05985439,0.2110691,0.7185987
0.6609267,-0.06051019,0.2098839,0.7179576
0.6630801,-0.05819046,0.2057269,0.7173668
0.6657715,-0.05614719,0.2006588,0.7164719
0.6689507,-0.05408651,0.1944144,0.7153898
0.6724112,-0.05744097,0.1894259,0.7132191
0.6775463,-0.0634366,0.1812261,0.7099747
0.6827106,-0.06977296,0.1712173,0.7069106
0.6881055,-0.07896638,0.1586583,0.7036353
0.6915953,-0.09795445,0.1500784,0.6996981
0.6940826,-0.1203089,0.1386903,0.6960891
0.6937895,-0.1494854,0.1294965,0.6924889
0.6922085,-0.1697877,0.123181,0.6905404
0.6914121,-0.1769126,0.1206496,0.6899962
0.6925908,-0.1704913,0.1118343,0.6919131
0.6948512,-0.1555901,0.09635642,0.6954776
0.6936472,-0.1592865,0.07658771,0.6982949
0.6440102,-0.3069169,0.05477366,0.6986077
-0.02174804,-0.714735,0.03927984,0.6979527
-0.4680629,-0.5449487,0.03053176,0.6949934
-0.5654565,-0.4430818,0.02613705,0.695165
-0.6108733,-0.3795245,0.02147326,0.6945026
-0.6348764,-0.3421434,0.01476058,0.6925693
-0.6186845,-0.3802698,0.009217054,0.6874152
-0.5918372,-0.4259456,0.009056598,0.6842639
-0.5713043,-0.4549225,0.01039279,0.6830438
-0.5395475,-0.4941455,0.01260102,0.6815789
-0.5313613,-0.5022948,0.01390406,0.6820277
-0.5271336,-0.5075594,0.01372772,0.6814141
-0.5464733,-0.4837308,0.01393938,0.6835036
-0.5490146,-0.4780763,0.01583949,0.6854015
-0.5798926,-0.4368555,0.01495931,0.6875013
-0.6150744,-0.3824055,0.01278985,0.6894098
-0.633551,-0.3480189,0.01200011,0.6909066
-0.6387504,-0.3393083,0.01029155,0.6904795
-0.6510935,-0.3141391,0.00791049,0.6908917
-0.6445135,-0.3292996,0.008124858,0.6899986
-0.6347573,-0.3480185,0.01015225,0.6898284
-0.5895875,-0.4241645,0.01395142,0.6872236
-0.4850858,-0.5416363,0.0224251,0.6861625
-0.3524624,-0.6350593,0.02949288,0.6867315
-0.1223789,-0.7119216,0.03732122,0.6905057
-0.003306445,-0.7194632,0.03973396,0.6933851
0.2218126,-0.6845779,0.04389998,0.6929828
0.3714615,-0.6137989,0.04606594,0.6950865
0.5659869,-0.4377018,0.05127394,0.6967402
0.6032397,-0.3832787,0.05281374,0.697431
0.6006378,-0.3872187,0.0524359,0.6975288
0.6035035,-0.3826949,0.0526492,0.6975358
0.6588619,-0.2736252,0.05802801,0.6983288
0.6817157,-0.2066201,0.06342793,0.6989626
0.6944904,-0.1508931,0.06823096,0.7001849
0.6985292,-0.1259418,0.07375029,0.7005402
0.6991277,-0.1211738,0.07386428,0.700772
0.6991505,-0.1207751,0.07249707,0.7009609
0.7005678,-0.1076905,0.06655264,0.7022666
0.7042546,-0.06529847,0.05994835,0.7043918