-0.3943929,0.4653488,-0.07889549,0.7884671
-0.6321058,-0.3689548,-0.1001115,0.6740121
-0.6602863,-0.2995835,-0.09936595,0.6814676
-0.6576152,-0.3071297,-0.09951052,0.6806697
-0.6582074,-0.3063672,-0.1011711,0.6801959
-0.6562448,-0.3123076,-0.1022162,0.6792338
-0.6504329,-0.3278247,-0.1026998,0.677437
-0.6387899,-0.3554377,-0.1021663,0.6746656
-0.6309134,-0.3765094,-0.108652,0.6696147
-0.598655,-0.4399146,-0.1114626,0.6600479
-0.5878927,-0.4635258,-0.120708,0.6518862
-0.5762792,-0.481468,-0.1200351,0.6493708
-0.5669588,-0.499759,-0.1272378,0.6423466
-0.5687478,-0.5031505,-0.1381081,0.6358394
-0.6101742,-0.4295971,-0.1306532,0.6527354
-0.6967067,-0.01940176,-0.1109428,0.7084596
-0.3295063,0.5129489,-0.06748122,0.7897818
-0.02197481,0.5433484,-0.02235886,0.8389218
-0.03082366,0.593601,-0.02774829,0.80369
0.01825425,0.6206428,-0.0245241,0.7834973
0.2047297,0.5799686,-0.00264506,0.7884892
0.2100796,0.5592931,0.003073514,0.801903
-0.04569121,0.5849378,-0.02975075,0.8092434
-0.5113217,0.3747153,-0.09483014,0.7675583
-0.6955661,-0.1095513,-0.1316998,0.6977403
-0.6325226,-0.38621,-0.1391124,0.656814
-0.5987061,-0.453844,-0.139729,0.6450213
-0.6425699,-0.3607309,-0.1339048,0.6626059
-0.6950632,-0.001597941,-0.110727,0.710369
-0.2378254,0.5905229,-0.04981282,0.7695715
0.2201412,0.5816572,-0.002920136,0.7830735
-0.1074992,0.618407,-0.03754988,0.7775646
-0.3299181,0.5207772,-0.06573564,0.7846171
-0.4089006,0.4450471,-0.08457677,0.7921996
-0.4242584,0.4245846,-0.08992265,0.7947619
-0.6020159,0.2558326,-0.1074533,0.7487192
-0.6852434,-0.213104,-0.1372952,0.6827725
-0.6179453,-0.4217186,-0.1465557,0.6471619
-0.6004004,-0.459214,-0.1559769,0.6358562
-0.6658376,-0.2991366,-0.1578822,0.6650194
-0.6563654,0.1141244,-0.1320663,0.7339745
-0.3816214,0.4458438,-0.08428413,0.8052855
-0.2995042,0.5062402,-0.06698786,0.8059347
-0.4314585,0.4755514,-0.07180004,0.7632425
-0.2002831,0.6114285,-0.04492635,0.7642143
-0.02421752,0.6117082,-0.02833555,0.7902048
-0.03137199,0.588743,-0.0278145,0.8072322
-0.4238927,0.4614902,-0.07873432,0.7753339
-0.6935154,-0.1204928,-0.1420434,0.6959465
-0.4932691,-0.5975282,-0.1327613,0.6180778
-0.299265,-0.7410282,-0.1025147,0.5922908
-0.3374903,-0.7194446,-0.1080332,0.5973513
-0.5445582,-0.5193971,-0.1096135,0.6493596
-0.6187846,0.2572231,-0.09242496,0.7364779
-0.08645107,0.5724461,-0.03498999,0.8146211
-0.007840222,0.5815312,-0.02412078,0.8131287
-0.2169822,0.5648383,-0.05185942,0.7944728
-0.2996787,0.5127723,-0.06615923,0.801798
-0.3931232,0.4205699,-0.09083611,0.8126031
-0.4180788,0.3746634,-0.1029988,0.8211144
-0.5747621,0.239065,-0.132787,0.7712743
-0.6900454,-0.1736947,-0.1436422,0.687775
-0.5897685,-0.4706423,-0.1397339,0.6412045
-0.5403466,-0.5484176,-0.1462269,0.6211936
-0.6261116,-0.4098173,-0.1632469,0.6429498
-0.6869204,-0.02468637,-0.1450074,0.7116908
-0.3927541,0.4406383,-0.0860164,0.8026103
-0.06224682,0.5032438,-0.02632616,0.8614975
-0.122505,0.5336088,-0.03943133,0.8358824
-0.2174895,0.5471206,-0.05359575,0.8065264
-0.03401586,0.5871028,-0.02827349,0.8083031
0.1013282,0.5676956,-0.008353554,0.816936
0.08972099,0.5603268,-0.008676607,0.8233522
-0.311644,0.5018462,-0.06948826,0.8038654
-0.6772116,0.03066674,-0.1427191,0.7211624
-0.6782579,-0.2411525,-0.168386,0.6733927
-0.666274,-0.2919454,-0.1883283,0.6598328
-0.6787282,-0.2291066,-0.1808861,0.6738831
-0.6887879,-0.05068183,-0.1494273,0.7075832
-0.47407,0.4127568,-0.08846587,0.7726986
-0.002491878,0.5802742,-0.02327302,0.8140848
-0.298524,0.5227119,-0.06437951,0.795934
-0.4195826,0.4525778,-0.08163333,0.782598
-0.4380296,0.4174407,-0.09138536,0.7908995
-0.3981208,0.4224126,-0.09058844,0.809235
-0.3595489,0.4618675,-0.07969037,0.8068782
-0.6877685,0.03912154,-0.1132672,0.7159711
-0.6602763,-0.3112549,-0.1259926,0.6717749
-0.6126378,-0.4236401,-0.1272303,0.6549934
-0.5722771,-0.4862329,-0.1169924,0.6499147
-0.5546626,-0.5047625,-0.106643,0.6528333
-0.567077,-0.4835021,-0.1015659,0.65904
-0.5987607,-0.4375994,-0.1076542,0.66212
-0.6131288,-0.4133245,-0.1102415,0.6641405
-0.6265011,-0.3870603,-0.1105011,0.6674355
-0.6292169,-0.3800079,-0.1081062,0.669323
-0.6450565,-0.3462216,-0.1119373,0.6719396
-0.6588014,-0.3125702,-0.1177649,0.6741008
-0.6596666,-0.3112756,-0.1208861,0.6733009
-0.6624351,-0.3048312,-0.1263362,0.6725301
-0.6690836,-0.2842654,-0.1313764,0.6739886
-0.6882421,-0.1955836,-0.132227,0.6859926
-0.6793312,0.0561235,-0.1250482,0.7209177
-0.6217928,0.2220178,-0.1102397,0.7429193
-0.6243583,0.2381693,-0.0977037,0.7375
-0.5860133,0.3234766,-0.08067772,0.7385408
-0.4098277,0.4935909,-0.06776455,0.7640794
-0.2498892,0.5435995,-0.05619352,0.7993105
-0.139827,0.5469077,-0.04150452,0.8243894
-0.04196429,0.5546891,-0.02593582,0.8305939
-0.3520897,0.5176206,-0.06598371,0.7770122
-0.6656048,0.16488,-0.08659953,0.7226931
-0.6999277,-0.1071609,-0.09586465,0.6995913
-0.7016113,-0.0745995,-0.09308484,0.7025038
-0.571768,0.3477853,-0.07746091,0.7390037
-0.156347,0.5579914,-0.04454421,0.8137672
-0.0194456,0.4947281,-0.01631527,0.868677
-0.03479888,0.5031751,-0.01882872,0.8632782
0.02211172,0.5125946,-0.006217425,0.8583235
0.01928337,0.4726541,-2.587028E-05,0.881037
-0.02686102,0.4351381,-0.006541591,0.8999391
-0.04219561,0.4405123,-0.01140818,0.8966818
-0.02358713,0.4841926,-0.01204695,0.8745604
0.015118,0.5057125,-0.00757224,0.8625364
0.009662107,0.4918852,-0.008768327,0.8705623
0.02172246,0.4972053,-0.008566343,0.8673186
0.05453677,0.5510904,-0.01125437,0.8325853
-0.2717813,0.5727692,-0.05411752,0.7714542
-0.6524748,0.1907281,-0.09163299,0.7276695
-0.6920702,-0.1754296,-0.1028433,0.6925941
-0.6502941,-0.3245329,-0.09609264,0.6801193
-0.6832415,-0.2104579,-0.07610434,0.6950516
-0.377395,0.5376379,-0.0578367,0.7517802
-0.0001320811,0.5440617,-0.01805531,0.838851
0.08377685,0.4578254,0.01040136,0.8850249
0.09600548,0.4657157,0.01495653,0.8795841
0.07859384,0.4355285,0.01917599,0.8965323
0.02624731,0.3864888,0.01500604,0.9217983
0.003760119,0.3976306,0.007814618,0.9175046
-0.02727307,0.4480102,-0.007184732,0.8935835
-0.0004557545,0.4696544,-0.004165836,0.8828404
0.02319209,0.455952,0.001139907,0.8897014
0.01533821,0.4495187,-0.002051192,0.8931369
0.08140634,0.4477371,0.009970512,0.8903961
0.03104263,0.5369816,-0.01316872,0.8429198
-0.3464782,0.5057637,-0.06869437,0.7870433
-0.6253588,0.214259,-0.1085121,0.7424585
-0.6716694,0.08031023,-0.1244042,0.7259023
-0.6701311,0.1105437,-0.1106098,0.7255824
-0.5344251,0.3698741,-0.08659668,0.7550391
-0.246061,0.5197474,-0.05930647,0.8159652
-0.03877522,0.4825066,-0.01949899,0.8748163
-0.05883355,0.4962853,-0.02361782,0.8658416
-0.07317871,0.5138935,-0.02644597,0.8543178
-0.08147402,0.4659898,-0.02424892,0.8806971
-0.09770653,0.4297279,-0.02553142,0.8972934
-0.1092781,0.4296353,-0.02872631,0.8959055
-0.1147384,0.4476111,-0.03154668,0.8862755
-0.09045459,0.4659327,-0.02686758,0.8797743
-0.08411278,0.4680262,-0.02641493,0.8793059
-0.06951198,0.4793563,-0.0248305,0.8745108
-0.01065516,0.5165467,-0.01699497,0.856024
-0.06304105,0.5853136,-0.03173712,0.8077293
-0.4657664,0.4787638,-0.06197836,0.7416235
-0.7026309,-0.05861154,-0.08623621,0.7038735
-0.6724164,-0.2592053,-0.0926294,0.687087
-0.6905895,-0.1803267,-0.0830116,0.6954693
-0.5538188,0.369852,-0.0764181,0.7420611
-0.242856,0.5264405,-0.05795118,0.8127256
-0.1660091,0.4997964,-0.0467661,0.8487976
-0.1868937,0.5214647,-0.04995596,0.8310533
-0.1799113,0.5129346,-0.04866626,0.8379509
-0.1831509,0.4772512,-0.05035941,0.8579925
-0.213292,0.4497951,-0.05869339,0.8653012
-0.2173586,0.4544467,-0.05940051,0.8618033
-0.1753602,0.4884968,-0.0481022,0.8534083
-0.1270126,0.5184786,-0.03787707,0.8447562
-0.1039435,0.5255674,-0.03419643,0.8436855
-0.08262977,0.5220139,-0.03080137,0.8483661
-0.0792435,0.545245,-0.03217828,0.8339022
-0.32638,0.5196481,-0.06583057,0.7868344
-0.661569,0.1713162,-0.08968002,0.7245238
-0.6838517,-0.2177742,-0.09951124,0.6892161
-0.6334241,-0.3607233,-0.09204182,0.6783664
-0.7012028,-0.0996938,-0.08244774,0.7011263
-0.4782788,0.4475431,-0.07232954,0.7521456
-0.1903203,0.5449721,-0.05027296,0.8150192
-0.1376788,0.5283411,-0.04176299,0.8367534
-0.1676968,0.5431317,-0.04579879,0.8214549
-0.1750562,0.5268067,-0.04709698,0.8304287
-0.1974006,0.5016891,-0.05220632,0.8406044
-0.2236619,0.4863813,-0.0583092,0.8426201
-0.2332501,0.4872063,-0.05995964,0.8394219
-0.2792527,0.4826221,-0.06813267,0.827316
-0.2920083,0.4976907,-0.06735627,0.8139399
-0.3074341,0.5099404,-0.06652635,0.8006368
-0.2027139,0.5884898,-0.04696113,0.781269
-0.5768725,0.3547487,-0.06957054,0.7324831
-0.7015913,-0.08799979,-0.08824122,0.7015977
-0.6533244,-0.3160921,-0.09490132,0.6813565
-0.6688476,-0.2758395,-0.1037177,0.682494
-0.6575342,-0.3115617,-0.1076315,0.6774905
-0.6186951,-0.3961793,-0.09995031,0.6710203
-0.6127703,-0.4055668,-0.09714872,0.6712602
-0.6289513,-0.3748445,-0.09874779,0.6739144
-0.6404889,-0.3505082,-0.1001958,0.6759281
-0.6426187,-0.3465696,-0.101959,0.6756738
-0.6502299,-0.3284296,-0.1027399,0.6773328
-0.6290898,-0.3735444,-0.09716919,0.674736
-0.6055805,-0.41557,-0.09280944,0.6722798
-0.582132,-0.4525184,-0.0904436,0.6694545
-0.5735768,-0.4654962,-0.09044935,0.6679385
-0.5780996,-0.4595309,-0.09153402,0.6680222
-0.5938765,-0.4366924,-0.09440628,0.6691023
-0.5935307,-0.4390911,-0.0969367,0.6674756
-0.599773,-0.430715,-0.1000735,0.66689
-0.6041701,-0.4267986,-0.1057456,0.6645594
-0.6074704,-0.4227871,-0.1087908,0.663623
-0.6098988,-0.4221035,-0.1151903,0.6607444
-0.6249737,-0.3968266,-0.1234774,0.6608251
-0.6453675,-0.3521977,-0.1279392,0.6656494
-0.6673471,-0.2922813,-0.15055,0.668247
-0.6754367,-0.2540816,-0.1717512,0.6706187
-0.6777692,-0.227775,-0.1873298,0.6735392
-0.675433,-0.2192992,-0.2052855,0.6734657
-0.6742515,-0.1800274,-0.2190461,0.6819046
-0.6676317,-0.1508311,-0.2369376,0.6894769
-0.6566305,-0.1157555,-0.253471,0.7008491
-0.6376168,-0.07035837,-0.2680782,0.7187688
-0.6119221,-0.02784857,-0.2791705,0.7394861
-0.5870706,0.001251251,-0.2873879,0.7568057
-0.555443,0.02440307,-0.2968242,0.776391
-0.5264964,0.04424345,-0.3019477,0.7935185
-0.4920308,0.0636691,-0.3037183,0.8133923
-0.4582066,0.07835118,-0.302747,0.8320169
-0.4253782,0.09329574,-0.2952143,0.8504104
-0.4017246,0.09974058,-0.2899943,0.8628861
-0.3937516,0.09541881,-0.2922257,0.8662904
-0.3971589,0.0924035,-0.2935603,0.8646091
-0.4178309,0.08226748,-0.2994505,0.8538025
-0.4456844,0.07362968,-0.29956,0.8403617
-0.4804606,0.070812,-0.2927776,0.8236653
-0.5157855,0.06513582,-0.2839076,0.8056793
-0.5440871,0.06764165,-0.2676837,0.7922999
-0.5652207,0.06142187,-0.256797,0.7815423
-0.5757411,0.05790003,-0.2480458,0.7769448
-0.5806586,0.06651908,-0.2357342,0.7764279
-0.5807746,0.08576351,-0.2212713,0.778707
-0.5857596,0.09670289,-0.2102522,0.7767421
-0.5940791,0.0971034,-0.203608,0.77213
-0.598253,0.1037249,-0.1958144,0.7700592
-0.5966331,0.1228842,-0.1849768,0.7711757
-0.5950804,0.1461973,-0.1725829,0.7711815
-0.594794,0.1708269,-0.1591995,0.7692165
-0.5896035,0.2074497,-0.1426791,0.767447
-0.5816684,0.2430908,-0.1283643,0.7655661
-0.5811226,0.2676104,-0.1157219,0.7597958
-0.5945588,0.2682684,-0.1062894,0.7504895
-0.6423346,0.1986561,-0.1007157,0.7333474
-0.6962969,0.01202446,-0.09965673,0.7107
-0.6935098,-0.1651301,-0.1081569,0.6928768
-0.6669942,-0.2865156,-0.1150692,0.6780756
-0.6325046,-0.374023,-0.1100033,0.6692863
-0.6176754,-0.4005437,-0.1036261,0.6688074
-0.6369956,-0.3620763,-0.1064101,0.6721713
-0.6320006,-0.3745643,-0.1090308,0.6696184
-0.606151,-0.4230325,-0.1052766,0.6652378
-0.6021789,-0.4295015,-0.1044009,0.664838
-0.6189162,-0.4026511,-0.1110498,0.6651939
-0.6307974,-0.3847876,-0.1234173,0.6624207
-0.6404048,-0.3696341,-0.139613,0.6586049
-0.6469718,-0.3587897,-0.1612725,0.653214
-0.6524253,-0.344688,-0.1787105,0.6508411
-0.6558914,-0.3324931,-0.1891612,0.650748
-0.6617638,-0.3053753,-0.204529,0.653439
-0.6661189,-0.2646559,-0.2248497,0.6600648
-0.6633407,-0.2073251,-0.2497809,0.6742439
-0.653535,-0.1632787,-0.2664907,0.6893582
-0.6380941,-0.1472413,-0.2880481,0.6987018
-0.622354,-0.1268708,-0.301471,0.711122
-0.6069974,-0.1060852,-0.309648,0.7241672
-0.5912873,-0.08794694,-0.3166056,0.7364819
-0.5772198,-0.07144162,-0.3228715,0.7466373
-0.5522608,-0.04874741,-0.3293878,0.7642875
-0.5163037,-0.03457898,-0.3409998,0.7848274
-0.4785351,-0.009184763,-0.3437447,0.8079353
-0.427554,0.01746289,-0.3405355,0.8372145
-0.3697365,0.03243473,-0.3277106,0.8688204
-0.3158892,0.01778922,-0.3218074,0.8923775
-0.2948342,0.02291258,-0.3078885,0.9042966
-0.3033237,0.0380528,-0.3012346,0.903219
-0.3531478,0.0568741,-0.3086358,0.8813603
-0.4118479,0.04037906,-0.3256954,0.850102
-0.4680493,0.02270384,-0.3299458,0.8194816
-0.5116586,0.01214799,-0.3195915,0.7974454
-0.5418298,-0.0005704612,-0.3092915,0.7815107
-0.5594339,-0.01179622,-0.300329,0.7724617
-0.5768533,-0.01931331,-0.2898337,0.7634552
-0.5969263,-0.02633572,-0.2779255,0.7521588
-0.6156186,-0.02968571,-0.2628902,0.742308
-0.6280227,-0.03418756,-0.2510994,0.735777
-0.6421529,-0.05289537,-0.2425955,0.7252511
-0.652355,-0.06522509,-0.2327925,0.7183219
-0.6622595,-0.07330692,-0.2192051,0.7127325
-0.6693175,-0.06734446,-0.2028579,0.711567
-0.6722813,-0.03644139,-0.1838118,0.7161866
-0.6631811,0.03425524,-0.1654454,0.72914
-0.6524737,0.07856035,-0.156727,0.7372537
-0.6550863,0.06886229,-0.1582016,0.7355897
-0.6751447,0.00293985,-0.1594256,0.7202461
-0.69122,-0.1205656,-0.1532083,0.6958491
-0.6869646,-0.2023697,-0.1378089,0.6842038
-0.6786527,-0.2459961,-0.1234431,0.6809392
-0.6741521,-0.262896,-0.1189731,0.6798897
-0.6725795,-0.2681133,-0.117061,0.6797417
-0.6714926,-0.2710287,-0.1142149,0.6801441
-0.6627978,-0.295969,-0.1067604,0.6794878
-0.6564451,-0.3134407,-0.1054134,0.6780287
-0.6486268,-0.332935,-0.1036353,0.6765333
-0.6414571,-0.3497713,-0.1028358,0.6749946
-0.633701,-0.3667911,-0.1021256,0.6733928
-0.6200116,-0.39485,-0.1018907,0.6702965
-0.6070308,-0.4190204,-0.1016408,0.6675363
-0.58372,-0.4574847,-0.100616,0.6632158
-0.5725271,-0.4747851,-0.1008269,0.6607767
-0.5728933,-0.4727795,-0.09882285,0.6621985
-0.62564,-0.3772445,-0.09201646,0.6766049
-0.7012722,0.02438363,-0.07255402,0.7087725
-0.3264122,0.5846887,-0.04732157,0.7411848
-0.3790284,0.5483472,-0.05234441,0.7435812
-0.4077947,0.5057377,-0.06366143,0.7575487
-0.4487317,0.4461729,-0.08020121,0.7701541
-0.4290759,0.4409185,-0.08561729,0.78368
-0.3817324,0.4536282,-0.083994,0.8009039
-0.3680601,0.4530502,-0.08363166,0.8076405
-0.3546951,0.4490392,-0.08358698,0.8158237
-0.343748,0.4437967,-0.08347911,0.8233547
-0.3338534,0.4526095,-0.08014902,0.8229597
-0.3225285,0.4593869,-0.07730482,0.8239921
-0.3242868,0.4546091,-0.0784686,0.8258397
-0.2833447,0.4692203,-0.07002592,0.8334534
-0.2848142,0.4759435,-0.06939172,0.8291824
-0.2482764,0.5079373,-0.05940702,0.8226964
-0.1883512,0.5429189,-0.0467216,0.8170557
-0.1183606,0.578293,-0.03469285,0.8064517
-0.001007793,0.6147963,-0.02059754,0.7884162
0.2760894,0.5973553,-0.005212188,0.7529371
0.6031491,0.3248757,0.0092538,0.72841
0.6740499,0.175063,0.007730007,0.7176002
0.6989831,0.1201053,-0.05778757,0.7026079
0.6904783,0.1824376,-0.08856738,0.6943429
0.6806532,0.2269902,-0.0882256,0.6909435
0.652849,0.3100414,-0.08280843,0.6861525
0.6867567,0.2007512,-0.08802944,0.6930476
0.6993735,0.1194837,-0.08618206,0.6994091
0.6992828,0.1209897,-0.07399446,0.7006354
0.6892556,0.1783464,-0.0661186,0.6991049
0.7037004,-0.008832514,-0.06652775,0.7073202
0.6765685,-0.1501689,-0.07529402,0.7169626
0.6708072,-0.1529078,-0.08516985,0.7206821
0.6866697,-0.07276329,-0.09793067,0.7166587
0.6857851,-0.06423056,-0.1046687,0.7173686
0.6766183,-0.09331584,-0.1087993,0.7222483
0.6564729,-0.153801,-0.107654,0.7306156
0.6056892,-0.2636958,-0.09899935,0.7441802
0.5236223,-0.3724718,-0.08956563,0.7609615
0.5408734,-0.3485277,-0.09346768,0.7597685
0.5769647,-0.2897685,-0.104237,0.7564923
0.6063633,-0.2316048,-0.1152456,0.7519317
0.6231135,-0.1953539,-0.1211393,0.7475905
0.6301806,-0.1786555,-0.1238337,0.7453992
0.6470819,-0.1389188,-0.1277891,0.7386857
0.6668947,-0.08763278,-0.1289061,0.7286666
0.6766977,-0.04953381,-0.131947,0.7226456
0.6850673,-0.004349053,-0.1359013,0.7156779
0.692931,0.05703154,-0.1362452,0.7057133
0.6944487,0.1347781,-0.1325933,0.6942585
0.6805886,0.2383371,-0.1277712,0.6809325
0.6232508,0.3972956,-0.116519,0.6634288
0.5479831,0.5072564,-0.09758596,0.6579381
0.3430946,0.6730551,-0.06960905,0.6514887
-0.04506337,0.7689328,-0.03404357,0.6368302
-0.5180921,0.5352578,0.008067131,0.6670943
-0.6577082,-0.1440173,0.06997293,0.736059
-0.496872,-0.3388358,0.07678828,0.7952434
-0.4482138,-0.3972227,0.06291057,0.7983488
-0.3506343,-0.4664112,0.04706885,0.8107408
-0.213463,-0.5233948,0.0258015,0.8245155
-0.05225648,-0.5256564,0.002362084,0.8490872
-0.0266408,-0.5156903,-0.0008942168,0.8563603
0.03952118,-0.4870891,-0.01290537,0.8723621
0.08043669,-0.4673131,-0.02194954,0.8801515
0.1084659,-0.4578094,-0.02910456,0.8819289
0.09375754,-0.4642253,-0.02574115,0.8803647
0.0824269,-0.4737554,-0.02349938,0.8764756
0.1112758,-0.4599559,-0.03027675,0.8804213
0.1418652,-0.4290809,-0.03721606,0.8912793
0.1186099,-0.4535003,-0.03182564,0.882755
0.1175755,-0.4633692,-0.03201649,0.8777471
0.06911428,-0.492474,-0.02161367,0.8673093
0.0663095,-0.4981732,-0.02167965,0.8642665
0.02539564,-0.5381466,-0.01636698,0.8423096
-0.06743328,-0.5689873,-0.004810706,0.8195627
-0.2729141,-0.5537211,0.0134761,0.7865934
-0.5341787,-0.3899074,0.02729571,0.7495868
-0.6144882,-0.2847442,0.02691707,0.7352553
-0.5196187,-0.4710545,-0.02502967,0.7123746
-0.6823549,-0.2169566,-0.08096239,0.6933734
-0.6680171,-0.2695045,-0.08549249,0.6883398
-0.6565154,-0.3001167,-0.08197251,0.6871667
-0.6829556,-0.2166965,-0.08611792,0.6922413
-0.7018025,-0.08282584,-0.08852759,0.7019801
-0.7030245,-0.07232496,-0.07839218,0.7031218
-0.696593,-0.1364548,-0.06168306,0.7016647
-0.3982513,-0.5951598,-0.04416378,0.6965848
-0.4167469,0.5870991,-0.02981934,0.6933596
-0.7075621,0.01984459,-0.0277136,0.7058285
-0.32827,-0.6129782,-0.03133905,0.7179932
-0.02903374,-0.6890126,-0.035839,0.7232803
0.07677059,-0.6822273,-0.03782465,0.7261139
0.0839825,-0.674063,-0.03803502,0.732898
0.1666505,-0.6593432,-0.04070657,0.7320089
0.3420157,-0.5928038,-0.04605792,0.727659
0.5404413,-0.431371,-0.05160563,0.7205408
0.652794,-0.2511228,-0.05167833,0.7128301
0.7022525,0.08828998,-0.04806647,0.704795
0.3373073,0.6360486,-0.044901,0.6925676
0.1123852,0.7226294,-0.0426969,0.6807007
0.07873455,0.7346143,-0.04291249,0.6725334
0.07279168,0.7419624,-0.04389506,0.6650311
0.1114541,0.7462797,-0.04847131,0.6544427
0.02026395,0.7639803,-0.04244266,0.6435234
-0.04385049,0.779641,-0.03631341,0.6236333
-0.08654016,0.7858424,-0.02978008,0.6116173
-0.1251473,0.7800491,-0.02361138,0.6126207
-0.258563,0.7160928,-0.01397928,0.6481983
0.6872786,0.1217492,0.01489288,0.7159634
0.3557575,0.5434249,0.006847352,0.7603151
0.1233548,0.6285382,-0.01222582,0.7678372
-0.1184096,0.605674,-0.03400953,0.7861181
-0.2030979,0.5621109,-0.04640189,0.8003933
-0.1921592,0.5386645,-0.04640318,0.8190006
-0.202022,0.5088434,-0.04995319,0.8353264
-0.2012315,0.4891793,-0.05065944,0.8471382
-0.2044123,0.4781611,-0.05163353,0.8525912
-0.1961357,0.4708466,-0.04973815,0.858697
-0.1908293,0.4642254,-0.0496484,0.8634894
-0.189347,0.4583706,-0.05048667,0.8668882
-0.2061107,0.439311,-0.05578839,0.8725892
-0.1961212,0.4381977,-0.05306587,0.875616
-0.1506118,0.4566672,-0.0404645,0.8758618
-0.08461356,0.4847214,-0.02422016,0.8702293
-0.03637516,0.5064974,-0.01470078,0.8613485
0.004683241,0.5247093,-0.008629788,0.8512249
0.06541332,0.5503509,-0.002332741,0.8323638
0.1424784,0.5735118,0.001634017,0.8067103
0.280979,0.5654041,0.006139725,0.7754556
0.1326758,0.6663952,-0.02431094,0.7332963
0.6938608,0.1634486,-0.09667125,0.6946197
0.6902151,0.1865316,-0.1159099,0.6894736
0.6842275,0.2195936,-0.1155007,0.685763
0.6664962,0.286984,-0.1124552,0.6788055
0.6490493,0.3328961,-0.105685,0.6758298
0.6241546,0.3844404,-0.09867683,0.6729782
0.5608104,0.4809904,-0.08718602,0.6682354
0.4998916,0.5497947,-0.08043452,0.6643527
0.4632105,0.5852847,-0.07837813,0.6608592
0.4027064,0.6358386,-0.07596038,0.6540389
0.3276346,0.6856929,-0.07205783,0.6459787
0.2474519,0.7273252,-0.06734536,0.636577
0.1884596,0.7504715,-0.06272326,0.6303501
0.09965754,0.7719106,-0.05321397,0.6256123
0.05868028,0.7791111,-0.04881639,0.6222215
0.06643958,0.7783113,-0.04980137,0.6223642
0.06838042,0.7771546,-0.04976251,0.6236013
0.01305781,0.780829,-0.04293996,0.6231306
0.01154274,0.7820107,-0.04291604,0.6216784
0.01246541,0.7842889,-0.0433262,0.6187556
0.02429608,0.7855343,-0.04510162,0.6166939
0.03636325,0.7869846,-0.04704887,0.6141003
0.05398178,0.7860639,-0.04950574,0.6137905
0.08252367,0.7832066,-0.05346542,0.6139371
0.09624119,0.7807797,-0.05516608,0.61488
0.1110567,0.7792547,-0.05743874,0.6141086
0.1283131,0.7783067,-0.06063072,0.611636
0.1369443,0.7765019,-0.06179802,0.6119412
0.1558871,0.7754114,-0.06589448,0.6083538
0.1682899,0.7734482,-0.06826407,0.607286
0.1707775,0.7741038,-0.06927701,0.6056395
0.1800015,0.7719261,-0.07085188,0.6055655
0.1766356,0.7736379,-0.07072802,0.6043856
0.2150724,0.7633109,-0.07753463,0.6042256
0.2232854,0.7599475,-0.07847834,0.6053631
0.2152433,0.7628313,-0.07729615,0.6048009
0.19903,0.768781,-0.07516921,0.6030857
0.1822582,0.7732061,-0.07219866,0.6030933
0.1618764,0.7766183,-0.06796725,0.6050128
0.1440887,0.7833737,-0.06633413,0.6009691
0.119759,0.7899894,-0.06304967,0.5979961
0.1054133,0.7939491,-0.06120645,0.5956396
0.1142253,0.7941261,-0.06336538,0.5935495
0.09707299,0.7992668,-0.06117374,0.5899214
0.1064564,0.7981849,-0.06302123,0.5895728
0.1304729,0.7933782,-0.06719583,0.5907729
0.1779532,0.778352,-0.07365325,0.5975584
0.2555682,0.7530039,-0.08735417,0.6000327
0.3159842,0.7278498,-0.09991865,0.6003373
0.3145778,0.7271493,-0.09836723,0.6021782
0.2884962,0.7364869,-0.09108314,0.6050296
0.2894039,0.735911,-0.09107127,0.6052986
0.2832175,0.7393216,-0.09054802,0.604146
0.2626517,0.7486162,-0.08742992,0.6024483
0.2359933,0.7589834,-0.08294261,0.6011421
0.2172574,0.7670534,-0.08073603,0.5982559
0.2036494,0.7721528,-0.07881106,0.5967376
0.2038586,0.7721777,-0.07890248,0.5966219
0.2020878,0.7726389,-0.07855467,0.5966732
0.2285885,0.7660549,-0.08465963,0.5947605
0.2970499,0.7408586,-0.0997086,0.5940944
0.2880184,0.7391914,-0.09304963,0.6016504
0.2982669,0.7315221,-0.09240037,0.6061141
0.318435,0.7193894,-0.09388057,0.6101348
0.323011,0.7136892,-0.09170689,0.614737
0.3250764,0.7099116,-0.08968309,0.6183104
0.3216086,0.7094492,-0.08725055,0.620997
0.348876,0.6922902,-0.08915631,0.6253566
0.3724862,0.6752847,-0.08979803,0.630223
0.3954512,0.6588267,-0.09145516,0.6334048
0.4099392,0.6455282,-0.0902036,0.638049
0.4447972,0.6158301,-0.09138228,0.6438618
0.4686038,0.5939432,-0.09250405,0.6473677
0.4833989,0.5782149,-0.0918179,0.6508169
0.5184923,0.5437516,-0.09722929,0.6527223
0.5263065,0.5348582,-0.09786084,0.6537213
0.5181604,0.5422469,-0.09490213,0.6545774
0.5105257,0.5455492,-0.0883783,0.6587328
0.5041516,0.5508845,-0.08630258,0.6594765
0.4835888,0.5672054,-0.08022173,0.6618039
0.4636116,0.5826119,-0.07583471,0.663232
0.4459688,0.5957185,-0.07278048,0.6640289
0.4399423,0.5987017,-0.07063806,0.6655954
0.4170515,0.6138057,-0.06692724,0.666957
0.4193582,0.6099406,-0.06529382,0.6692143
0.4220956,0.606917,-0.06468002,0.6703012
0.4210238,0.6063119,-0.06347992,0.6716362
0.439061,0.5913732,-0.06367823,0.6733857
0.4558248,0.5772138,-0.06434181,0.6744688
0.503132,0.5342978,-0.06813183,0.675827
0.4994675,0.5361671,-0.06622612,0.6772528
0.5185199,0.5173041,-0.06831883,0.6773967
0.5016153,0.5349229,-0.06731792,0.6765411
0.49817,0.5383754,-0.06715137,0.6763647
0.5331677,0.5017757,-0.07023658,0.6775103
0.5700145,0.4563763,-0.07363638,0.679251
0.5964844,0.4181417,-0.07640013,0.6808282
0.6284897,0.3630931,-0.08064485,0.6831255
0.6518925,0.3124906,-0.08366442,0.6858469
0.660717,0.2904554,-0.08574715,0.6868305
0.6602442,0.292227,-0.08650312,0.6864388
0.6571056,0.301074,-0.0869379,0.6855717
0.6442943,0.3324428,-0.08593908,0.6833603
0.6254747,0.3712517,-0.08340552,0.6811733
0.6012621,0.4142711,-0.08141339,0.6784064
0.5990207,0.4192835,-0.08297071,0.6771199
0.6107939,0.3998831,-0.08442181,0.6781572
0.6027923,0.4125762,-0.08255079,0.6779437
0.6049134,0.4100938,-0.0840956,0.6773705
0.6128746,0.3960598,-0.0843983,0.6785265
0.6178616,0.3863117,-0.08377153,0.6797004
0.6272458,0.3693691,-0.08572862,0.6802791
0.6435382,0.3361258,-0.08878621,0.6819055
0.6663879,0.2776701,-0.09212545,0.6858131
0.6764559,0.2444654,-0.09253299,0.6885359
0.6868281,0.2019342,-0.09316728,0.6919608
0.6937448,0.1639031,-0.09365174,0.6950419
0.6999671,0.1066008,-0.09568411,0.6996619
0.7012594,0.06845638,-0.0969916,0.7029521
0.6996669,0.02288219,-0.09903246,0.7072024
0.6929146,-0.03233027,-0.10184,0.7130587
0.68431,-0.07675013,-0.1019216,0.7179424
0.6807221,-0.09049201,-0.1024561,0.7196745
0.66615,-0.1351825,-0.1044474,0.7259894
0.663023,-0.1478897,-0.1020606,0.7267137
0.6619685,-0.1525786,-0.1009526,0.7268604
0.6601378,-0.1581072,-0.1005094,0.7274051
0.6656558,-0.1494946,-0.09671828,0.7247063
0.6701415,-0.1403511,-0.09431407,0.7227149
0.674309,-0.1337862,-0.09031248,0.7205916
0.677694,-0.1325888,-0.08398533,0.7183993
0.6916174,-0.08402729,-0.07803407,0.7131026
0.7006682,-0.03156635,-0.07299334,0.7090414
0.7047235,0.03165972,-0.06788385,0.7055171
0.7047727,0.04011893,-0.06687716,0.7051337
0.7008296,0.1059988,-0.06454137,0.7024504
0.7011805,0.1026339,-0.06377998,0.7026695
0.7027971,0.08555979,-0.06073809,0.7036098
0.7049099,0.002860993,-0.06169039,0.7066032
0.7006974,-0.05072439,-0.06321254,0.70884
0.6931846,-0.09534997,-0.06630206,0.711342
0.6875921,-0.1141626,-0.07143483,0.7134991
0.6825703,-0.1310573,-0.07380384,0.7151747
0.6765057,-0.1494829,-0.07596004,0.7170948
0.6709118,-0.1672895,-0.0760012,0.7184117
0.670346,-0.1695631,-0.07564387,0.7184445
0.6756105,-0.1584011,-0.07212105,0.7164202
0.6870286,-0.1207558,-0.06885403,0.7132102
0.7013749,-0.04426795,-0.06342894,0.7085834
0.7048103,0.0557026,-0.05873746,0.7047621
0.6463985,0.303252,-0.05449492,0.698024
0.4396002,0.5714303,-0.048903,0.6912507
0.1634398,0.7096342,-0.0430286,0.6839995
-0.05062431,0.7332809,-0.03624511,0.6770692
-0.1797607,0.7192629,-0.02935933,0.6704364
-0.1857906,0.7225445,-0.02786288,0.6653082
-0.223671,0.7163315,-0.02401305,0.6605027
-0.2196446,0.7220337,-0.0229888,0.6556639
-0.2097805,0.7289052,-0.02267072,0.6512874
-0.2258918,0.7260427,-0.02054458,0.6491631
-0.2247767,0.7280374,-0.02006326,0.6473287
-0.220657,0.7302461,-0.02014897,0.6462547
-0.2167291,0.7305292,-0.02075451,0.647244
-0.2179811,0.727621,-0.02131694,0.650075
-0.2010202,0.7314207,-0.02311663,0.6512144
-0.1947626,0.7316586,-0.02398274,0.6528154
-0.1914904,0.7285636,-0.02516252,0.6571859
-0.1764745,0.7310286,-0.02656721,0.6585956
-0.08164873,0.7454885,-0.03347097,0.6606513
-0.00354128,0.7463697,-0.03831647,0.6644183
0.1218049,0.7320428,-0.04478503,0.6687834
0.1429313,0.7277758,-0.04581509,0.669189
0.1361629,0.7295935,-0.04557748,0.6686372
0.1046885,0.7369972,-0.04433527,0.6662654
0.0739548,0.7394226,-0.04219515,0.6678355
0.09904911,0.7358276,-0.04345649,0.6684748
0.1440711,0.726229,-0.04535684,0.6706548
0.1659111,0.7216217,-0.04662189,0.6704939
0.1694964,0.7195521,-0.04636671,0.6718376
0.1975678,0.7104499,-0.0471421,0.6737994
0.2679623,0.6839207,-0.04950633,0.6767553
0.3279151,0.653712,-0.05076671,0.6801141
0.4326189,0.5849043,-0.05389532,0.6839761
0.4972311,0.5280262,-0.05627966,0.6861357
0.6039046,0.3945169,-0.06283364,0.6897155
0.6591318,0.2838542,-0.06898612,0.692974
0.6775648,0.2295409,-0.07201076,0.6950046
0.6815802,0.2154471,-0.07329825,0.6954554
0.6881227,0.1883916,-0.07443541,0.6967461
0.6937226,0.1599414,-0.0754303,0.6981962
0.6967708,0.1405609,-0.07499304,0.6993777
0.7010792,0.1022264,-0.08081388,0.7010754
0.7010877,0.100548,-0.08380511,0.7009585
0.6992348,0.1209221,-0.08596775,0.6993268
0.6931076,0.1666085,-0.08565477,0.6960652
0.6774632,0.2367296,-0.08403781,0.6913323
0.6580517,0.2960733,-0.08269066,0.6873651
0.6319703,0.3568963,-0.08164117,0.6830616
0.6106152,0.3989695,-0.08255297,0.6790858
0.5993294,0.4191177,-0.0831905,0.6769225
0.575822,0.4556981,-0.08244893,0.6737732
0.5446951,0.4965034,-0.07978351,0.6711379
0.5562914,0.481578,-0.08023961,0.6724464
0.5690755,0.463341,-0.07972947,0.6746194
0.5908735,0.431682,-0.08144099,0.6766732
0.5934486,0.4272811,-0.08112478,0.6772506
0.585137,0.4401804,-0.08072114,0.6762692
0.5570956,0.4799522,-0.07957126,0.673022
0.5406418,0.5007166,-0.07862423,0.671422
0.5368444,0.5053062,-0.07842708,0.6710536
0.5558918,0.4815402,-0.07951936,0.6728893
0.5654945,0.4677365,-0.07887293,0.6746981
0.5813036,0.4446665,-0.07898936,0.6768446
0.594448,0.4212902,-0.07568863,0.6807477
0.5989327,0.4145723,-0.0765571,0.6808438
0.5918251,0.4266916,-0.07721093,0.6794968
0.5691062,0.4621037,-0.07843596,0.6755931
0.5304649,0.5104837,-0.07571071,0.6725186
0.4967863,0.5483595,-0.07535864,0.6684507
0.4881508,0.5561138,-0.07404159,0.6685537
0.4871324,0.5568672,-0.07376562,0.6686999
0.4706202,0.5737081,-0.07405826,0.6662514
0.4184156,0.6151788,-0.06919301,0.6646018
0.3803717,0.6419916,-0.06688538,0.6623371
0.3440042,0.6640319,-0.06433249,0.6607451
0.3268573,0.6738623,-0.0634014,0.6595865
0.3501868,0.6600882,-0.06440452,0.6614414
0.3981019,0.6305391,-0.06833263,0.6627714
0.4552615,0.5877672,-0.07335483,0.6647449
0.5110514,0.536554,-0.07925928,0.666824
0.5390593,0.506525,-0.08306399,0.6677932
0.5864915,0.4450203,-0.08971307,0.6707729
0.6105696,0.406951,-0.09349382,0.6729447
0.617097,0.3944321,-0.09292987,0.6745211
0.6149818,0.3972382,-0.09121847,0.6750395
0.6217591,0.3841826,-0.09104273,0.6764101
0.6289734,0.3697734,-0.09119073,0.6777495
0.638532,0.3499607,-0.09231681,0.6791774
0.6490764,0.3254154,-0.09270439,0.68133
0.6612173,0.2932134,-0.09259301,0.6842837
0.6694015,0.2686362,-0.09275877,0.6863905
0.6750695,0.2496163,-0.09282479,0.6880091
0.6687101,0.2702353,-0.09166062,0.6865844
0.6632537,0.2859629,-0.09016201,0.6857044
0.6486127,0.3214463,-0.08468473,0.6846914
0.6254756,0.3700368,-0.08158562,0.6820534
0.6016191,0.4102689,-0.07701093,0.6810309
0.5614433,0.4677365,-0.07270364,0.6787622
0.5585192,0.470705,-0.07160158,0.6792396
0.552717,0.4778811,-0.07104631,0.6790333
0.5389801,0.4927734,-0.06820732,0.6797224
0.48122,0.5525649,-0.06415088,0.6774836
0.425609,0.598899,-0.06083766,0.6756299
0.3812301,0.6303227,-0.05887663,0.6737139
0.3555818,0.6443579,-0.05635375,0.6746768
0.3629676,0.6394571,-0.05647439,0.6753958
0.3784608,0.6289225,-0.05659263,0.6767727
0.4102073,0.6053665,-0.05653889,0.6797535
0.5177742,0.5112398,-0.06200193,0.6831542
0.6024332,0.3999292,-0.06686425,0.6875029
0.6295283,0.3512159,-0.0683296,0.6896902
0.665427,0.2668279,-0.07047197,0.6935729
0.6828488,0.2085353,-0.07082906,0.6965729
0.6853323,0.1988547,-0.071702,0.6968753
0.6908033,0.1734455,-0.07115421,0.6983154
0.6819127,0.2112136,-0.06916773,0.6968498
0.6732534,0.2413854,-0.06841826,0.6955445
0.6559563,0.2894131,-0.0659537,0.6939824
0.632069,0.3425835,-0.0640375,0.692116
0.5967512,0.4051543,-0.06206447,0.6898448
0.5730178,0.4409176,-0.06159756,0.6880757
0.5684425,0.4484917,-0.06268331,0.6868764
0.5795442,0.4334442,-0.06364158,0.6871712
0.5855734,0.4254368,-0.06477904,0.6869577
0.5658036,0.4532257,-0.06370896,0.6858526
0.5118787,0.5157229,-0.05975561,0.6844264
0.4259205,0.5921376,-0.0557358,0.6818051
0.3277296,0.6554863,-0.05231586,0.6783761
0.3082924,0.6677984,-0.05302717,0.6754178
0.3362135,0.6508045,-0.05275068,0.6786983
0.46982,0.5570214,-0.05867481,0.6823149
0.5613151,0.4584912,-0.06307068,0.6861
0.5517483,0.4687155,-0.06058061,0.687175
0.4182923,0.5953985,-0.0538893,0.6838334
0.3174873,0.660347,-0.05192633,0.6785626
0.2935368,0.6744384,-0.05236305,0.6754459
0.2642356,0.6841265,-0.0494506,0.6780155
0.3087626,0.6656508,-0.05212581,0.6773902
0.3100051,0.6637379,-0.05138616,0.678755
0.2579341,0.6864759,-0.04905878,0.678096
0.2512988,0.6901522,-0.04929227,0.6768374
0.2200093,0.7016559,-0.0480709,0.6759912
0.120975,0.7275884,-0.04393474,0.6738323
-0.001157027,0.7416794,-0.03854218,0.6696452
-0.1165495,0.7387372,-0.03182796,0.6630765
-0.1716966,0.7320341,-0.02741996,0.6587067
-0.1945869,0.7312071,-0.02453733,0.6533529
-0.2453325,0.7244356,-0.01719209,0.6439795
-0.2391712,0.7316673,-0.01608311,0.6381234
-0.2605838,0.7333716,-0.009999618,0.6278234
-0.2783687,0.739298,-0.001804978,0.6131445
-0.2812608,0.7512745,0.005234644,0.5970356
-0.271551,0.7655843,0.008731805,0.5831503
-0.264515,0.7765931,0.0116858,0.5716627
-0.2522576,0.7876258,0.01232386,0.5620141
-0.25887,0.7918649,0.01773401,0.5528306
-0.2968084,0.7833771,0.03290244,0.5451078
-0.290564,0.7915062,0.03523902,0.5365154
-0.2845776,0.7969649,0.03563709,0.5315943
-0.2875469,0.7960143,0.03688734,0.5313353
-0.2928017,0.7952807,0.03976153,0.5293532
-0.3115889,0.7894857,0.04821219,0.5265931
-0.3190744,0.7925212,0.05690726,0.5165881
-0.3264517,0.7954556,0.06640912,0.5062308
-0.3366451,0.7952729,0.07627139,0.498391
-0.3517551,0.790984,0.08788551,0.4928375
-0.365992,0.7847351,0.09716104,0.4907142
-0.3612188,0.7905484,0.0995505,0.4844005
-0.3547085,0.7968799,0.1004672,0.4786131
-0.3543373,0.7985573,0.1025968,0.4756315
-0.3529162,0.7977628,0.09945215,0.4786795
-0.3416323,0.8018804,0.09092957,0.4816711
-0.3488712,0.7918345,0.08594145,0.4938636
-0.3735552,0.7687117,0.08469622,0.512216
-0.3722277,0.7619343,0.07470423,0.5247111
-0.3783583,0.7497308,0.06710793,0.5387442
-0.369628,0.7487875,0.05775939,0.5471348
-0.3749034,0.738592,0.05245288,0.5578334
-0.3587279,0.7413018,0.04184847,0.565716
-0.3364393,0.7455172,0.02982746,0.5745634
-0.3312027,0.7391295,0.02222745,0.5860872
-0.2900941,0.7528228,0.0103492,0.590759
-0.2419184,0.7593513,-0.004425302,0.6040211
-0.1909105,0.7608785,-0.0170207,0.6199415
-0.09048899,0.7666343,-0.03147804,0.6348957
-0.01629492,0.7609529,-0.0385213,0.6474577
0.108769,0.7443983,-0.04684354,0.65715
0.2513357,0.7005457,-0.05386739,0.665706
0.3698932,0.6383328,-0.0584109,0.6725314
0.5056058,0.5301291,-0.06648621,0.6774257
0.5963991,0.4173575,-0.07483321,0.6815576
0.6563978,0.3005195,-0.08268848,0.6870171
0.6891371,0.1898193,-0.09048727,0.6934485
0.6989661,0.1191074,-0.09681574,0.6984888
0.6997317,0.05439526,-0.1060586,0.7043922
0.6949518,0.007714421,-0.1130069,0.7100788
0.6881311,-0.02746686,-0.1182457,0.7153594
0.6795505,-0.05198666,-0.1263475,0.7207944
0.6692182,-0.07528093,-0.1336585,0.7270592
0.6606557,-0.0904434,-0.1389979,0.7321431
0.6575711,-0.0923894,-0.1423365,0.7340332
0.6588421,-0.08062673,-0.1469837,0.7333634
0.6646048,-0.05821928,-0.1504533,0.7295717
0.6674515,-0.05317661,-0.1485806,0.7277393
0.6667565,-0.05231616,-0.1501972,0.7281069
0.6652324,-0.05707878,-0.1501698,0.729148
0.6624076,-0.05953041,-0.1532472,0.7308814
0.6582416,-0.06503975,-0.1563464,0.7335144
0.6564862,-0.06652397,-0.1579592,0.7346083
0.6531423,-0.07243571,-0.1591772,0.7367638
0.6511028,-0.07161543,-0.1621106,0.7380084
0.6504704,-0.0669876,-0.1652685,0.7383002
0.648064,-0.06791341,-0.1675604,0.7398137
0.6453784,-0.07106918,-0.1688696,0.7415653
0.642531,-0.07389411,-0.1703784,0.7434143
0.6393483,-0.07873654,-0.1710218,0.7455106
0.6354364,-0.0845862,-0.1716317,0.7480698
0.6329637,-0.08646452,-0.1728166,0.7496768
0.6277712,-0.09244081,-0.1740192,0.753044
0.6234014,-0.09937519,-0.1737898,0.7558389
0.6172159,-0.112216,-0.171648,0.7595979
0.6151348,-0.1197923,-0.1692535,0.7606657
0.6149672,-0.1303475,-0.1641555,0.7601827
0.6184117,-0.1311516,-0.1614615,0.7578234
0.6219328,-0.1313977,-0.1587867,0.7554607
0.6244406,-0.1365363,-0.1541776,0.7534328
0.6267458,-0.1492346,-0.1455464,0.750823
0.6341231,-0.15052,-0.1379688,0.7457857
0.6461509,-0.1410358,-0.1300803,0.7386994
0.6636904,-0.1130917,-0.1217401,0.729318
0.6842101,-0.06597722,-0.1082797,0.7181776
0.6992136,0.001990199,-0.09384224,0.7087241
0.6995274,0.1191372,-0.0791328,0.7001469
0.6541628,0.2970349,-0.06919652,0.6921367
0.5705969,0.4463213,-0.0630486,0.6864703
0.4318214,0.5893384,-0.0568777,0.680423
0.3029339,0.6701521,-0.05207579,0.6755852
0.2194125,0.7042057,-0.04847206,0.6735006
0.1324522,0.7294559,-0.0451925,0.6695581
0.04389707,0.7456284,-0.04139035,0.663625
-0.06031627,0.7525977,-0.03502426,0.6547763
-0.1076674,0.7569317,-0.03065385,0.6438343
-0.1490658,0.760227,-0.02498796,0.6318306
-0.1854443,0.7632447,-0.0178827,0.6186665
-0.2070045,0.7704315,-0.01066149,0.6028854
-0.2213961,0.7777439,-0.003718093,0.5882894
-0.2168018,0.7845507,-0.002460346,0.5809226
-0.2463208,0.7767767,0.004596218,0.5795885
-0.2571754,0.7784955,0.009877875,0.5724579
-0.2779717,0.7728003,0.01608299,0.5703094
-0.2818615,0.7711422,0.01695074,0.5706193
-0.297677,0.7598936,0.01776922,0.577611
-0.2765523,0.766734,0.01173009,0.5792238
-0.3041082,0.7550253,0.01785135,0.5806343
-0.3236956,0.7542616,0.02818038,0.5705406
-0.3242639,0.7641335,0.03594771,0.5564718
-0.3324527,0.7649465,0.0422596,0.550042
-0.341354,0.7618155,0.04625335,0.5486121
-0.3364202,0.7652816,0.04562427,0.5468857
-0.3353438,0.7648962,0.04463182,0.5481663
-0.3715928,0.7434399,0.05434968,0.5534096
-0.3484578,0.7597382,0.05044487,0.5466537
-0.3524651,0.7615383,0.05552231,0.5410591
-0.3543481,0.7612717,0.0568099,0.5400701
-0.3463756,0.7654114,0.05393697,0.5396852
-0.3486403,0.7632489,0.05371138,0.5413097
-0.3542966,0.757924,0.05329217,0.5451469
-0.3384441,0.7637307,0.04590933,0.5477805
-0.332679,0.7639651,0.04186636,0.5512977
-0.3220337,0.7656135,0.03592533,0.5557333
-0.3141301,0.764567,0.03017099,0.5620047
-0.3059168,0.7637398,0.02477945,0.567893
-0.3113782,0.7571053,0.02332374,0.573839
-0.2987975,0.7605258,0.01884677,0.5761644
-0.288207,0.760848,0.01383197,0.5812535
-0.2847631,0.7585797,0.01096173,0.5859579
-0.2650235,0.7621576,0.004678205,0.5906407
-0.2557897,0.7609027,0.0006726086,0.5963206
-0.2236308,0.7674891,-0.006802589,0.6007523
-0.2095315,0.7642244,-0.01175518,0.6098521
-0.189504,0.7625399,-0.01690625,0.6183327
-0.1782557,0.7602763,-0.01968649,0.6243536
-0.1533893,0.7575848,-0.02443238,0.6339873
-0.1364091,0.7545754,-0.02719426,0.6413025
-0.08938429,0.7539273,-0.03223193,0.6500501
-0.00140561,0.750597,-0.03865518,0.6596271
0.1249771,0.7319356,-0.04489244,0.668308
0.3092012,0.6660119,-0.05160342,0.676875
0.577309,0.4365164,-0.06293297,0.6871734
0.6732237,0.2426635,-0.0693194,0.6950389
0.7001729,0.1132721,-0.07299751,0.7011409
0.7031832,0.0171586,-0.077539,0.7065599
0.6978032,-0.03517655,-0.08305442,0.710588
0.6966687,-0.03489321,-0.08755952,0.711174
0.6988968,-0.0114806,-0.08960527,0.7094945
0.6999019,0.005930871,-0.09209868,0.7082513
0.7004741,0.02638581,-0.09593996,0.7067075
0.6997818,0.03882721,-0.1027813,0.705857
0.6998668,0.05416077,-0.1052882,0.7043916
0.7006257,0.09055406,-0.0979048,0.7009552
0.6903419,0.1828598,-0.08820206,0.6944139
0.6301488,0.3552479,-0.07419521,0.6864449
0.5307403,0.5003393,-0.06525998,0.6809673
0.3098351,0.6705522,-0.05447388,0.6718591
0.07518003,0.7431933,-0.04292392,0.6634526
-0.03611117,0.7507875,-0.03619879,0.6585618
-0.0754159,0.7494704,-0.03342754,0.6568785
-0.07242664,0.7498792,-0.03365258,0.6567366
-0.05347868,0.7531133,-0.0350762,0.6547748
-0.0206318,0.758105,-0.03780409,0.6507089
0.008120424,0.7616879,-0.04055517,0.6466227
0.02651749,0.7658567,-0.04287197,0.6410322
0.009023285,0.7698622,-0.04157573,0.6367907
-0.02404847,0.7715759,-0.03822654,0.6345321
0.02856001,0.769967,-0.04364577,0.6359482
0.09122259,0.7609968,-0.04928658,0.6404164
0.1636079,0.7436999,-0.05487349,0.6458575
0.1901996,0.736254,-0.05708318,0.6469122
0.1435429,0.7483231,-0.05313673,0.6454334
0.1403881,0.7490401,-0.05287432,0.6453173
0.1594071,0.7432088,-0.05392969,0.6475505
0.2543121,0.7104261,-0.0602472,0.6534449
0.3954418,0.6358783,-0.07128012,0.6589413
0.5153848,0.5353088,-0.08351794,0.6639637
0.5779715,0.4594073,-0.09143758,0.6682313
0.6321507,0.3685352,-0.09987992,0.6742339
0.6745611,0.2568318,-0.1056513,0.6839901
0.6950505,0.1513983,-0.1113015,0.6939708
0.6978095,0.04832566,-0.1146901,0.7053883
0.6867509,-0.03916016,-0.1160328,0.7165025
0.6695641,-0.1019399,-0.1181038,0.7261844
0.6489418,-0.1532609,-0.1194554,0.7356058
0.628907,-0.1852072,-0.1237147,0.7448952
0.6090823,-0.2106462,-0.1267935,0.7540361
0.5905819,-0.2299536,-0.1290253,0.762684
0.5823019,-0.2336029,-0.1317265,0.7674649
0.5834256,-0.229605,-0.1331728,0.7675682
0.5891791,-0.2238738,-0.1330282,0.7648869
0.6002921,-0.2117663,-0.1326036,0.7597504
0.6138766,-0.193543,-0.1325847,0.753736
0.6309306,-0.1655205,-0.1330048,0.7462167
0.6485108,-0.1393379,-0.1282338,0.7372752
0.6688862,-0.09297693,-0.1245161,0.7269404
0.6893427,-0.02488026,-0.1161933,0.7146235
0.6997139,0.06794575,-0.1075723,0.7030022
0.6916269,0.1780054,-0.101848,0.6925268
0.6497996,0.3230557,-0.0917924,0.6818869
0.5424799,0.4987372,-0.07921064,0.6713437
0.3788858,0.6435463,-0.0672915,0.6616385
0.1476969,0.7438786,-0.05214097,0.6497011
-0.07244799,0.7705265,-0.03336797,0.6323977
-0.1598597,0.7697197,-0.02100336,0.6176854
-0.1771551,0.7721027,-0.01694184,0.6100708
-0.1678102,0.7738648,-0.01840819,0.6104377
-0.1627996,0.7734125,-0.01949491,0.612331
-0.162641,0.774542,-0.01920321,0.6109532
-0.144241,0.7802963,-0.02157902,0.6081665
-0.1476495,0.7786481,-0.02122162,0.6094722
-0.1318183,0.7831442,-0.02332941,0.60726
-0.1277474,0.7849505,-0.02375694,0.6057796
-0.1254894,0.7846985,-0.02422689,0.6065589
-0.1222061,0.7827184,-0.02512797,0.6097429
-0.1223637,0.7784762,-0.02570989,0.6150942
-0.08264554,0.7793015,-0.03157774,0.6203722
-0.09654832,0.7722358,-0.03026114,0.6272277
-0.04829259,0.7726929,-0.03596308,0.631918
-0.04047563,0.7670661,-0.03665565,0.63924
0.05011271,0.7602886,-0.04444719,0.6461225
0.2187645,0.7214801,-0.05650356,0.6545348
0.4430038,0.5994284,-0.07402566,0.6625357
0.5783372,0.4578743,-0.09019589,0.6691352
0.6155172,0.3994972,-0.0961467,0.6725298
0.6199982,0.3893799,-0.09376493,0.6746805
0.6334887,0.3596605,-0.09027645,0.6791072
0.6707957,0.2625764,-0.08959517,0.6877933
0.6977351,0.1342404,-0.08966833,0.697929
0.6988043,0.001006961,-0.09516537,0.7089535
0.6848859,-0.08148748,-0.09774014,0.7174524
0.6641773,-0.1473731,-0.1004594,0.7259873
0.6450466,-0.1907681,-0.102226,0.7328521
0.6271155,-0.2254661,-0.1023052,0.7385288
0.6147012,-0.2442045,-0.1035193,0.7428259
0.6125785,-0.247516,-0.103557,0.7434779
0.6216618,-0.2342647,-0.1027522,0.740337
0.6309799,-0.2200414,-0.1014597,0.7369885
0.6369519,-0.2098859,-0.1007223,0.7349116
0.6496014,-0.1797949,-0.1028994,0.7315078
0.6612908,-0.1452517,-0.1065959,0.7281715
0.6731611,-0.1110152,-0.1062477,0.7233541
0.6848605,-0.07152089,-0.1035126,0.7177297
0.6962675,-0.01330847,-0.0992986,0.7107561
0.7009546,0.09580979,-0.09121776,0.7008299
0.67904,0.2320536,-0.08621511,0.6911026
0.6328001,0.3565096,-0.08348352,0.6822723
0.5817539,0.4455671,-0.08100015,0.6756267
0.5203205,0.5235114,-0.07673118,0.6703094
0.4098284,0.6208423,-0.06806734,0.6648026
0.1762379,0.7336492,-0.05299974,0.6541331
-0.06927949,0.7639906,-0.03375231,0.6406087
-0.1710328,0.7606261,-0.02082624,0.6259089
-0.175367,0.7637122,-0.01930168,0.6209812
-0.1610703,0.7658207,-0.02143754,0.6221861
-0.1167649,0.769099,-0.02779216,0.6277581
-0.06373674,0.77169,-0.03409335,0.6318781
-0.06446046,0.771203,-0.03401502,0.6324031
-0.0880025,0.7722399,-0.03119909,0.6284328
-0.1033635,0.7750344,-0.02890593,0.6227377
-0.1208182,0.7753496,-0.02628125,0.6193104
-0.1384533,0.7738389,-0.02364853,0.6176121
-0.1618073,0.7688897,-0.0204857,0.6182292
-0.1752378,0.7638137,-0.01914392,0.6208976
-0.1630903,0.7659566,-0.02094401,0.621509
-0.1636119,0.7660126,-0.02087957,0.6213049
-0.165302,0.7622198,-0.02145739,0.6254885
-0.1501086,0.7614182,-0.02415993,0.6301795
-0.1167995,0.7621747,-0.028634,0.6361035
-0.03171252,0.7647148,-0.03724818,0.6425092
0.1308916,0.7463714,-0.05027093,0.6505921
0.3041943,0.6862438,-0.06242858,0.6577523
0.4324473,0.6075519,-0.07285567,0.6622402
0.5066239,0.5420285,-0.07992534,0.6656947
0.5418786,0.5020998,-0.0821739,0.6689625
0.5800648,0.4520538,-0.08590952,0.6721546
0.607011,0.4086902,-0.0869042,0.6759865
0.63876,0.3469159,-0.08829498,0.6810573
0.6611086,0.293485,-0.09227887,0.6843146
0.6839722,0.2150442,-0.09291098,0.690873
0.693249,0.16731,-0.09393084,0.6946871
0.6966052,0.1423551,-0.09849167,0.6962584
0.700134,0.09532914,-0.1008403,0.700397
0.7001019,0.04581431,-0.1025252,0.7051575
0.6955555,-0.009836823,-0.1034701,0.7109147
0.6876153,-0.05043393,-0.1079708,0.716229
0.6816359,-0.06978595,-0.1122088,0.7196608
0.6781135,-0.07877475,-0.1149258,0.7216292
0.6789296,-0.07716689,-0.1140955,0.7211672
0.6835901,-0.06121767,-0.112387,0.7185583
0.6881413,-0.03699827,-0.1136598,0.7156634
0.6945224,-0.008118063,-0.1079312,0.7112831
0.6985902,0.02820516,-0.1057108,0.7071078
0.7001971,0.06707609,-0.1044789,0.7030711
0.6995981,0.1038634,-0.1021813,0.699524
0.6980751,0.1278705,-0.09915018,0.6975024
0.6941499,0.1614431,-0.0992806,0.6944317
0.6899011,0.1876295,-0.0979248,0.6922733
0.6811107,0.228152,-0.09579071,0.6891001
0.6711885,0.2631384,-0.09312513,0.6867255
0.6507931,0.3183818,-0.0880717,0.6836262
0.6360339,0.352895,-0.0882819,0.6805382
0.6137753,0.3950303,-0.08491859,0.6782475
0.5733765,0.4553044,-0.07759497,0.6766952
0.5285158,0.5098214,-0.07238893,0.674917
0.477592,0.5614717,-0.06872858,0.6722588
0.4519089,0.5847299,-0.06776179,0.6702819
0.4204561,0.6096823,-0.06586656,0.6687045
0.3994378,0.6246547,-0.06444961,0.6679088
0.369259,0.6442239,-0.06242967,0.6668777
0.3380577,0.6622971,-0.06037658,0.6659086
0.2748146,0.6925511,-0.05608837,0.6646082
0.2609389,0.7002363,-0.05628393,0.662127
0.3360715,0.6665385,-0.06240049,0.6624867
0.4731188,0.5786475,-0.08125715,0.6593352
0.5427177,0.5083078,-0.09070942,0.6624595
0.5413424,0.5017692,-0.08085708,0.6698046