-0.03257963,-0.03085884,-0.0236303,0.9987131
-0.2430939,-0.06479383,0.03109493,0.9673367
-0.2240047,-0.06469744,0.02659665,0.9720744
-0.2190323,-0.06458758,0.0253168,0.9732484
-0.2163907,-0.06451192,0.02463477,0.9738616
-0.2174151,-0.06454273,0.02489921,0.9736246
-0.2182091,-0.06456524,0.02510417,0.9734402
-0.2130619,-0.06439908,0.02377625,0.9746242
-0.2093121,-0.06424889,0.02280886,0.9754693
-0.1843958,-0.0626343,0.01637255,0.9807176
-0.1575701,-0.05971828,0.009404882,0.9856555
-0.1369727,-0.05666561,0.004039031,0.9889445
-0.1307363,-0.05560444,0.002405364,0.9898537
-0.09886792,-0.04920508,-0.00597658,0.9938653
-0.09553843,-0.0484442,-0.006847437,0.9942226
-0.09701326,-0.04878347,-0.006459821,0.9940658
-0.08335689,-0.04551107,-0.01007034,0.995429
-0.08113965,-0.04495257,-0.01065779,0.9956315
-0.08429134,-0.0457442,-0.009822816,0.9953421
-0.08191597,-0.04514893,-0.01045238,0.9955612
-0.07833739,-0.0442357,-0.01140157,0.9958797
-0.08837532,-0.04674734,-0.008741473,0.9949513
-0.1055772,-0.05068714,-0.004201445,0.9931096
-0.1347016,-0.056287,0.003440173,0.9892803
-0.1744705,-0.06169673,0.01379691,0.9826307
-0.2023816,-0.06387458,0.02114942,0.9769925
-0.2401641,-0.06473812,0.03079502,0.9680815
-0.1755827,-0.06180834,0.01410092,0.9824213
-0.1565111,-0.05957804,0.009131378,0.9858354
-0.1618126,-0.06025977,0.01050353,0.9849238
-0.1289718,-0.05529235,0.001993055,0.9901035
-0.08239991,-0.04527217,-0.01031979,0.995517
-0.08339171,-0.04551982,-0.01006107,0.9954258
-0.07880981,-0.04435748,-0.01127561,0.9958385
-0.06557061,-0.04081709,-0.01480102,0.9969029
-0.03856682,-0.03278758,-0.02201119,0.9984754
-0.01817387,-0.02601419,-0.02751649,0.9991176
-0.07328857,-0.0429269,-0.01265517,0.9963062
-0.1595128,-0.05996481,0.009895755,0.9853232
-0.1801946,-0.06225957,0.01526927,0.9815398
-0.1586255,-0.05985542,0.009681561,0.9854753
-0.1335528,-0.05609162,0.003135154,0.9894481
-0.1174691,-0.05313749,-0.001068032,0.9916533
-0.08495474,-0.04591013,-0.009638671,0.9952799
-0.06772665,-0.04141278,-0.01422215,0.9967426
-0.07016774,-0.04207738,-0.01357259,0.9965549
-0.0668906,-0.04118394,-0.01444097,0.9968054
-0.0559664,-0.03808512,-0.01735886,0.997555
-0.05847849,-0.0388134,-0.01668785,0.9973942
-0.1005412,-0.04958418,-0.00552456,0.9936813
-0.1871227,-0.06283043,0.01724514,0.9801734
-0.1831762,-0.06252197,0.01606914,0.9809583
-0.1074084,-0.05107901,-0.003717677,0.9928951
-0.04840173,-0.03583575,-0.01938775,0.9979966
-0.002009596,-0.02023318,-0.0318978,0.9992843
0.02996585,-0.007760693,-0.04063021,0.9986947
0.0422786,-0.00260644,-0.04401943,0.9981323
0.03358741,-0.006266006,-0.04162242,0.998549
0.01647002,-0.01318534,-0.03693853,0.9990948
0.02207343,-0.010958,-0.03847526,0.9989555
0.05301299,0.002036677,-0.04698212,0.9974859
0.09739428,0.02261392,-0.05932401,0.9932188
0.1083753,0.02805452,-0.06244773,0.99175
0.03293045,-0.006590707,-0.041357,0.9985798
-0.02041004,-0.02678558,-0.02691201,0.9990703
-0.0982743,-0.04906487,-0.006145729,0.9939301
-0.1182597,-0.05329188,-0.0008701603,0.9915513
-0.08579118,-0.04611658,-0.009418499,0.9952006
-0.0666608,-0.04111978,-0.01450598,0.9968225
-0.05745775,-0.03851837,-0.0169616,0.9974604
-0.06274574,-0.04002954,-0.0155459,0.9971053
-0.07310598,-0.04286466,-0.0127945,0.9963205
-0.05505612,-0.03781897,-0.01760202,0.9976115
-0.006524351,-0.0218682,-0.0307135,0.9992676
-0.04564879,-0.03501621,-0.0200868,0.9981416
-0.1470998,-0.05825571,0.006732663,0.9873818
-0.2347419,-0.06478515,0.02936292,0.9694519
-0.2307117,-0.0647711,0.0283396,0.9704502
-0.1762591,-0.06187362,0.01429345,0.9822933
-0.1291427,-0.05532371,0.001990494,0.9900795
-0.1104784,-0.05172431,-0.002909755,0.9925274
-0.09907103,-0.04925159,-0.005914571,0.9938431
-0.09149226,-0.04749539,-0.007918193,0.9946409
-0.09819653,-0.04905362,-0.006144492,0.9939383
-0.1038565,-0.05031387,-0.004653143,0.9933079
-0.09366001,-0.04800733,-0.007340797,0.994419
-0.06722856,-0.04127839,-0.01434457,0.9967802
-0.05187225,-0.03687779,-0.01845512,0.997802
-0.05237452,-0.03702753,-0.01831906,0.9977726
-0.05288827,-0.0371802,-0.01818062,0.9977425
-0.03295253,-0.03098279,-0.02352246,0.9986995
-0.03725132,-0.03236218,-0.02238989,0.9985307
-0.08717533,-0.04645528,-0.009058906,0.995068
-0.1284229,-0.05519417,0.001789794,0.9901808
-0.1454628,-0.05800871,0.00624474,0.987642
-0.1686976,-0.06107417,0.01230385,0.9836969
-0.1955711,-0.06349063,0.01925999,0.9784425
-0.1954206,-0.06348005,0.0192233,0.978474
-0.1762547,-0.06187716,0.01426317,0.9822943
-0.1629969,-0.06040553,0.01081641,0.9847162
-0.1496808,-0.05863141,0.007352703,0.9869671
-0.1344153,-0.05623807,0.003367506,0.9893222
-0.1164374,-0.05293321,-0.001349802,0.9917855
-0.08342383,-0.04552864,-0.01004477,0.9954229
-0.04959377,-0.03619565,-0.01906316,0.9979314
-0.0279827,-0.02934498,-0.02486876,0.9988681
-0.01506649,-0.02493014,-0.02835886,0.9991733
-0.01341658,-0.02434918,-0.02880595,0.9991983
-0.02801362,-0.02935529,-0.02486009,0.9988671
-0.05690968,-0.03835843,-0.01711115,0.9974954
-0.07082955,-0.04225581,-0.01339728,0.9965029
-0.07449164,-0.04323209,-0.01242467,0.9962066
-0.06166613,-0.03972391,-0.01583718,0.9971803
-0.02593297,-0.02866027,-0.02542233,0.9989293
-0.01417085,-0.02461505,-0.02860207,0.9991873
-0.03151143,-0.03051083,-0.0239146,0.9987513
-0.0302099,-0.03008225,-0.02426836,0.998796
-0.01090526,-0.02345914,-0.02948351,0.9992304
0.005161816,-0.01755205,-0.03384995,0.9992595
0.008950296,-0.01610828,-0.03488279,0.9992215
0.01424981,-0.01405729,-0.03632875,0.9991394
0.02373245,-0.01029534,-0.03892287,0.9989073
0.03375311,-0.006192761,-0.04167586,0.9985417
0.02098532,-0.01140081,-0.03816372,0.9989861
0.005731919,-0.01733615,-0.03400489,0.9992549
-0.01648473,-0.02542668,-0.02797368,0.9991493
-0.02916285,-0.02973532,-0.0245539,0.9988306
-0.04050378,-0.03339773,-0.02149739,0.9983897
-0.03988129,-0.03320082,-0.02166729,0.9984176
-0.01377974,-0.02447674,-0.02870954,0.9991931
-0.01726289,-0.02570574,-0.02774261,0.9991354
-0.03521783,-0.03171248,-0.02292473,0.9986133
-0.02047374,-0.02680739,-0.02689485,0.9990689
-0.02652266,-0.02885806,-0.02526147,0.9989122
-0.03954992,-0.03309672,-0.02175453,0.9984323
-0.05238882,-0.03703199,-0.01831452,0.9977719
-0.05233922,-0.03701709,-0.01832849,0.9977747
-0.0501674,-0.03636898,-0.01890674,0.9978994
-0.03213491,-0.03071422,-0.02374858,0.9987291
-0.03715093,-0.03233474,-0.02239894,0.9985353
-0.05363237,-0.03740007,-0.01798264,0.9976981
-0.06720059,-0.0412681,-0.01436347,0.9967822
-0.06670128,-0.04113141,-0.01449313,0.9968195
-0.05901564,-0.0389678,-0.01654472,0.997359
-0.05374127,-0.03743223,-0.01795355,0.9976916
-0.0393792,-0.03304159,-0.02180397,0.9984399
-0.01436671,-0.02469294,-0.0285264,0.9991848
0.003765342,-0.01807772,-0.03347316,0.999269
0.01493301,-0.01379021,-0.03651539,0.9991263
0.02703954,-0.008955003,-0.03983128,0.9988003
0.02581391,-0.009453223,-0.03949483,0.9988415
0.01356549,-0.0143243,-0.03614191,0.9991519
-0.004967435,-0.02131701,-0.03109478,0.9992767
-0.01725548,-0.02569509,-0.02776573,0.9991351
-0.02336408,-0.02779318,-0.02611561,0.9989994
-0.03494057,-0.03162526,-0.02299292,0.9986241
-0.02980409,-0.02994842,-0.02437763,0.9988095
-0.03080777,-0.03027937,-0.02410609,0.9987757
-0.04197242,-0.03385703,-0.02110674,0.9983218
-0.03400244,-0.03132243,-0.02324362,0.9986604
-0.02570366,-0.02858325,-0.02548297,0.9989359
-0.02345025,-0.02782312,-0.02609026,0.9989972
-0.01752424,-0.0257879,-0.02769455,0.9991301
-0.005483984,-0.0215059,-0.03095277,0.9992744
0.01069626,-0.01543689,-0.03535846,0.9991983
0.0115278,-0.01511565,-0.03558522,0.9991858
0.003493775,-0.018182,-0.03339462,0.9992708
0.009490616,-0.01590189,-0.03502798,0.9992148
-0.0005966936,-0.01970955,-0.03228237,0.9992843
-0.01034083,-0.02325718,-0.02963743,0.9992366
-0.01681784,-0.02554297,-0.02788338,0.9991433
-0.02296081,-0.02765634,-0.02622432,0.9990096
-0.03598117,-0.03195945,-0.02271525,0.9985829
-0.05372239,-0.03742672,-0.01795824,0.9976928
-0.06876679,-0.04169707,-0.01394529,0.9966634
-0.07170308,-0.04249056,-0.01316522,0.9964336
-0.06151321,-0.03968056,-0.01587798,0.9971908
-0.03551125,-0.0318083,-0.02284237,0.9986017
-0.01238426,-0.02398632,-0.02907979,0.9992126
-0.00171041,-0.0201211,-0.03198072,0.9992845
-0.004265092,-0.02106045,-0.03128553,0.9992795
0.009466733,-0.0159109,-0.03502194,0.999215
0.01224507,-0.01483913,-0.03577821,0.9991746
-0.002803514,-0.0205247,-0.03168186,0.9992834
-0.01157542,-0.02369756,-0.0293025,0.9992226
0.0008005527,-0.01919025,-0.03266219,0.9992819
0.003835821,-0.018053,-0.03348829,0.9992688
-0.007994474,-0.02241551,-0.03027184,0.9992583
-0.01256025,-0.02404715,-0.02903564,0.9992101
-0.01754414,-0.02579547,-0.02768756,0.9991297
-0.03193739,-0.03065192,-0.02379483,0.9987364
-0.04713399,-0.03544987,-0.01972328,0.9980645
-0.03873201,-0.0328373,-0.02197596,0.9984681
-0.03290157,-0.03096448,-0.02354159,0.9987013
-0.05970808,-0.03916981,-0.01634459,0.9973132
-0.06890628,-0.04173423,-0.01391209,0.9966527
-0.05224481,-0.03698902,-0.01835374,0.9977802
-0.0555386,-0.03795993,-0.01747409,0.9975817
-0.04840799,-0.03583958,-0.01937282,0.9979964
-0.02793951,-0.02932891,-0.02488554,0.9988693
-0.05338328,-0.0373265,-0.01804926,0.9977129
-0.07350054,-0.04296951,-0.01268947,0.9962883
-0.06127798,-0.03961417,-0.01593922,0.9972069
-0.05929529,-0.03904811,-0.01646998,0.9973404
-0.0637067,-0.04029872,-0.01529308,0.9970374
-0.0696298,-0.04193171,-0.01371599,0.9965969
-0.0873794,-0.04650605,-0.008998653,0.9950483
-0.1113318,-0.05190115,-0.002682001,0.9924234
-0.1133638,-0.05231704,-0.002151055,0.9921728
-0.1266261,-0.05487089,0.001318055,0.9904308
-0.155857,-0.05948637,0.009023777,0.9859455
-0.2056866,-0.06408273,0.02186336,0.9762727
-0.2460932,-0.06465565,0.03228475,0.9665483
-0.2466375,-0.0646423,0.03242857,0.9664056
-0.2221463,-0.06466077,0.02612025,0.9725162
-0.1959744,-0.06351689,0.01936721,0.978358
-0.1777224,-0.06202241,0.01464008,0.9820152
-0.1632165,-0.06043229,0.01087513,0.9846776
-0.1570566,-0.05965044,0.009272665,0.9857429
-0.1560509,-0.05951682,0.009011589,0.9859131
-0.1510444,-0.05882659,0.007707983,0.9867449
-0.1374597,-0.05674597,0.004162307,0.9888718
-0.1417744,-0.05743941,0.00529041,0.9882169
-0.1391882,-0.05702731,0.004614839,0.9886118
-0.145403,-0.05799918,0.006237357,0.9876513
-0.1455409,-0.05802004,0.006273452,0.9876295
-0.1424842,-0.05755072,0.005475901,0.9881073
-0.1423639,-0.05753197,0.005443839,0.988126
-0.1350234,-0.05634077,0.003526778,0.9892331
-0.1420036,-0.05747542,0.005350037,0.9881817
-0.1407399,-0.05727604,0.005020227,0.9883757
-0.1365597,-0.05659727,0.003929211,0.9890059
-0.1373863,-0.05673382,0.004144382,0.9888827
-0.1332105,-0.05603294,0.003052406,0.9894978
-0.136655,-0.05661308,0.003954653,0.9889919
-0.1413341,-0.05737007,0.005175389,0.9882846
-0.1435863,-0.05772176,0.005763421,0.9879363
-0.144587,-0.05787533,0.006024507,0.9877798
-0.1438212,-0.05775794,0.005824743,0.9878995
-0.1412438,-0.05735588,0.005152005,0.9882986
-0.1424932,-0.05755219,0.00547818,0.988106
-0.1453458,-0.05799066,0.0062224,0.9876603
-0.1456958,-0.05804344,0.00631377,0.9876052
-0.1448741,-0.05791909,0.006099411,0.9877346
-0.1449423,-0.05792942,0.006117199,0.9877238
-0.1481552,-0.05840952,0.006954961,0.9872133
-0.1495021,-0.05860554,0.007306132,0.9869961
-0.1503339,-0.05872517,0.007522856,0.9868609
-0.1510456,-0.0588268,0.007708308,0.9867447
-0.1498172,-0.05865111,0.007388525,0.9869449
-0.1517216,-0.05892229,0.00788453,0.9866339
-0.1474304,-0.05830266,0.006766144,0.9873294
-0.1499133,-0.05866491,0.007413276,0.9869293
-0.1468299,-0.05821345,0.006609491,0.9874251
-0.1500033,-0.05867791,0.007436824,0.9869146
-0.1506127,-0.0587651,0.007595493,0.9868155
-0.1492499,-0.05856915,0.007240401,0.9870368
-0.1453616,-0.05799296,0.006226505,0.9876578
-0.1465538,-0.05817227,0.006538357,0.9874691
-0.1476388,-0.05833336,0.006820487,0.987296
-0.1486339,-0.05847955,0.007079822,0.9871362
-0.1518843,-0.05894528,0.007927029,0.9866073
-0.1582457,-0.05980629,0.009582745,0.9855403
-0.1644706,-0.06058365,0.0112013,0.9844559
-0.1678726,-0.06098108,0.01208479,0.9838465
-0.1685944,-0.06106294,0.01227216,0.9837158
-0.1685798,-0.06106133,0.01226827,0.9837185
-0.1719981,-0.06143699,0.01315592,0.9830916
-0.1704835,-0.06127307,0.01276247,0.9833708
-0.1690206,-0.06111082,0.01238285,0.9836382
-0.16694,-0.06087417,0.01184247,0.9840147
-0.1661363,-0.06078071,0.01163347,0.9841591
-0.1603489,-0.060076,0.01012975,0.9851785
-0.1563033,-0.05955046,0.00907721,0.9858705
-0.1558392,-0.0594884,0.008956385,0.9859489
-0.1518654,-0.05894252,0.007922295,0.9866102
-0.1513918,-0.0588758,0.007798548,0.9866881
-0.1469557,-0.05823219,0.006643192,0.9874051
-0.1387054,-0.05694928,0.00448891,0.9886847
-0.1378744,-0.05681387,0.004271735,0.9888097
-0.133598,-0.05609913,0.003154117,0.9894415
-0.1348719,-0.05631533,0.003487583,0.9892552
-0.1306051,-0.05558143,0.002370761,0.9898724
-0.1274821,-0.05502566,0.001553506,0.9903121
-0.1287491,-0.05525303,0.001885128,0.9901349
-0.1228591,-0.05417391,0.0003414163,0.9909443
-0.1254894,-0.0546628,0.001031352,0.9905874
-0.1289332,-0.05528595,0.001932955,0.990109
-0.1360749,-0.05651685,0.003801702,0.9890778
-0.1310403,-0.05565764,0.002484747,0.9898103
-0.1312365,-0.05569187,0.002536365,0.9897823
-0.1313911,-0.05571887,0.002576772,0.9897601
-0.1329964,-0.05599632,0.002996672,0.9895288
-0.1329579,-0.05598977,0.002987058,0.9895344
-0.1297255,-0.05542649,0.002140686,0.9899974
-0.1302874,-0.05552569,0.00228785,0.9899176
-0.1291329,-0.05532135,0.001985652,0.9900809
-0.1274558,-0.05502084,0.001546544,0.9903157
-0.1276392,-0.05505402,0.001594834,0.9902902
-0.1264428,-0.0548372,0.001280945,0.9904562
-0.1305065,-0.05556408,0.00234528,0.9898864
-0.1394801,-0.05707461,0.004690937,0.9885675
-0.1374143,-0.05673843,0.004152082,0.9888785
-0.1376526,-0.05677746,0.004214032,0.988843
-0.1352002,-0.0563705,0.003573006,0.989207
-0.1372343,-0.05670875,0.004104729,0.9889054
-0.1367309,-0.05662565,0.003973489,0.9889805
-0.1314203,-0.05572392,0.002584242,0.989756
-0.1254532,-0.05465617,0.001021778,0.9905923
-0.1252638,-0.05462119,0.0009721643,0.9906183
-0.1254199,-0.05465005,0.00101284,0.9905969
-0.1308003,-0.0556157,0.002422555,0.9898446
-0.1281878,-0.0551526,0.001738167,0.9902136
-0.1235074,-0.05429545,0.000510456,0.990857
-0.1330185,-0.05600005,0.003010604,0.9895257
-0.1523066,-0.0590044,0.008036731,0.9865377
-0.1429611,-0.05762499,0.005600232,0.9880334
-0.1427769,-0.05759631,0.005553543,0.988062
-0.1529007,-0.05908734,0.0081914,0.9864395
-0.1558855,-0.05949461,0.008968345,0.9859411
-0.1598271,-0.06000979,0.009994055,0.9852687
-0.171772,-0.06141297,0.01309553,0.9831334
-0.1737923,-0.06162663,0.0136198,0.9827578
-0.1639226,-0.06051731,0.01106255,0.9845532
-0.1569028,-0.05963006,0.009233313,0.985769
-0.1647373,-0.06061542,0.0112701,0.9844087
-0.161456,-0.06021519,0.01041742,0.9849861
-0.1651791,-0.06066783,0.01138541,0.9843301
-0.1632622,-0.06043779,0.01088703,0.9846696
-0.1555348,-0.05944743,0.008877868,0.9860001
-0.1472805,-0.05828036,0.00672685,0.9873534
-0.1475736,-0.05832387,0.006803427,0.9873065
-0.1446561,-0.05788582,0.006042563,0.9877688
-0.1495209,-0.0586083,0.007310831,0.986993
-0.150436,-0.05873984,0.007549446,0.9868443
-0.1507481,-0.05878436,0.007630846,0.9867934
-0.1516178,-0.05890771,0.007857352,0.9866511
-0.1533747,-0.05915292,0.008314914,0.986361
-0.1549612,-0.05936991,0.008728122,0.9860964
-0.1611854,-0.06018128,0.01034757,0.9850332
-0.1653301,-0.06068579,0.01142441,0.9843032
-0.1666743,-0.0608433,0.01177294,0.9840626
-0.1594336,-0.05995897,0.009896928,0.9853364
-0.1506108,-0.05876498,0.007593589,0.9868158
-0.1408854,-0.05729904,0.005058393,0.9883534
-0.1349837,-0.05633407,0.003516531,0.9892389
-0.1294207,-0.05537242,0.002060276,0.9900404
-0.1210689,-0.05383494,-0.0001265127,0.9911831
-0.1184375,-0.05332727,-0.0008182772,0.9915281
-0.1146648,-0.05258005,-0.001809188,0.9920101
-0.119912,-0.05361311,-0.0004310543,0.9913357
-0.117785,-0.05319954,-0.0009907889,0.9916126
-0.1031031,-0.05014896,-0.004851724,0.9933938
-0.09356143,-0.04798379,-0.007370189,0.9944292
-0.0859193,-0.04614725,-0.009390943,0.9951885
-0.08128154,-0.04498835,-0.01062095,0.9956188
-0.08694638,-0.04639929,-0.00911953,0.9950901
-0.08647349,-0.04628357,-0.009243658,0.9951355
-0.0934741,-0.04796331,-0.007393399,0.9944382
-0.09237021,-0.04770356,-0.007684835,0.9945517
-0.0968647,-0.04874959,-0.006497301,0.9940817
-0.1093314,-0.05148493,-0.00321112,0.9926659
-0.1119521,-0.05202879,-0.002520529,0.9923475
-0.1019759,-0.04990053,-0.005150395,0.9935212
-0.1153116,-0.05270975,-0.001639205,0.9919286
-0.1206147,-0.05374811,-0.0002474864,0.9912432
-0.1285252,-0.05521306,0.001829436,0.9901663
-0.1378863,-0.05681579,0.004274755,0.9888079
-0.1421531,-0.05749897,0.005389351,0.9881586
-0.1398681,-0.05713673,0.004792647,0.9885086
-0.1445114,-0.05786365,0.006005717,0.9877915
-0.1429962,-0.05763032,0.00560961,0.988028
-0.1487793,-0.05850074,0.007117712,0.9871128
-0.1647494,-0.06061717,0.01127107,0.9844065
-0.1631956,-0.06042962,0.01086964,0.9846813
-0.1665796,-0.06083225,0.01174926,0.9840795
-0.1654788,-0.0607034,0.01146303,0.9842766
-0.1642551,-0.06055779,0.01114482,0.9844942
-0.1690069,-0.06110888,0.01238204,0.9836407
-0.171888,-0.0614254,0.01312616,0.983112
-0.180138,-0.06225275,0.0152661,0.9815508
-0.1740591,-0.06165321,0.0136974,0.9827078
-0.1495605,-0.05861403,0.007321757,0.9869866
-0.1411014,-0.0573333,0.00511404,0.9883204
-0.1427355,-0.05758994,0.005541375,0.9880684
-0.1443318,-0.05783629,0.005958247,0.9878197
-0.1439151,-0.0577723,0.00584983,0.9878849
-0.141582,-0.05740914,0.00523923,0.9882466
-0.1262574,-0.05480342,0.00123249,0.9904818
-0.1361899,-0.05653594,0.003832581,0.9890608
-0.1483209,-0.05843402,0.006994125,0.9871867
-0.1686386,-0.06106732,0.01228889,0.9837077
-0.1857946,-0.06275351,0.01673109,0.9804399
-0.1723075,-0.0614702,0.01323592,0.9830343
-0.1666278,-0.06083798,0.01176095,0.984071
-0.1702224,-0.06124438,0.01269454,0.9834187
-0.1765434,-0.06190638,0.01433443,0.9822396
-0.1783758,-0.06208549,0.01481104,0.9818901
-0.1785631,-0.06210262,0.01486473,0.9818542
-0.1708145,-0.0613093,0.0128477,0.9833099
-0.1740282,-0.06165094,0.01368221,0.9827137
-0.1668761,-0.06086665,0.0118255,0.9840263
-0.1674447,-0.06093213,0.01197344,0.9839239
-0.172206,-0.06145926,0.01320989,0.9830531
-0.1743165,-0.06168084,0.01375698,0.9826596
-0.1787852,-0.06212507,0.01491524,0.9818115
-0.1827665,-0.06249212,0.01594774,0.9810386
-0.1863343,-0.06279857,0.01687064,0.9803321
-0.187274,-0.06287557,0.01711398,0.980144
-0.1811999,-0.06235098,0.01554074,0.9813447
-0.1784769,-0.06209534,0.01483599,0.9818708
-0.1705303,-0.06127812,0.01277517,0.9833622
-0.1667089,-0.06084736,0.01178253,0.9840564
-0.1732152,-0.0615663,0.0134708,0.9828656
-0.1694946,-0.06116389,0.01250461,0.9835518
-0.1561337,-0.05952752,0.009036445,0.9858991
-0.1528248,-0.05907674,0.008171773,0.9864522
-0.1472496,-0.05827576,0.006718926,0.9873583
-0.1473456,-0.05828997,0.006745252,0.9873429
-0.1427123,-0.05758617,0.005535104,0.988072
-0.1464383,-0.05815499,0.006507395,0.9874876
-0.1447733,-0.05790365,0.006073519,0.9877505
-0.1520517,-0.05896869,0.007970749,0.9865796
-0.1561043,-0.05952378,0.009025541,0.985904
-0.1569939,-0.05964208,0.009257034,0.9857536
-0.171099,-0.06134051,0.01291919,0.9832577
-0.1795315,-0.06219413,0.01512013,0.9816678
-0.191038,-0.06316946,0.01808653,0.9793808
-0.1942818,-0.06340271,0.01892674,0.9787117
-0.2049482,-0.06404333,0.02168271,0.9764346
-0.2101682,-0.06428555,0.02302913,0.9752776
-0.2057562,-0.06408403,0.02189108,0.9762573
-0.2000222,-0.06377193,0.02041022,0.9775007
-0.2004195,-0.06379542,0.02051269,0.9774157
-0.203924,-0.0639903,0.02141861,0.9766583
-0.2149474,-0.06446519,0.02426366,0.9741936
-0.2135829,-0.06441813,0.02391065,0.9745055
-0.2181445,-0.06456333,0.02508814,0.9734553
-0.2208917,-0.06463349,0.02579588,0.9728124
-0.2085753,-0.06421673,0.02261806,0.9756336
-0.2218328,-0.06465469,0.02603767,0.9725904
-0.2255767,-0.06472287,0.02700226,0.971698
-0.2256663,-0.06472424,0.02702514,0.9716765
-0.2207186,-0.06462984,0.02575019,0.9728532
-0.2103397,-0.06429259,0.023074,0.9752391
-0.2119483,-0.06435714,0.02348871,0.9748765
-0.2049579,-0.06404334,0.02168771,0.9764325
-0.2062309,-0.06410711,0.0220146,0.9761529
-0.2041445,-0.06400195,0.02147495,0.9766103
-0.2002112,-0.06378305,0.02045945,0.9774603
-0.2078128,-0.06418204,0.0224223,0.9758031
-0.2098413,-0.06427184,0.02294465,0.9753509
-0.2181787,-0.06456462,0.02509575,0.9734473
-0.2214438,-0.06464633,0.02593729,0.9726822
-0.2225688,-0.06467006,0.02622759,0.972416
-0.2259469,-0.06472818,0.0270978,0.971609
-0.226371,-0.06473397,0.02720707,0.9715068
-0.2360568,-0.06478152,0.02970237,0.9691225
-0.2447409,-0.06468351,0.03193555,0.9669012
-0.251512,-0.06451235,0.03367985,0.9651143
-0.2520005,-0.06449715,0.0338047,0.9649835
-0.2477615,-0.06461729,0.0327138,0.9661101
-0.2499959,-0.06455779,0.03328931,0.9655186
-0.255226,-0.06438451,0.03463331,0.9641136
-0.2434865,-0.0647056,0.03161396,0.967227
-0.2250819,-0.06471514,0.02687492,0.9718168
-0.2005448,-0.06380229,0.02054686,0.9773888
-0.1695476,-0.06116945,0.01251879,0.9835421
-0.1351578,-0.05636328,0.00356196,0.9892133
-0.1011008,-0.04970803,-0.005368359,0.9936191
-0.06280354,-0.04004124,-0.01555067,0.9971011
-0.02389162,-0.02797733,-0.02595714,0.9989858
0.00609639,-0.01719784,-0.03410418,0.9992517
0.03008733,-0.007706754,-0.04067076,0.9986898
0.04350987,-0.002082064,-0.04435685,0.9980656
0.05747414,0.004005854,-0.04821529,0.997174
0.06165666,0.005874306,-0.04937465,0.9968581
0.06333392,0.0066289,-0.04983959,0.996725
0.07319647,0.01112825,-0.05257476,0.9958686
0.08031937,0.01444846,-0.05456066,0.9951699
0.07915342,0.0139013,-0.0542355,0.9952889
0.08400559,0.01618663,-0.05558789,0.9947819
0.08797451,0.01807293,-0.05669367,0.9943439
0.09029175,0.0191833,-0.0573418,0.9940781
0.08959211,0.01884756,-0.05714636,0.9941591
0.09415524,0.02104526,-0.05842145,0.993619
0.09819424,0.02300696,-0.05955013,0.9931175
0.1026324,0.02518226,-0.06079327,0.9925404
0.1030855,0.02540528,-0.06092023,0.9924801
0.1005763,0.02417197,-0.06021698,0.9928112
0.1034203,0.0255702,-0.06101394,0.9924352
0.1040593,0.02588551,-0.06119312,0.9923491
0.09965506,0.0237211,-0.05995966,0.9929305
0.1010504,0.02440377,-0.060349,0.9927493
0.1026347,0.02518157,-0.06079181,0.9925404
0.1034867,0.02560258,-0.06103214,0.9924264
0.1112446,0.02945553,-0.06320794,0.9913434
0.109792,0.02872916,-0.06279948,0.9915526
0.1146813,0.03118024,-0.06417333,0.9908369
0.1182076,0.03295959,-0.06516295,0.9903002
0.1183739,0.03304418,-0.06521019,0.9902743
0.1236045,0.03570567,-0.06668135,0.9894446
0.1220273,0.03490049,-0.06623742,0.9896989
0.1209427,0.03434826,-0.06593256,0.9898717
0.1248219,0.03632808,-0.06702359,0.989246
0.1242567,0.03603808,-0.06686378,0.9893386
0.1250091,0.03642178,-0.06707396,0.9892155
0.1229829,0.03538791,-0.06650617,0.9895453
0.1243344,0.03607867,-0.06688645,0.9893258
0.1196323,0.03368181,-0.06556331,0.9900783
0.1243466,0.03608525,-0.06689047,0.9893237
0.1283976,0.03816352,-0.06802943,0.9886504
0.1298474,0.03891166,-0.06843855,0.9884036
0.1417144,0.04509327,-0.07178619,0.986271
0.1411306,0.04478503,-0.07161977,0.9863808
0.1417729,0.04512253,-0.07180128,0.9862601
0.1463794,0.04754986,-0.07310159,0.9853773
0.1526168,0.05085494,-0.07485838,0.9841331
0.1634014,0.05664684,-0.07791695,0.9818453
0.1691245,0.05973953,-0.07953221,0.9805624
0.1716389,0.06110829,-0.08024629,0.9799829
0.1656707,0.05786916,-0.07855569,0.9813426
0.1578503,0.05366118,-0.07634698,0.9830436
0.143029,0.04577769,-0.07215025,0.9860231
0.1359469,0.04207459,-0.07015754,0.9873329
0.1359946,0.04209938,-0.07017087,0.9873242
0.1380271,0.04316007,-0.07074431,0.9869555
0.1416005,0.04503233,-0.07175292,0.9862925
0.1337787,0.04094688,-0.06954626,0.9877195
0.127997,0.03795809,-0.06791769,0.988718
0.1160771,0.03188183,-0.06456347,0.9906266
0.0973888,0.02261301,-0.05932314,0.9932194
0.08384583,0.01611067,-0.05554302,0.9947991
0.0619701,0.006016964,-0.0494643,0.9968334
0.04401965,-0.001863653,-0.04449793,0.9980374
0.02242539,-0.01082208,-0.03856244,0.9989458
0.008176784,-0.01640493,-0.03467129,0.9992307
-0.01187596,-0.02380335,-0.02922322,0.9992188
-0.01974415,-0.02655555,-0.02709467,0.9990851
-0.03150625,-0.03050895,-0.02391672,0.9987515
-0.04294702,-0.03416105,-0.02084448,0.9982756
-0.04249613,-0.0340212,-0.02096369,0.9982972
-0.05601469,-0.03809948,-0.01734493,0.9975519
-0.06227171,-0.03989494,-0.0156767,0.9971383
-0.07124073,-0.04236669,-0.01328702,0.9964704
-0.07147487,-0.04242954,-0.01322509,0.9964518
-0.07991308,-0.04464052,-0.01098231,0.9957412
-0.0954475,-0.04842326,-0.006870946,0.9942322
-0.1099189,-0.05160781,-0.003056913,0.9925951
-0.1379259,-0.05682208,0.004290082,0.9888019
-0.1699053,-0.06120998,0.01260702,0.9834768
-0.2024701,-0.06391024,0.02105126,0.976974
-0.2215582,-0.06464874,0.02596693,0.9726552
-0.2379923,-0.06477058,0.03020252,0.9686343
-0.2560621,-0.06435227,0.0348479,0.9638861
-0.2669815,-0.06381255,0.03765889,0.9608489
-0.2761867,-0.06318916,0.04002706,0.9581888
-0.2738838,-0.06335972,0.03943452,0.9588629
-0.2774751,-0.06308962,0.04035842,0.9578092
-0.2816843,-0.06274258,0.04144173,0.9565562
-0.2882439,-0.06213659,0.04313021,0.9545649
-0.2946821,-0.06146395,0.04478778,0.9525643
-0.3004829,-0.06079112,0.04628297,0.950722
-0.3092394,-0.05965558,0.04854032,0.9478692
-0.3170597,-0.05851841,0.05055828,0.9452474
-0.3246017,-0.05731079,0.05250645,0.9426517
-0.3255599,-0.05714957,0.05275407,0.9423172
-0.3167551,-0.05856431,0.05048084,0.9453508
-0.3159025,-0.05869418,0.05025955,0.9456397
-0.316704,-0.05857271,0.05046646,0.9453681
-0.3176441,-0.05842884,0.05070918,0.9450486
-0.3176317,-0.05843069,0.05070604,0.9450529
-0.3171628,-0.05850272,0.05058488,0.9452124
-0.3171525,-0.05850393,0.050583,0.9452158
-0.3208941,-0.05791823,0.05154838,0.9439361
-0.3171406,-0.05850606,0.05057935,0.9452199
-0.3160588,-0.05867049,0.05029991,0.9455869
-0.313283,-0.05908234,0.04958328,0.9465223
-0.3152153,-0.05879693,0.05008276,0.9458721
-0.3203978,-0.05799735,0.05142044,0.9441068
-0.3187276,-0.0582607,0.05098904,0.9446791
-0.3165828,-0.05859112,0.05043522,0.9454093
-0.3186722,-0.0582694,0.05097466,0.944698
-0.3205094,-0.05797961,0.05144916,0.9440684
-0.3232937,-0.05752808,0.05216858,0.9431066
-0.3249784,-0.05724714,0.05260468,0.9425203
-0.3304686,-0.05629537,0.05402363,0.9405864
-0.3330705,-0.0558235,0.05469731,0.9396573
-0.3342217,-0.05561054,0.05499532,0.9392437
-0.3340738,-0.05563761,0.05495778,0.939297
-0.3347531,-0.05551007,0.05513523,0.9390523
-0.3303472,-0.05631708,0.05399225,0.9406295
-0.3300964,-0.05636165,0.05392764,0.9407186
-0.3311007,-0.05618175,0.05418758,0.9403614
-0.3318475,-0.05604678,0.05438081,0.9400951
-0.3323193,-0.05596102,0.05450279,0.9399264
-0.3297736,-0.05641896,0.05384408,0.9408332
-0.3338384,-0.05568183,0.054896,0.9393817
-0.3311908,-0.05616568,0.0542107,0.9403294
-0.3328623,-0.05586162,0.05464357,0.939732
-0.3341803,-0.05561824,0.05498461,0.9392587
-0.3314426,-0.05612022,0.05427585,0.9402395
-0.3332407,-0.05579226,0.05474126,0.9395964
-0.330983,-0.05620296,0.05415714,0.9404033
-0.3278649,-0.05675419,0.05335035,0.9415081
-0.3276666,-0.05678847,0.05329906,0.9415779
-0.3256264,-0.05713794,0.05277202,0.9422938
-0.3245324,-0.05732223,0.0524888,0.9426758
-0.3252464,-0.05720233,0.05267331,0.9424268
-0.3218272,-0.05776784,0.0517895,0.9436143
-0.3243483,-0.05735314,0.05244112,0.94274
-0.321737,-0.05778213,0.05176674,0.9436455
-0.3195845,-0.05812632,0.05121031,0.9443858
-0.3177981,-0.05840513,0.05074883,0.9449962
-0.3145157,-0.05890085,0.04990236,0.946108
-0.3124398,-0.05920525,0.0493644,0.9468048
-0.3009578,-0.06073344,0.04640497,0.9505695
-0.2899505,-0.06196609,0.04356899,0.9540391
-0.2842569,-0.06251487,0.04210287,0.955781
-0.2745306,-0.06331193,0.03960275,0.9586743
-0.2738025,-0.0633655,0.03941362,0.9588866
-0.280165,-0.06287175,0.04105033,0.9570107
-0.2842194,-0.06251749,0.04209523,0.9557922
-0.2881411,-0.06214693,0.04310319,0.9545966
-0.294943,-0.06143498,0.04485537,0.9524822
-0.3039376,-0.06036016,0.04717385,0.9496068
-0.3144779,-0.05890814,0.0498893,0.9461208
-0.330304,-0.05632209,0.05398575,0.9406448
-0.334098,-0.05563356,0.05496328,0.9392883
-0.3322501,-0.05597355,0.05448519,0.9399512
-0.3387942,-0.05473913,0.05618,0.9375852
-0.3380722,-0.05487973,0.05599227,0.9378487
-0.3451216,-0.05346596,0.05782045,0.9352483
-0.3426814,-0.05396644,0.05718722,0.9361553
-0.3386948,-0.05475782,0.05615532,0.9376215
-0.3333226,-0.05577806,0.0547608,0.9395669
-0.3203763,-0.0580009,0.05141477,0.9441141
-0.3120559,-0.05925974,0.04926648,0.946933
-0.3064246,-0.06003699,0.04781345,0.9487957
-0.3124351,-0.05920484,0.04936519,0.9468064
-0.3251002,-0.05722712,0.05263549,0.9424778
-0.3369556,-0.05509466,0.05570327,0.9382551
-0.3461943,-0.05324213,0.05809887,0.9348472
-0.3488207,-0.0526851,0.05878036,0.9338593
-0.3531621,-0.05173344,0.05990886,0.9322077
-0.3445454,-0.05358328,0.05767403,0.935463
-0.3324702,-0.05593499,0.05453933,0.9398725
-0.323449,-0.0575015,0.0522102,0.9430527
-0.3169933,-0.05852861,0.05054115,0.9452699
-0.308406,-0.05977009,0.0483251,0.9481444
-0.3045216,-0.06028595,0.0473227,0.949417
-0.2977662,-0.06111346,0.04558396,0.9515895
-0.2973832,-0.06115842,0.04548402,0.9517111
-0.3058719,-0.06010993,0.04767097,0.9489766
-0.3050658,-0.06021505,0.04746389,0.9492397
-0.3066609,-0.0600052,0.04787516,0.9487184
-0.3050035,-0.06022312,0.04744785,0.9492601
-0.3106212,-0.05946308,0.04889698,0.9474111
-0.3191328,-0.05819764,0.05109323,0.9445406
-0.3116972,-0.05930978,0.04917631,0.9470528
-0.3214202,-0.0578335,0.0516845,0.9437547
-0.3131247,-0.05910622,0.04954103,0.9465755
-0.3218649,-0.05775816,0.05180575,0.9436011
-0.3341462,-0.05562497,0.05497525,0.939271
-0.3378241,-0.05492757,0.05592838,0.9379392
-0.3546787,-0.05139197,0.06030371,0.9316251
-0.3425336,-0.05399761,0.05714694,0.93621
-0.3350435,-0.05545628,0.05520944,0.9389474
-0.3375208,-0.0549859,0.05584979,0.9380496
-0.3228274,-0.05760619,0.05204541,0.9432684
-0.3182906,-0.05832583,0.05088162,0.9448282
-0.3113618,-0.05935898,0.04908709,0.9471647
-0.3135124,-0.05904885,0.04964257,0.9464453
-0.3033057,-0.06044116,0.04700988,0.9498118
-0.3000877,-0.06083974,0.04617959,0.9508487
-0.3102908,-0.05950856,0.0488134,0.9475208
-0.3081848,-0.05980017,0.04826819,0.9482175
-0.3168708,-0.05854711,0.05051002,0.9453115
-0.3108537,-0.05943078,0.04895618,0.9473338
-0.3113447,-0.05936104,0.04908322,0.9471703
-0.3084798,-0.05976001,0.0483442,0.9481202
-0.3101699,-0.05952561,0.04878195,0.947561
-0.3038675,-0.06036975,0.04715453,0.9496296
-0.3069898,-0.05996131,0.04795992,0.9486105
-0.3062695,-0.0600571,0.0477742,0.9488466
-0.3064646,-0.06003122,0.04782454,0.9487826
-0.3078309,-0.05984784,0.04817756,0.948334
-0.3093917,-0.05963474,0.04857934,0.9478188
-0.3074636,-0.05989767,0.04808214,0.9484549
-0.3094016,-0.05963361,0.04858158,0.9478156
-0.31486,-0.0588461,0.04999804,0.9459918
-0.3189891,-0.05821997,0.05105639,0.9445897
-0.3159991,-0.05867951,0.05028452,0.945607
-0.3164556,-0.0586106,0.05040201,0.9454525
-0.3118264,-0.05928946,0.0492132,0.9470096
-0.3075952,-0.05988023,0.04811585,0.9484115
-0.3072562,-0.05992556,0.04802871,0.9485229
-0.2819078,-0.06272359,0.041499,0.9564892
-0.2660453,-0.06386871,0.03741466,0.9611143
-0.2561581,-0.06434738,0.03487566,0.96386
-0.2557264,-0.06436484,0.03476331,0.9639775
-0.2547628,-0.06440126,0.0345157,0.9642391
-0.2523007,-0.06448513,0.03388795,0.9649029
-0.2398073,-0.06475578,0.03066675,0.9681728
-0.237324,-0.06477591,0.03002768,0.9688032
-0.2372613,-0.06477595,0.0300124,0.968819
-0.2400823,-0.06475279,0.03073797,0.9681027
-0.2346916,-0.06478572,0.02934835,0.9694644
-0.2206982,-0.06462929,0.02574521,0.9728579
-0.210586,-0.06430319,0.02313563,0.9751837
-0.1984919,-0.06367725,0.02002356,0.9778268
-0.1846631,-0.06265809,0.01643621,0.9806648
-0.1950759,-0.06345724,0.01913199,0.9785461
-0.1911069,-0.06317402,0.01810721,0.9793667
-0.1813961,-0.06236899,0.01559141,0.9813065
-0.1822218,-0.06244368,0.01580582,0.9811454
-0.1881157,-0.06294335,0.01733179,0.9799746
-0.1909363,-0.0631614,0.01806227,0.9794017
-0.184356,-0.06263144,0.01635823,0.9807256
-0.185068,-0.06269234,0.01654285,0.9805844
-0.1895164,-0.06305338,0.01769423,0.9796911
-0.1889354,-0.06300806,0.01754413,0.9798089
-0.1905075,-0.06312926,0.0179506,0.9794893
-0.1849467,-0.06268197,0.01651158,0.9806085
-0.1907052,-0.06314418,0.01800175,0.9794489
-0.1895419,-0.06305541,0.01770092,0.979686
-0.1873699,-0.06288387,0.01713653,0.9801248
-0.2022537,-0.06389987,0.02098763,0.9770209
-0.1815543,-0.06238329,0.01563297,0.9812757
-0.1723713,-0.0614766,0.0132543,0.9830224
-0.187698,-0.06291002,0.017223,0.9800588
-0.1976908,-0.06362883,0.01980799,0.9779966
-0.2055309,-0.06407282,0.02183284,0.9763069
-0.2063703,-0.06411399,0.02205022,0.9761222
-0.2001483,-0.06377944,0.02044257,0.9774738
-0.1978014,-0.06363596,0.01983558,0.9779732
-0.1878008,-0.06291815,0.01725027,0.980038
-0.1899538,-0.0630871,0.01780755,0.9796022
-0.1857812,-0.06275248,0.0167275,0.9804426
-0.1853189,-0.06271356,0.01660781,0.9805346
-0.1886282,-0.06298407,0.01746438,0.9798712
-0.1963307,-0.06354112,0.019456,0.9782833
-0.203177,-0.0639505,0.02122597,0.9768208
-0.2034727,-0.06396648,0.02130159,0.9767566
-0.2056874,-0.06408063,0.02187328,0.9762725
-0.2126391,-0.0643835,0.02366691,0.9747201
-0.2132322,-0.06440529,0.02382036,0.9745853
-0.2137717,-0.06442484,0.02395943,0.9744624
-0.2132411,-0.06440568,0.02382249,0.9745833
-0.2106129,-0.06430358,0.02314557,0.9751777
-0.2219162,-0.06465638,0.02605966,0.9725707
-0.2281909,-0.06475569,0.0276758,0.9710662
-0.2291469,-0.06476468,0.02792211,0.9708335
-0.2418416,-0.0647314,0.03118941,0.9676517
-0.2424599,-0.06472202,0.03134975,0.9674924
-0.2466069,-0.06464431,0.03241702,0.9664137
-0.2373249,-0.06477582,0.03002791,0.9688031
-0.2564588,-0.06433726,0.03494804,0.9637781
-0.2571374,-0.06430836,0.0351258,0.9635927
-0.2666954,-0.06382912,0.03758604,0.9609301
-0.2758184,-0.06321716,0.0399323,0.958297
-0.2844397,-0.06249544,0.04215585,0.9557255
-0.2995174,-0.06090877,0.04603139,0.9510314
-0.297171,-0.06118424,0.04542688,0.9517785
-0.3129573,-0.05912958,0.04949939,0.9466316
-0.3390637,-0.05468772,0.05624757,0.9374866
-0.337382,-0.05500272,0.05583079,0.9380996
-0.3435521,-0.05378217,0.0574249,0.9358321
-0.3477658,-0.05291037,0.05850685,0.9342572
-0.3569477,-0.05087364,0.06089297,0.9307483
-0.3615161,-0.04979704,0.06208278,0.9289629
-0.3634203,-0.04933593,0.06257918,0.9282109
-0.3639075,-0.0492168,0.06270616,0.9280178
-0.3576337,-0.05071451,0.06107169,0.9304818
-0.3517448,-0.05204875,0.05953956,0.9327495
-0.3616486,-0.04976205,0.0621223,0.9289106
-0.3571515,-0.05082617,0.06094651,0.9306691
-0.362746,-0.04950011,0.06240339,0.9284778
-0.3575393,-0.0507364,0.06104735,0.9305185
-0.3588354,-0.05043364,0.06138485,0.9300137
-0.3569834,-0.05086511,0.06090269,0.9307343
-0.3568329,-0.05089957,0.060864,0.9307926
-0.3591991,-0.05034814,0.06147947,0.9298716
-0.3607251,-0.04998628,0.06187699,0.9292739
-0.364536,-0.04906249,0.06287,0.9277681
-0.3616532,-0.04976371,0.06211918,0.9289088
-0.3585942,-0.05049247,0.06131846,0.930108
-0.3431484,-0.05386644,0.05731683,0.935982
-0.3430042,-0.05390084,0.05727118,0.9360358
-0.3349281,-0.05547857,0.05517836,0.9389892
-0.3428686,-0.05393028,0.05723274,0.9360859
-0.3296486,-0.05643922,0.0538151,0.9408775
-0.3082695,-0.05978871,0.04828998,0.9481895
-0.30997,-0.0595547,0.04872812,0.9476272
-0.301726,-0.06063649,0.04660773,0.9503223
-0.2999607,-0.06085419,0.04614839,0.9508895
-0.3002986,-0.06081361,0.04623514,0.9507812
-0.2929473,-0.06165183,0.04434334,0.9531078
-0.2959098,-0.06132423,0.04510966,0.9521774
-0.2871165,-0.06224688,0.04283904,0.9549106
-0.2806068,-0.06283449,0.04116447,0.9568789
-0.281403,-0.06276673,0.04136954,0.9566406
-0.2777057,-0.06307139,0.04041781,0.9577411
-0.2763196,-0.06317943,0.0400605,0.9581498
-0.2674407,-0.0637852,0.03777684,0.9607184
-0.2660963,-0.06386371,0.03743266,0.9610999
-0.2564024,-0.06433831,0.03493674,0.9637935
-0.258852,-0.06423644,0.03556226,0.9631224
-0.2353821,-0.0647839,0.02952777,0.9692917
-0.2440451,-0.06469636,0.03175669,0.9670821
-0.2320907,-0.06478145,0.02868318,0.9701105
-0.2162981,-0.06450927,0.02461032,0.973883
-0.2009483,-0.06382617,0.02064946,0.9773022
-0.198272,-0.06366543,0.01995791,0.9778735
-0.2022076,-0.06389754,0.02097484,0.9770308
-0.1950747,-0.06345651,0.01913467,0.9785464
-0.1949495,-0.06344865,0.0190993,0.9785725
-0.1957022,-0.06349934,0.01929457,0.9784152
-0.1936905,-0.06336144,0.01877473,0.9788345
-0.1961595,-0.06352979,0.0194119,0.9783193
-0.1920231,-0.06324208,0.01834268,0.9791788
-0.1922859,-0.06326107,0.01841103,0.9791248
-0.1943802,-0.06340973,0.01895142,0.9786912
-0.2020541,-0.06388849,0.02093721,0.977064
-0.1968346,-0.0635739,0.01958661,0.9781773
-0.1959774,-0.06351773,0.019365,0.9783576
-0.1971153,-0.06359205,0.01965909,0.9781181
-0.2012026,-0.06384091,0.0207153,0.9772475
-0.1975619,-0.06362071,0.01977452,0.9780238
-0.200333,-0.06378999,0.02049206,0.9774342
-0.2077493,-0.06417929,0.0224048,0.9758173
-0.2089158,-0.06423181,0.02270635,0.9755577
-0.213929,-0.06443033,0.02399999,0.9744265
-0.2173157,-0.06453982,0.02487369,0.9736477
-0.2163292,-0.06450978,0.02462043,0.9738758
-0.2189079,-0.06458461,0.02528319,0.9732774
-0.2262403,-0.06473232,0.02717335,0.9715384
-0.2382786,-0.06477145,0.03026751,0.9685617
-0.2580572,-0.06425475,0.03540109,0.9633403
-0.2843251,-0.06250978,0.04211776,0.9557604
-0.2849195,-0.06245366,0.04227442,0.9555801
-0.298669,-0.0610093,0.0458132,0.9513022
-0.3053899,-0.06017331,0.04754665,0.9491341
-0.3248861,-0.05726095,0.05258389,0.9425525
-0.3131128,-0.05910707,0.04953948,0.9465794
-0.3084073,-0.05976995,0.04832542,0.9481441
-0.3094523,-0.05962591,0.04859592,0.9477988
-0.3101807,-0.05952498,0.04878304,0.9475574
-0.30811,-0.05981041,0.04824886,0.9482421
-0.3159338,-0.0586898,0.05026691,0.9456292
-0.3110878,-0.05939703,0.04901777,0.9472558
-0.306748,-0.05999372,0.04789745,0.9486898
-0.309617,-0.05960353,0.04863755,0.9477443
-0.3120541,-0.05925995,0.04926614,0.9469336
-0.3138438,-0.05899974,0.04972909,0.9463341
-0.3160027,-0.05867912,0.05028512,0.9456059
-0.3111234,-0.05939247,0.0490261,0.947244
-0.3128368,-0.05914713,0.04946822,0.9466719
-0.3170396,-0.05852127,0.05055363,0.9452542
-0.3139999,-0.05897694,0.04976923,0.9462816
-0.3166827,-0.05857602,0.05046093,0.9453754
-0.3202782,-0.05801654,0.0513894,0.9441478
-0.3221175,-0.05772057,0.05186465,0.943514
-0.3204099,-0.05799543,0.05142365,0.9441025
-0.3205515,-0.05797285,0.05146012,0.9440539
-0.3242219,-0.05737433,0.05240821,0.942784
-0.3194073,-0.05815352,0.05116596,0.9444465
-0.3213206,-0.0578493,0.05165926,0.9437891
-0.3154431,-0.05876315,0.05014092,0.9457951
-0.3137285,-0.05901617,0.04970019,0.9463727
-0.310665,-0.05945588,0.04891015,0.9473965
-0.3152826,-0.05878728,0.05009914,0.9458493
-0.3196247,-0.05812004,0.05122066,0.9443721
-0.3225929,-0.05764319,0.05198733,0.9433496
-0.3253585,-0.05718226,0.05270447,0.9423875
-0.3279895,-0.05673257,0.05338249,0.9414641
-0.3263634,-0.05701288,0.05296205,0.9420358
-0.3337206,-0.05570396,0.05486494,0.939424
-0.3368283,-0.05511875,0.05567056,0.9383014
-0.3326699,-0.05589639,0.05459471,0.9398009
-0.3267701,-0.05694312,0.05306726,0.9418932
-0.328696,-0.05660904,0.05356543,0.9412148
-0.3291048,-0.05653701,0.05367132,0.9410701
-0.3243209,-0.05735765,0.05243406,0.9427496
-0.3284212,-0.0566573,0.0534942,0.9413117
-0.3262332,-0.05703504,0.05292842,0.9420815
-0.3252827,-0.05719639,0.05268254,0.9424141
-0.3227149,-0.05762305,0.05201924,0.9433073
-0.3210403,-0.05789467,0.05158632,0.9438856
-0.3147626,-0.05886409,0.04996625,0.9460248
-0.318401,-0.05831157,0.05090483,0.9447905
-0.3057064,-0.06013135,0.04762905,0.9490308
-0.318076,-0.0583621,0.05082069,0.9449015
-0.3092356,-0.05965172,0.04854807,0.9478703
-0.2940718,-0.06153288,0.04462689,0.9527559
-0.2884009,-0.0621204,0.04317196,0.9545168
-0.2786207,-0.06299832,0.04065336,0.9574701
-0.2795928,-0.06291819,0.04090566,0.9571813
-0.2657115,-0.06388627,0.03733245,0.9612087
-0.2658465,-0.06387898,0.03736631,0.9611706
-0.2756915,-0.06322676,0.0398996,0.9583343
-0.2829311,-0.06263375,0.04176246,0.9561814
-0.296614,-0.06124561,0.0452884,0.9519548
-0.3138936,-0.05899369,0.04973979,0.9463173
-0.3328234,-0.05586885,0.05463331,0.939746
-0.3474587,-0.05297682,0.05842507,0.9343727
-0.3503494,-0.05235423,0.05917766,0.9332804
-0.3568939,-0.05088538,0.06088001,0.930769
-0.354439,-0.05144665,0.06024081,0.9317174
-0.3450393,-0.05348298,0.05779908,0.935279
-0.3338133,-0.05568524,0.05489158,0.9393906
-0.3313195,-0.05614547,0.05423865,0.9402836
-0.3090567,-0.05968095,0.04849304,0.9479297
-0.3048524,-0.06024265,0.04740904,0.9493094
-0.3052664,-0.06018911,0.04751509,0.9491744
-0.3125739,-0.05918575,0.04939942,0.9467599
-0.335224,-0.05542312,0.05525485,0.9388823
-0.3426078,-0.053979,0.0571721,0.9361823
-0.3651432,-0.04890918,0.0630334,0.9275263
-0.375552,-0.04622978,0.06574164,0.9233102
-0.3954515,-0.04046943,0.07097013,0.9148462
-0.3754866,-0.04622666,0.06575544,0.9233359
-0.349271,-0.05259582,0.05888521,0.9336894
-0.3663092,-0.04862386,0.06333054,0.9270613
-0.3425592,-0.05399118,0.05715571,0.9362005
-0.3125107,-0.05919832,0.04937661,0.9467811
-0.3068152,-0.05998562,0.04791307,0.9486678
-0.297619,-0.06112998,0.04554719,0.9516363
-0.2967402,-0.06123242,0.04531828,0.951915
-0.3122661,-0.0592296,0.04932065,0.9468628
-0.3240738,-0.05739889,0.05237001,0.9428355
-0.3309693,-0.05620609,0.05415247,0.9404082
-0.3415162,-0.05420116,0.05688526,0.9365858
-0.33134,-0.05613919,0.05424855,0.9402761
-0.3279933,-0.05673195,0.05338334,0.9414627
-0.32094,-0.05791106,0.05155996,0.9439202
-0.3313589,-0.0561353,0.05425428,0.9402694
-0.342108,-0.05408329,0.05703699,0.9363675
-0.3490183,-0.05263996,0.05883603,0.9337845
-0.3616529,-0.04976404,0.06211869,0.928909
-0.3581342,-0.05059772,0.06120226,0.9302871
-0.3539858,-0.0515446,0.06012971,0.9318914
-0.3393414,-0.05463494,0.05631705,0.9373851
-0.3296788,-0.05643446,0.05382194,0.9408668
-0.3204829,-0.05798388,0.05144231,0.9440775
-0.3289893,-0.05655747,0.05364138,0.9411109
-0.3275513,-0.05680721,0.05327155,0.9416184
-0.3345692,-0.05554598,0.05508497,0.9391185
-0.3386513,-0.05476712,0.05614269,0.9376373
-0.3298724,-0.05640212,0.0538686,0.9407982
-0.3345246,-0.05555261,0.05507634,0.9391346
-0.3373263,-0.05502363,0.05579908,0.9381204
-0.3321159,-0.05599822,0.05445013,0.9399992
-0.3362679,-0.05522514,0.05552619,0.9385046
-0.3274794,-0.05682128,0.05325008,0.9416438
-0.3308043,-0.05623479,0.05411144,0.940467
-0.3301728,-0.05634796,0.05394745,0.9406915
-0.3086246,-0.05973661,0.04838884,0.9480723
-0.2875857,-0.06220803,0.04294537,0.9547672
-0.2599648,-0.0641785,0.03586663,0.9628152
-0.2306463,-0.06477565,0.02830826,0.9704664
-0.194623,-0.06342814,0.01900675,0.9786406
-0.1683672,-0.06103588,0.01222539,0.9837569
-0.1626769,-0.06036675,0.0107315,0.9847726
-0.182319,-0.0624523,0.01583104,0.9811263
-0.1802711,-0.06226528,0.01530031,0.981525
-0.1863551,-0.06280003,0.01687732,0.980328
-0.1782539,-0.06207355,0.0147805,0.9819134
-0.1906501,-0.06314014,0.01798747,0.9794602
-0.1926372,-0.06328665,0.01850135,0.9790522
-0.186901,-0.06284497,0.01701862,0.9802188
-0.1825418,-0.06247229,0.01588858,0.9810827
-0.1852395,-0.06270685,0.01658739,0.9805504
-0.1980307,-0.06365032,0.0198961,0.9779246
-0.218729,-0.06458036,0.02523564,0.9733191
-0.2509312,-0.06452802,0.03353675,0.9652693
-0.2776585,-0.06307507,0.04040576,0.957755
-0.2897594,-0.06198596,0.04351884,0.9540982
-0.2922846,-0.06172325,0.04417088,0.9533146
-0.3001619,-0.06083042,0.04619946,0.9508249
-0.3112403,-0.05937587,0.04905636,0.9472051
-0.3303819,-0.05631198,0.05399931,0.9406172
-0.340087,-0.054486,0.05651399,0.9371116
-0.3507398,-0.05226812,0.05928057,0.933132
-0.3471972,-0.05303092,0.05835927,0.9344709
-0.3331436,-0.0558112,0.05471417,0.9396312
-0.329821,-0.05641036,0.05385679,0.9408163
-0.3258837,-0.05709455,0.05283801,0.9422039
-0.3239648,-0.05741689,0.05234203,0.9428735
-0.3200285,-0.05805613,0.05132499,0.9442336
-0.3134215,-0.05906157,0.04962004,0.9464759
-0.3105132,-0.05947847,0.0488686,0.9474469
-0.3126283,-0.05917731,0.04941444,0.9467416
-0.3119405,-0.05927637,0.04923666,0.9469716
-0.3165757,-0.05859034,0.0504368,0.9454116
-0.323303,-0.05752698,0.0521702,0.9431035
-0.3164971,-0.05860425,0.05041299,0.9454383
-0.3270982,-0.05688741,0.05315086,0.9417779
-0.3388478,-0.05472554,0.05619914,0.9375654
-0.3397053,-0.05456047,0.05641644,0.9372516
-0.3339381,-0.05566327,0.05492185,0.9393458
-0.3351015,-0.05544541,0.05522435,0.9389266
-0.3364594,-0.05518822,0.05557656,0.9384351
-0.3213277,-0.05784743,0.05166249,0.9437867
-0.3226544,-0.05763312,0.05200331,0.9433283
-0.3104773,-0.05948357,0.0488591,0.9474589
-0.2880549,-0.06215043,0.0430918,0.9546229
-0.2662691,-0.06385505,0.03747363,0.961051
-0.2496681,-0.06456724,0.03320457,0.9656057
-0.2390829,-0.0647631,0.03047935,0.9683574
-0.2425902,-0.06471926,0.03138587,0.9674588
-0.242387,-0.0647236,0.03132965,0.9675112
-0.2555632,-0.06437117,0.03472128,0.9640219
-0.2721012,-0.06348576,0.0389743,0.9593808
-0.2688978,-0.06369585,0.03815112,0.9603028
-0.2586024,-0.0642434,0.03550886,0.9631909
-0.2619287,-0.06408904,0.03635886,0.9622703
-0.267873,-0.06375923,0.03788765,0.9605953
-0.2613049,-0.06411931,0.03619992,0.9624438
-0.2543494,-0.06441682,0.03440858,0.9643511
-0.2604851,-0.06415937,0.03598757,0.9626713
-0.2502093,-0.06455222,0.03334282,0.9654619
-0.2504754,-0.06454409,0.03341222,0.965391
-0.2531101,-0.06446037,0.03409005,0.9646855
-0.2608288,-0.06414302,0.03607591,0.962576
-0.2711079,-0.06355285,0.03871917,0.9596677
-0.2719468,-0.06349556,0.0389363,0.9594255
-0.2758091,-0.06321785,0.03992987,0.9582998
-0.2764475,-0.06316932,0.0400941,0.9581122
-0.2844263,-0.0624991,0.04214736,0.9557297
-0.2883147,-0.0621298,0.04314813,0.9545432
-0.2901558,-0.06194562,0.04362087,0.9539756
-0.3038127,-0.06037658,0.04714078,0.9496475
-0.3241866,-0.05738226,0.05239539,0.9427964
-0.3261693,-0.05704636,0.05291118,0.9421039
-0.3201348,-0.05803872,0.05135342,0.9441971
-0.3135214,-0.05904753,0.04964492,0.9464424
-0.3115569,-0.05933048,0.0491388,0.9470994
-0.3002759,-0.06081574,0.04623031,0.9507884
-0.2910519,-0.06185262,0.04385328,0.953698
-0.2862478,-0.0623295,0.04261641,0.9551759
-0.2841189,-0.06252703,0.04206836,0.9558228
-0.285718,-0.06237976,0.04247925,0.9553373
-0.2781542,-0.06303508,0.04053493,0.9576083
-0.2791083,-0.06295878,0.04077883,0.9573254
-0.2904134,-0.0619189,0.04368802,0.953896
-0.2841674,-0.06252272,0.04208055,0.955808
-0.2870383,-0.06225382,0.04282032,0.9549345
-0.28999,-0.06196178,0.04357979,0.9540269
-0.2922741,-0.06172436,0.04416831,0.9533179
-0.298536,-0.06102417,0.0457808,0.9513445
-0.3044343,-0.06029669,0.04730134,0.9494455
-0.3025946,-0.06053066,0.04682688,0.950042
-0.3072022,-0.05993207,0.04801621,0.9485406
-0.3215859,-0.05780565,0.05172934,0.9436976
-0.3203763,-0.05800014,0.05141605,0.944114
-0.3186688,-0.05826987,0.05097383,0.9446992
-0.3184713,-0.05830061,0.05092312,0.9447666
-0.3131883,-0.05909756,0.04955617,0.9465541
-0.299457,-0.06091791,0.04601147,0.9510507
-0.2634819,-0.06400895,0.03675841,0.9618363
-0.23452,-0.06478597,0.02930451,0.9695073
-0.2221958,-0.06466373,0.02612678,0.9725045
-0.2350242,-0.06478409,0.0294378,0.9693813
-0.2492226,-0.06457938,0.03309001,0.9657239
-0.2651758,-0.06391742,0.03719233,0.96136
-0.2711835,-0.06354766,0.03873906,0.959646
-0.2797116,-0.06290887,0.04093501,0.9571458
-0.2854484,-0.06240456,0.04241063,0.9554195
-0.2831934,-0.06261044,0.04182966,0.9561024
-0.2778748,-0.0630551,0.04046809,0.957691
-0.2703945,-0.06359996,0.03853586,0.9598733