0.03257963,-0.03085882,0.02363029,0.9987131
0.1129656,-0.05222899,0.002308222,0.9922225
0.1188304,-0.05340382,0.0007130438,0.9914771
0.1237668,-0.05434402,-0.0005838601,0.990822
0.1175162,-0.05314683,0.001060158,0.9916472
0.1085928,-0.0513299,0.00340278,0.9927545
0.09545688,-0.04842514,0.00687094,0.9942312
0.08858008,-0.04679683,0.008687912,0.9949313
0.09966362,-0.04938494,0.005758682,0.9937782
0.08972854,-0.04707429,0.008380926,0.9948179
0.06669004,-0.04112901,0.01449268,0.9968204
0.04943882,-0.03614484,0.01911838,0.9979398
0.01145992,-0.02365646,0.02933371,0.9992239
-0.02205034,-0.01096983,0.03846524,0.9989564
-0.04999708,0.0007161262,0.04614573,0.9976825
-0.07062919,0.009957159,0.05187651,0.996103
-0.1067604,0.02722181,0.06195012,0.9919795
-0.1346025,0.04138309,0.06978762,0.9875724
-0.1312946,0.03966153,0.06884862,0.9881542
-0.1152051,0.03145108,0.0643296,0.9907575
-0.07673039,0.01276958,0.05356093,0.9955304
-0.003510369,-0.01817062,0.03340253,0.9992706
0.06224574,-0.0398869,0.01567567,0.9971402
0.1094161,-0.05150201,0.003199792,0.9926558
0.1548109,-0.05934965,-0.008688885,0.9861215
0.1637972,-0.06050231,-0.011028,0.9845752
0.1643301,-0.06056621,-0.01116465,0.9844809
0.1283357,-0.05517901,-0.001789781,0.9901929
0.1059627,-0.05076994,0.004098289,0.9930647
0.07409606,-0.04312698,0.01252663,0.9962394
0.01457285,-0.02476289,0.02846547,0.9991818
-0.06695439,0.008233126,0.05079138,0.9964284
-0.1094028,0.02853573,0.06269111,0.9916081
-0.1346926,0.04142554,0.06980822,0.9875569
-0.1400144,0.04421003,0.07131545,0.9865878
-0.1623268,0.05605338,0.0775984,0.9820827
-0.1956394,0.07430471,0.08704753,0.9739747
-0.171766,0.06118665,0.08029097,0.979952
-0.1848555,0.06832286,0.08397122,0.9767852
-0.1868865,0.06946065,0.08456409,0.9762672
-0.1809849,0.06621649,0.08289398,0.9777467
-0.193271,0.07299054,0.08637495,0.9746066
-0.2014579,0.07754212,0.08870023,0.9723858
-0.1902648,0.07132664,0.08552247,0.9753962
-0.1734492,0.06209429,0.08075899,0.97956
-0.1486586,0.04875063,0.07373931,0.9849297
-0.1159388,0.03181901,0.06453291,0.9906469
-0.07911067,0.01387947,0.05422208,0.9952933
-0.03718651,-0.004760287,0.04261727,0.9983878
0.02250026,-0.02748764,0.02637753,0.9990208
0.06687769,-0.04119026,0.01439389,0.9968067
0.0840356,-0.04567642,0.00991224,0.995366
0.04105496,-0.03357003,0.02135223,0.9983645
-0.002380558,-0.01859728,0.03309859,0.9992762
-0.0419308,-0.002747612,0.04393258,0.9981503
-0.09597002,0.0219133,0.0589119,0.9933977
-0.1463987,0.04756004,0.07310707,0.9853734
-0.1830447,0.06736125,0.08349061,0.977234
-0.1928521,0.07276108,0.08625847,0.9747171
-0.1924386,0.07253069,0.08614001,0.9748265
-0.1916783,0.07211017,0.08592465,0.9750264
-0.2023248,0.07801576,0.08893822,0.9721462
-0.2074439,0.08087316,0.09039151,0.9706987
-0.2152078,0.08520791,0.09258585,0.9684281
-0.2226996,0.08941672,0.09471537,0.9661462
-0.2097855,0.0821771,0.0910519,0.970024
-0.1813051,0.06638041,0.08297338,0.9776695
-0.1664245,0.05828137,0.07877323,0.9811733
-0.1563814,0.05287099,0.07592827,0.9833537
-0.1446689,0.04664678,0.07261883,0.9857087
-0.1259742,0.03691201,0.06734049,0.9890568
-0.1084974,0.0280864,0.06243907,0.9917362
-0.09355543,0.02075508,0.05825352,0.9936917
-0.07454686,0.01175702,0.052956,0.995741
-0.05322214,0.002128202,0.04704036,0.9974718
-0.02089232,-0.01141359,0.03819385,0.9989867
0.05898811,-0.03895996,0.0165518,0.9973608
0.07078154,-0.0422525,0.01335904,0.996507
-0.008479723,-0.01630332,0.0347278,0.9992278
-0.0721705,0.01064247,0.05227363,0.9959647
-0.08958247,0.01884298,0.05714367,0.9941602
-0.1031816,0.0254491,0.06094303,0.9924676
-0.1211957,0.03447973,0.06600689,0.9898311
-0.1114974,0.02957629,0.06327224,0.9913074
-0.1049612,0.02633088,0.06144576,0.9922268
-0.1109278,0.02928615,0.06310607,0.9913904
-0.1477774,0.04827728,0.07348452,0.9851046
-0.1441071,0.04634665,0.0724562,0.9858171
-0.1190611,0.03339246,0.06540338,0.9901676
-0.1294603,0.03871454,0.06833249,0.9884695
-0.117167,0.03242842,0.06486557,0.9904609
-0.08869241,0.01841225,0.05688915,0.9942626
-0.07020206,0.009752238,0.05174578,0.9961421
-0.05109615,0.001199023,0.04645489,0.9976119
-0.0342752,-0.005977624,0.04181611,0.9985193
-0.009836041,-0.01577006,0.03512027,0.9992102
0.009790457,-0.02306042,0.02978623,0.9992422
0.007198565,-0.02213097,0.03048112,0.9992644
-0.01346758,-0.01436069,0.03611875,0.9991536
-0.02383773,-0.01025255,0.03895232,0.998904
-0.03591456,-0.005293199,0.04226733,0.9984466
-0.05400028,0.002471429,0.04725676,0.9974189
-0.06292775,0.006448711,0.04973119,0.9967574
-0.0785311,0.01360947,0.05406115,0.9953517
-0.1020382,0.02488999,0.06062686,0.9926193
-0.1265472,0.03721313,0.06750996,0.9889607
-0.1388751,0.04360573,0.07098612,0.9867995
-0.1389946,0.04366622,0.07101769,0.9867777
-0.1458397,0.04726457,0.07294919,0.9854822
-0.1417602,0.04510983,0.07179118,0.9862633
-0.1290049,0.03847945,0.06820384,0.9885471
-0.1317659,0.03990649,0.0689825,0.9880722
-0.1143506,0.0310134,0.06407988,0.9908864
-0.1167297,0.03221009,0.06474549,0.9905275
-0.115959,0.03181607,0.06452352,0.9906452
-0.08146318,0.01497643,0.05486595,0.9950523
-0.0758988,0.01238267,0.05332954,0.9956113
-0.1086851,0.02818013,0.06249234,0.9917096
-0.1419996,0.04522598,0.07184922,0.9862192
-0.1634905,0.05669469,0.0779421,0.9818256
-0.1593241,0.05444885,0.07676055,0.9827304
-0.1855334,0.06872633,0.08419122,0.9766094
-0.1861587,0.06906268,0.08436078,0.9764521
-0.1942895,0.07355458,0.08666342,0.9743361
-0.1916629,0.07210163,0.08592031,0.9750305
-0.1917091,0.07211809,0.08592516,0.9750198
-0.1716585,0.06112172,0.08025443,0.9799779
-0.1718346,0.06122205,0.08030856,0.9799364
-0.1973473,0.07525279,0.08753167,0.973514
-0.1763901,0.06366745,0.08156089,0.9788671
-0.1494335,0.04918019,0.07397678,0.9847733
-0.1593108,0.0544595,0.07677518,0.9827308
-0.1196602,0.03369632,0.06557176,0.9900739
-0.09041709,0.01924333,0.05737662,0.9940636
-0.1144181,0.03105003,0.06410228,0.9908761
-0.1202071,0.03398312,0.06573548,0.9899869
-0.1494881,0.04919647,0.07397972,0.9847639
-0.1545745,0.05190424,0.07541679,0.9837302
-0.1519377,0.05049954,0.07467282,0.9842707
-0.1640587,0.05699739,0.0780988,0.981701
-0.1761377,0.06356174,0.08152061,0.9789228
-0.1754581,0.06318815,0.08132588,0.9790853
-0.1643672,0.05716645,0.07818852,0.9816323
-0.1562736,0.05281292,0.07589749,0.9833763
-0.1491164,0.04899923,0.07387478,0.9848379
-0.1452455,0.04695206,0.07278268,0.9855972
-0.1381432,0.04321463,0.07077081,0.9869348
-0.1157648,0.03172201,0.06447282,0.9906743
-0.1179603,0.03283475,0.06509405,0.9903383
-0.1306885,0.03934789,0.0686775,0.9882589
-0.1329217,0.04049912,0.06930134,0.9878709
-0.1395403,0.04395173,0.0711714,0.9866769
-0.1393633,0.04385866,0.0711211,0.9867098
-0.1570739,0.05324542,0.07612773,0.9832076
-0.1607166,0.0551968,0.07715391,0.9824311
-0.1621102,0.05594867,0.07754976,0.9821283
-0.1534121,0.05128427,0.07508872,0.9839697
-0.1618435,0.05580478,0.07747406,0.9821865
-0.1639453,0.05693766,0.07806821,0.9817258
-0.1625377,0.05617822,0.07766979,0.9820352
-0.1585927,0.05405626,0.07655369,0.9828864
-0.1509136,0.04995476,0.07438351,0.9844779
-0.1555368,0.05241556,0.07568598,0.9835307
-0.1633722,0.0566325,0.07791014,0.9818515
-0.1452909,0.04697486,0.07279422,0.9855886
-0.139097,0.04371732,0.07104396,0.9867591
-0.1510102,0.05000575,0.07441065,0.9844584
-0.1480263,0.04842204,0.07356755,0.985054
-0.1592814,0.054426,0.07674851,0.9827396
-0.1735289,0.06214007,0.08078384,0.9795409
-0.1721238,0.0613719,0.08038329,0.9798701
-0.1766996,0.06386704,0.081678,0.9787885
-0.1823898,0.06698806,0.08329209,0.9773991
-0.1759421,0.06345546,0.08146559,0.9789694
-0.1771619,0.06412177,0.08181066,0.9786773
-0.1764941,0.06375919,0.08162399,0.9788372
-0.190724,0.07158224,0.08565412,0.9752762
-0.1864086,0.06919757,0.08442896,0.9763889
-0.1789047,0.06507687,0.08230544,0.9782555
-0.1790167,0.06513844,0.08233739,0.9782283
-0.1888023,0.07052042,0.08510943,0.975775
-0.1996072,0.07650675,0.08817073,0.9728975
-0.1743567,0.06257445,0.08100183,0.9793482
-0.1657824,0.05793529,0.07859278,0.9813169
-0.1826367,0.06712374,0.08336202,0.9773377
-0.1905692,0.07149755,0.08561113,0.9753165
-0.1928968,0.07278388,0.08626942,0.9747056
-0.1935661,0.07315876,0.08646296,0.9745275
-0.1769969,0.0640315,0.08176403,0.9787168
-0.170775,0.06064023,0.08000358,0.9801827
-0.1632652,0.05656215,0.07786771,0.9818767
-0.1371002,0.04267027,0.07047671,0.9871251
-0.1293314,0.03864529,0.0682932,0.9884918
-0.1339663,0.04104367,0.06959849,0.9876865
-0.147939,0.04837107,0.07353806,0.9850718
-0.1586163,0.05406953,0.07656109,0.9828814
-0.1538259,0.05150503,0.07520571,0.9838846
-0.149651,0.04928295,0.07402583,0.9847314
-0.1422043,0.04535092,0.07192487,0.9861785
-0.1254914,0.03666838,0.06720918,0.9891362
-0.1084489,0.02806066,0.06242361,0.9917433
-0.1173424,0.03252285,0.06492117,0.9904333
-0.1123703,0.03001153,0.06351553,0.9911801
-0.07816337,0.01343022,0.05394897,0.9953892
-0.06211143,0.006078543,0.04950071,0.9968224
-0.0528887,0.001980999,0.04694598,0.9974943
-0.04514761,-0.001377895,0.04481218,0.9979737
-0.03869095,-0.004127793,0.04303034,0.9983158
-0.02865143,-0.00829797,0.04027196,0.9987434
-0.002453072,-0.01857154,0.03311485,0.999276
0.03635922,-0.03208678,0.02259736,0.9985679
0.08759193,-0.04655784,0.008944517,0.9950277
0.1325036,-0.05591153,-0.002867806,0.9896001
0.1417089,-0.05742894,-0.005273744,0.9882271
0.1092305,-0.05146483,0.00322054,0.992678
0.07176411,-0.04250856,0.01314141,0.9964287
0.06317611,-0.04014987,0.01543453,0.9970751
0.05728733,-0.0384699,0.01700321,0.9974713
0.04545236,-0.03493519,0.02017394,0.9981516
0.0415377,-0.03372116,0.02122327,0.9983422
0.03281969,-0.03093705,0.0235657,0.9987043
0.03174993,-0.03058783,0.0238537,0.9987429
0.02364245,-0.02788816,0.02603856,0.9989922
0.01014647,-0.02318848,0.02968811,0.9992387
0.003448567,-0.02076135,0.0315073,0.9992819
0.0004414314,-0.01965205,0.0323245,0.9992841
-0.005365743,-0.01747515,0.03390473,0.9992579
-0.01010405,-0.01566499,0.03519738,0.9992065
-0.01724773,-0.01288054,0.03714811,0.9990779
-0.02366944,-0.01032049,0.03890596,0.9989092
-0.02414746,-0.01012806,0.03903653,0.9988946
-0.02621328,-0.009291987,0.03960255,0.9988284
-0.02643793,-0.009200568,0.03966475,0.9988208
-0.02645537,-0.009193989,0.03966858,0.9988202
-0.02293121,-0.0106176,0.0387035,0.9989311
-0.02494404,-0.009806032,0.03925531,0.9988697
-0.02179134,-0.01107476,0.03839146,0.9989638
-0.02200276,-0.01099096,0.03844767,0.9989579
-0.02502099,-0.009775897,0.03927471,0.9988673
-0.02551448,-0.009575539,0.03941086,0.9988514
-0.02585163,-0.009438525,0.03950402,0.9988404
-0.02976231,-0.007842516,0.04057717,0.9987023
-0.03250811,-0.006712188,0.0413285,0.998594
-0.03616608,-0.005187837,0.04233683,0.9984351
-0.03331427,-0.006376548,0.04155245,0.9985604
-0.03280933,-0.00658587,0.04141377,0.9985815
-0.0276507,-0.008707439,0.0399962,0.9987792
-0.02711002,-0.008927246,0.03984895,0.998798
-0.02881372,-0.008231657,0.04031651,0.9987375
-0.02285005,-0.01065026,0.03868117,0.9989336
-0.01402274,-0.01414629,0.03626596,0.9991436
-0.006704207,-0.0169666,0.03427021,0.9992461
0.0009244287,-0.01983097,0.03219327,0.9992845
0.009358517,-0.02290533,0.02990401,0.9992465
0.01231826,-0.02396138,0.02910116,0.9992133
0.01579963,-0.02518766,0.02815859,0.9991612
0.01663452,-0.02547923,0.02793277,0.9991466
0.0218004,-0.02726157,0.02653632,0.9990382
0.01928646,-0.02639889,0.02721564,0.9990948
0.02040847,-0.02678443,0.02691401,0.9990705
0.008075436,-0.02244416,0.03025133,0.9992576
0.01211568,-0.02388949,0.02915605,0.9992159
0.02293776,-0.0276501,0.02622593,0.9990103
0.02608777,-0.02871197,0.02538001,0.9989249
0.03226961,-0.0307577,0.02371372,0.9987243
0.04106041,-0.03357168,0.02135098,0.9983642
0.04199773,-0.03386542,0.02109839,0.9983207
0.04199605,-0.03386472,0.02109947,0.9983207
0.04050651,-0.03339778,0.02149947,0.9983895
0.04584354,-0.0350556,0.02006795,0.9981318
0.04474973,-0.03471949,0.02036017,0.9981871
0.03879627,-0.0328574,0.02195968,0.9984654
0.02810794,-0.02938666,0.02483476,0.9988641
0.02347175,-0.02783003,0.02608535,0.9989966
0.02485503,-0.02829792,0.0257113,0.9989597
0.02268485,-0.02756285,0.02629787,0.9990166
0.01182471,-0.02378617,0.02923488,0.9992195
0.002317372,-0.02034486,0.03181591,0.999284
-0.004321029,-0.01787145,0.03361718,0.9992657
-0.01063563,-0.01546001,0.03534243,0.999199
-0.01322341,-0.01445749,0.03604844,0.9991579
-0.01510605,-0.01372246,0.0365626,0.9991229
-0.01384663,-0.01421459,0.03621868,0.9991468
-0.0174444,-0.01280309,0.03720166,0.9990735
-0.01776633,-0.01267576,0.03728995,0.9990661
-0.0206678,-0.01152381,0.03808383,0.9989944
-0.02297239,-0.01060105,0.03871484,0.9989299
-0.02319814,-0.0105101,0.03877704,0.9989233
-0.02805379,-0.008542286,0.04010797,0.9987649
-0.02506217,-0.009758435,0.0392874,0.9988659
-0.02110507,-0.01134902,0.03820388,0.9989826
-0.01535951,-0.01362334,0.03663146,0.9991179
-0.01099157,-0.01532289,0.03543911,0.999194
-0.01488473,-0.01380901,0.03650244,0.9991273
-0.01273746,-0.01464674,0.03591501,0.9991664
-0.01163372,-0.01507458,0.03561434,0.9991842
-0.01167739,-0.01505769,0.03562625,0.9991834
-0.01211592,-0.0148877,0.03574602,0.9991765
-0.01001331,-0.01570017,0.03517211,0.9992077
-0.002813878,-0.01843754,0.03320951,0.9992744
-0.003973425,-0.01800107,0.03352591,0.9992678
0.002670607,-0.02047532,0.03171913,0.9992835
0.003103471,-0.02063465,0.0316011,0.9992827
-6.973563E-05,-0.0194625,0.03246297,0.9992834
-0.0007569531,-0.01920642,0.03265046,0.999282
0.0002040016,-0.01956384,0.03238914,0.9992839
-0.001700745,-0.01885498,0.03290556,0.9992791
-0.003657149,-0.01812006,0.03344003,0.9992698
-0.008120834,-0.01642631,0.03465603,0.9992313
-0.02588643,-0.009422676,0.0395169,0.9988391
-0.02310294,-0.01054887,0.03875007,0.9989261
-0.0197451,-0.01189131,0.03783135,0.9990183
-0.01956284,-0.01196379,0.03778138,0.9990229
-0.03319403,-0.00642547,0.04152129,0.9985653
-0.01814208,-0.01253045,0.03738628,0.9990576
-0.01042951,-0.01553889,0.03528758,0.9992019
-0.02032165,-0.01166183,0.03798909,0.9990034
-0.02782411,-0.008635676,0.04004562,0.998773
-0.03175892,-0.007020815,0.04112452,0.9986244
-0.03839691,-0.004251244,0.04295024,0.9983301
-0.04272871,-0.002414601,0.0441434,0.9981081
-0.05183494,0.001519861,0.04665587,0.9975641
-0.0640572,0.006955998,0.05004088,0.9966666
-0.07848637,0.01358769,0.05404772,0.9953563
-0.08737439,0.01778727,0.05652725,0.9944113
-0.1009389,0.02435133,0.06032042,0.9927637
-0.1011293,0.02444259,0.06037122,0.9927391
-0.09255024,0.0202694,0.05797219,0.9938122
-0.09015341,0.01911672,0.05730311,0.9940943
-0.0891693,0.01864505,0.05702826,0.9942077
-0.08986834,0.01898087,0.05722466,0.9941272
-0.08074281,0.01464519,0.05467567,0.9951265
-0.07977225,0.0141913,0.05440781,0.995226
-0.08520392,0.01675456,0.05592203,0.9946519
-0.08389921,0.016136,0.05555807,0.9947934
-0.08181669,0.01515405,0.0549797,0.9950144
-0.06643949,0.008034684,0.05070107,0.996469
-0.06645919,0.00804361,0.05070648,0.9964674
-0.06761431,0.008569276,0.0510272,0.996369
-0.06885457,0.009135448,0.05137165,0.9962614
-0.07327964,0.01116891,0.05260107,0.9958606
-0.07336816,0.01120924,0.05262475,0.9958524
-0.06885605,0.009136412,0.05137234,0.9962611
-0.07313272,0.0111012,0.05256029,0.9958744
-0.06761527,0.008569723,0.05102742,0.9963689
-0.0591205,0.004739899,0.04867294,0.9970523
-0.05351608,0.002257565,0.04712143,0.997452
-0.04011607,-0.003526505,0.04342113,0.9982449
-0.03609244,-0.005218749,0.04231629,0.9984384
-0.03266598,-0.006647953,0.04136967,0.9985876
-0.01935549,-0.01204383,0.03772911,0.9990279
-0.03076215,-0.007431497,0.0408512,0.998664
-0.05387716,0.002416426,0.04722106,0.9974275
-0.05589901,0.003305568,0.04777598,0.9972873
-0.04042565,-0.003386621,0.04352079,0.9982285
-0.06591214,0.007777903,0.05052856,0.9965149
-0.0759761,0.01241864,0.05335105,0.9956039
-0.07965899,0.0141381,0.0543761,0.9952376
-0.08612623,0.01719231,0.05617845,0.9945505
-0.08919887,0.01866188,0.05703999,0.9942041
-0.1064368,0.02706127,0.06185945,0.9920244
-0.1079939,0.02783406,0.06229563,0.9918073
-0.1093138,0.02849117,0.06266594,0.9916208
-0.1111712,0.02941849,0.063187,0.9913542
-0.108077,0.02787576,0.06231929,0.9917957
-0.1078201,0.02774789,0.06224715,0.9918317
-0.1067473,0.02721539,0.06194655,0.9919813
-0.1035973,0.02565865,0.06106503,0.9924113
-0.1158457,0.03176627,0.06449985,0.9906616
-0.1014413,0.02459811,0.06046146,0.9926978
-0.09975466,0.0237699,0.05998741,0.9929177
-0.1032463,0.0254845,0.06096516,0.9924585
-0.1040322,0.02587209,0.06118548,0.9923528
-0.09382464,0.0208857,0.05832931,0.9936591
-0.09956163,0.02367602,0.05993403,0.9929425
-0.104927,0.02631343,0.06143546,0.9922316
-0.1058163,0.02675393,0.06168542,0.9921098
-0.1071225,0.02740151,0.06205156,0.9919292
-0.106361,0.02702378,0.06183814,0.9920348
-0.1090383,0.02835455,0.06258947,0.9916599
-0.1015974,0.02467323,0.0605034,0.9926775
-0.1104267,0.02904584,0.06297743,0.9914616
-0.1163527,0.0320234,0.06464371,0.9905845
-0.1228581,0.03532271,0.0664693,0.9895656
-0.1276364,0.03777243,0.06781588,0.9887787
-0.1260037,0.03693378,0.06735621,0.989051
-0.1276611,0.03778506,0.06782282,0.9887745
-0.1286065,0.0382722,0.06808949,0.988615
-0.1351089,0.04163828,0.0699212,0.9874831
-0.1335483,0.04082732,0.0694814,0.9877602
-0.1348809,0.04151982,0.06985714,0.9875239
-0.1403129,0.04435566,0.07138861,0.9865336
-0.138223,0.0432622,0.07079943,0.9869195
-0.1244182,0.03612237,0.06691109,0.989312
-0.1181113,0.03291176,0.0651371,0.990315
-0.1132617,0.03046582,0.06377374,0.9910482
-0.1135512,0.03061149,0.06385542,0.9910053
-0.1078977,0.02778697,0.06226943,0.9918208
-0.1001849,0.02397963,0.06010689,0.992862
-0.0876326,0.01790954,0.05659807,0.9943824
-0.0815512,0.01502738,0.05490337,0.9950423
-0.07987893,0.01424142,0.05443743,0.9952151
-0.07382782,0.01142205,0.05275314,0.9958092
-0.06559949,0.007653066,0.05046745,0.9965395
-0.06114205,0.00564331,0.04923205,0.9968982
-0.05415316,0.00253801,0.04729779,0.9974086
-0.06304966,0.006499718,0.04975923,0.996748
-0.0598142,0.005047892,0.04886248,0.9970001
-0.06174266,0.005912914,0.04939849,0.9968513
-0.077935,0.01333431,0.05390022,0.995411
-0.09359723,0.02076678,0.05825445,0.9936874
-0.1153668,0.0315236,0.06436372,0.990734
-0.1167128,0.03220397,0.06474344,0.9905298
-0.1150355,0.03135803,0.06427228,0.9907838
-0.1148548,0.03126723,0.06422172,0.9908109
-0.1186942,0.03320589,0.06529957,0.9902248
-0.1227803,0.03528446,0.06644922,0.9895779
-0.1274255,0.03766293,0.0677553,0.9888142
-0.1367303,0.04248282,0.07037846,0.9871914
-0.1369584,0.04260194,0.07044281,0.9871501
-0.1327578,0.04041725,0.06925855,0.9878993
-0.1342274,0.04117924,0.06967194,0.9876402
-0.1360921,0.04214925,0.0701975,0.9873068
-0.1321294,0.04009171,0.06908153,0.9880092
-0.1310146,0.03951459,0.06876729,0.9882028
-0.1205235,0.0341361,0.06581573,0.989938
-0.1177535,0.03273018,0.06503608,0.9903703
-0.1126303,0.03015028,0.06359786,0.9911411
-0.1010158,0.02438778,0.0603406,0.9927538
-0.09737472,0.0226081,0.05932166,0.993221
-0.09814129,0.02298401,0.05953903,0.9931239
-0.08289455,0.01565728,0.05527293,0.9949012
-0.0967701,0.02231366,0.05915238,0.9932968
-0.1057715,0.02673245,0.0616738,0.992116
-0.1046864,0.0261948,0.06136863,0.9922643
-0.09903745,0.02341888,0.05978642,0.9930099
-0.09628873,0.02207965,0.05901776,0.9933568
-0.09543262,0.021664,0.05877836,0.9934628
-0.09725251,0.02254766,0.05928623,0.9932365
-0.09748172,0.02266008,0.05935142,0.9932076
-0.09314628,0.02055733,0.05813918,0.9937409
-0.085745,0.01701211,0.05607346,0.9945925
-0.07849677,0.01359315,0.05405145,0.9953551
-0.06451716,0.007161868,0.05016572,0.9966291
-0.06171297,0.005899542,0.04939023,0.9968537
-0.06621834,0.007934378,0.05063991,0.9964877
-0.0674113,0.008476611,0.05097048,0.9963863
-0.06537691,0.007552875,0.05040694,0.9965581
-0.05382702,0.002394289,0.04720724,0.9974309
-0.05667112,0.003650388,0.0479942,0.997232
-0.05413858,0.002531051,0.04729278,0.9974097
-0.04603233,-0.0009986763,0.04505423,0.9979229
-0.05162119,0.001426936,0.04659743,0.997578
-0.03412326,-0.006038875,0.04177737,0.9985258
-0.02533442,-0.009648821,0.03936093,0.9988573
-0.02257084,-0.01075967,0.03861006,0.9989415
-0.001067254,-0.01909074,0.03273491,0.9992812
0.01380515,-0.02448635,0.0287004,0.9991928
0.008410383,-0.02256455,0.03016107,0.9992549
0.002665531,-0.02047385,0.03171949,0.9992836
-0.003250626,-0.01827312,0.0333291,0.9992721
-0.002380062,-0.01859973,0.03309249,0.9992763
-0.006978615,-0.01686347,0.03434209,0.9992435
-0.01658084,-0.01314343,0.03696561,0.9990925
-0.01616049,-0.01330869,0.03685085,0.9991015
-0.002940475,-0.01838924,0.03324558,0.9992738
0.001555012,-0.02006393,0.03202233,0.9992846
-0.0007944858,-0.01919245,0.03266072,0.9992819
-0.004555704,-0.01778131,0.03368446,0.9992639
-0.0184059,-0.01242178,0.03746696,0.9990511
-0.02049186,-0.01159411,0.03803531,0.9989989
-0.0270886,-0.008936063,0.03984294,0.9987987
-0.02358883,-0.01035298,0.03888379,0.9989116
-0.01495783,-0.01377986,0.03652339,0.9991257
-0.0009781322,-0.01912659,0.03270493,0.9992816
0.01758146,-0.02580841,0.02767755,0.999129
0.03412572,-0.03136114,0.02321424,0.9986556
0.05164525,-0.0368098,0.01851672,0.9978151
0.06836583,-0.04158831,0.01404963,0.996694
0.09419338,-0.04813205,0.007199789,0.9943637
0.1145733,-0.05256163,0.001833193,0.9920216
0.1246142,-0.05450135,-0.0008032382,0.990707
0.1382495,-0.05687501,-0.0043704,0.9887533
0.1377174,-0.05678807,-0.004231369,0.9888332
0.1396735,-0.05710539,-0.004741981,0.9885382
0.1453476,-0.0579909,-0.006222949,0.9876601
0.1481065,-0.0584023,-0.006941838,0.9872211
0.1530745,-0.05911135,-0.008237598,0.9864107
0.1554094,-0.0594305,-0.008844725,0.9860211
0.1570923,-0.05965504,-0.009282414,0.9857368
0.1527673,-0.05906832,-0.008162579,0.9864615
0.1420566,-0.05748385,-0.005363367,0.9881735
0.1474495,-0.05830539,-0.006771069,0.9873264
0.1542613,-0.05927479,-0.008545809,0.9862134
0.1486576,-0.05848306,-0.007084675,0.9871325
0.1582582,-0.05980759,-0.009588851,0.9855381
0.1547103,-0.05933601,-0.00866268,0.9861383
0.1671724,-0.06090095,-0.01190221,0.9839729
0.1749372,-0.0617445,-0.01391809,0.9825431
0.1784733,-0.0620951,-0.01483458,0.9818714
0.1795324,-0.06219595,-0.01510916,0.9816677
0.1793672,-0.06218028,-0.01506638,0.9816996
0.1819926,-0.06242286,-0.01574666,0.9811901
0.1828518,-0.06249984,-0.01596903,0.9810219
0.1828261,-0.06249759,-0.01596244,0.981027
0.1844553,-0.06263978,-0.01638516,0.9807059
0.1846473,-0.06265582,-0.01643664,0.9806679
0.1697906,-0.0611965,-0.01258388,0.9834977
0.1726736,-0.06150895,-0.01333084,0.9829663
0.1729332,-0.0615365,-0.01339816,0.982918
0.1721935,-0.0614579,-0.01320623,0.9830554
0.1732659,-0.06157153,-0.01348444,0.982856
0.1737658,-0.06162368,-0.01361413,0.9827628
0.1732075,-0.06156539,-0.01346908,0.982867
0.1819803,-0.06242125,-0.01574666,0.9811925
0.1879621,-0.06293114,-0.01729133,0.9800056
0.1822143,-0.06244291,-0.0158039,0.9811468
0.1849646,-0.0626834,-0.01651636,0.9806049
0.185328,-0.06271444,-0.01660932,0.9805328
0.1704886,-0.06127298,-0.01276725,0.9833698
0.173127,-0.06155685,-0.01344843,0.9828819
0.1705476,-0.06127965,-0.01278183,0.983359
0.1619757,-0.06027986,-0.01055105,0.9848953
0.1563752,-0.05955998,-0.009096123,0.9858584
0.143775,-0.05775068,-0.005812694,0.9879068
0.1399379,-0.05714784,-0.004815149,0.988498
0.1264074,-0.05483069,-0.00126871,0.9904611
0.1352845,-0.05638458,-0.0035972,0.9891946
0.1456387,-0.05803484,-0.006298867,0.9876141
0.1394347,-0.05706707,-0.004680264,0.9885744
0.1343239,-0.05622251,-0.003343278,0.9893356
0.130787,-0.05561336,-0.00241898,0.9898465
0.126938,-0.05492716,-0.001410764,0.9903877
0.1180458,-0.05325071,0.0009202743,0.9915789
0.1112789,-0.05188995,0.002700595,0.99243
0.1049238,-0.05054592,0.004371974,0.9931852
0.09238673,-0.04770738,0.007680328,0.99455
0.08561876,-0.04607313,0.009470683,0.995217
0.06610691,-0.04096773,0.01464909,0.9968636
0.04159999,-0.03374042,0.02120697,0.9983393
0.01656053,-0.02545345,0.02795282,0.999148
-0.007436977,-0.01669012,0.03446451,0.9992388
-0.02847399,-0.00836583,0.04023209,0.9987495
-0.04694954,-0.0006053997,0.04530345,0.9978692
-0.06642126,0.008026398,0.050696,0.9964706
-0.0756084,0.0122452,0.05324505,0.9956397
-0.09912249,0.02345469,0.05980334,0.9929996
-0.109373,0.02852238,0.06268466,0.9916121
-0.1147025,0.03119041,0.06417868,0.9908338
-0.1202537,0.03399805,0.065739,0.9899806
-0.1201072,0.03392418,0.06569833,0.9900035
-0.1274764,0.03768821,0.06776857,0.9888057
-0.1272195,0.0375581,0.06769851,0.9888486
-0.1226625,0.03522237,0.06641386,0.9895971
-0.1315474,0.03979157,0.06891906,0.9881104
-0.1376145,0.0429436,0.07062714,0.9870309
-0.1319892,0.04001895,0.06904195,0.9880336
-0.1248207,0.0363276,0.06702346,0.9892462
-0.1221233,0.03494975,0.06626482,0.9896835
-0.118734,0.0332265,0.06531134,0.9902185
-0.1118596,0.0297632,0.0633806,0.991254
-0.1116484,0.02965263,0.06331538,0.9912853
-0.09965975,0.02372556,0.05996364,0.9929297
-0.09448145,0.0212024,0.05851176,0.9935794
-0.1016712,0.02470949,0.06052415,0.9926677
-0.0965165,0.02218994,0.05908104,0.9933286
-0.09747956,0.02265744,0.05934901,0.993208
-0.08790707,0.01804179,0.05667635,0.9943514
-0.07866155,0.01367102,0.05409853,0.9953385
-0.08633416,0.01729,0.05623481,0.9945276
-0.1000176,0.02389952,0.06006231,0.9928836
-0.1118003,0.02973265,0.06336284,0.9912627
-0.1200289,0.03388369,0.06567542,0.990016
-0.1255973,0.03672571,0.06724219,0.9891183
-0.1280134,0.03796597,0.06792172,0.9887152
-0.1281632,0.03804407,0.06796487,0.9886898
-0.1197917,0.03376314,0.06560875,0.9900532
-0.1291742,0.03856528,0.06825008,0.9885184
-0.1262413,0.03705445,0.06742184,0.9890119
-0.1222517,0.0350153,0.066301,0.9896629
-0.1165564,0.03212502,0.06469948,0.9905536
-0.0978433,0.02283962,0.05945667,0.9931616
-0.1032275,0.0254744,0.06095903,0.9924611
-0.1017568,0.02475164,0.06054823,0.9926564
-0.09222798,0.02011443,0.05788257,0.9938506
-0.08403958,0.01620149,0.05559558,0.9947783
-0.09160487,0.01977428,0.05765685,0.9939282
-0.1135432,0.03061311,0.0638599,0.9910058
-0.1021029,0.02492167,0.06064503,0.9926108
-0.09417463,0.0210551,0.05842733,0.9936166
-0.09465727,0.02128817,0.05856163,0.9935579
-0.09679681,0.02232663,0.05915976,0.9932935
-0.09867066,0.02324004,0.0596841,0.9930568
-0.102121,0.02493022,0.06064963,0.9926084
-0.1002107,0.02399292,0.06011485,0.9928587
-0.1075622,0.02761935,0.06217436,0.991868
-0.1095085,0.02858847,0.06272086,0.9915931
-0.1058303,0.02676016,0.06168849,0.992108
-0.1036154,0.02566572,0.0610678,0.9924091
-0.1051284,0.02641341,0.06149267,0.9922041
-0.1069864,0.0273339,0.06201348,0.9919482
-0.1069245,0.02730156,0.06199417,0.9919569
-0.1002608,0.02401893,0.06013065,0.992852
-0.09384556,0.02089388,0.05833282,0.9936568
-0.09029837,0.01918633,0.05734359,0.9940774
-0.08656022,0.01739888,0.05629944,0.9945024
-0.08044141,0.01450564,0.05459452,0.9951574
-0.08213933,0.01530436,0.055067,0.9949807
-0.08191809,0.01520016,0.05500567,0.9950039
-0.08448635,0.01641363,0.05572108,0.9947301
-0.08066174,0.01460923,0.05465593,0.9951346
-0.08507827,0.01669486,0.05588665,0.9946656
-0.07966914,0.01414304,0.05437911,0.9952366
-0.08172989,0.01511143,0.05495314,0.9950237
-0.07655603,0.01268813,0.05351197,0.9955474
-0.07377084,0.0113966,0.05273842,0.9958145
-0.08177091,0.0151309,0.05496464,0.9950193
-0.08345922,0.01592778,0.05543525,0.9948406
-0.07834283,0.01352587,0.05401542,0.9953702
-0.05600483,0.003346978,0.04779732,0.9972801
-0.04981979,0.0006409215,0.0460998,0.9976935
-0.05184873,0.001525964,0.04665955,0.9975632
-0.04843111,3.780262E-05,0.04571627,0.9977797
-0.05033104,0.0008638586,0.04624147,0.9976612
-0.04396515,-0.001886133,0.04448422,0.9980404
-0.02457762,-0.009954091,0.03915489,0.9988813
-0.007371456,-0.01671245,0.03445175,0.9992394
0.005889967,-0.02165104,0.0308491,0.9992722
0.03059346,-0.03020847,0.02416503,0.9987831
0.06029475,-0.03933183,0.01621157,0.9972737
0.05670983,-0.03830243,0.01715692,0.9975081
0.0386125,-0.03280011,0.0220058,0.9984733
0.0425061,-0.03402378,0.02096277,0.9982967
0.06355037,-0.04025567,0.01533067,0.9970486
0.07742397,-0.04399829,0.01165015,0.9959587
0.06108734,-0.03956035,0.01598823,0.99722
0.04266686,-0.03407386,0.02091965,0.998289
0.03365339,-0.03120768,0.02334257,0.9986735
0.03908069,-0.03294891,0.02187873,0.998453
0.0497593,-0.03624495,0.01902103,0.9979221
0.06529012,-0.04074046,0.01487111,0.9969233
0.08408833,-0.04569442,0.009870976,0.9953611
0.1075,-0.05109827,0.003695138,0.9928843
0.1144111,-0.05252887,0.001876539,0.992042
0.1188855,-0.05341455,0.0007006912,0.9914699
0.1404075,-0.0572231,-0.00493027,0.9884266
0.141023,-0.05732082,-0.005095327,0.9883324
0.1446309,-0.05788196,-0.006037435,0.9877728
0.1513355,-0.05886779,-0.00778381,0.9866973
0.1505243,-0.05875236,-0.007572643,0.9868299
0.1481525,-0.05840902,-0.006954246,0.9872137
0.1484575,-0.05845374,-0.007033766,0.9871647
0.1453102,-0.0579852,-0.006213159,0.987666
0.1409948,-0.05731625,-0.005091912,0.9883367
0.1467211,-0.05819703,-0.006583299,0.9874425
0.1234053,-0.05427606,-0.0004810086,0.9908708
0.090896,-0.04735355,0.008074474,0.9947011
0.07894779,-0.04439668,0.01121715,0.9958264
0.03195554,-0.0306564,0.02379623,0.9987356
-0.0006187343,-0.01925379,0.0326216,0.9992822
-0.0382003,-0.004334,0.04289624,0.9983396
-0.06247444,0.006245951,0.04960772,0.9967934
-0.0629523,0.006457057,0.04973399,0.9967557
-0.05999048,0.005129646,0.04891603,0.9969864
-0.04109583,-0.003109616,0.04369354,0.9981945
-0.03184457,-0.006984847,0.04114908,0.998621
-0.02825558,-0.008459771,0.04016353,0.9987577
-0.02802368,-0.008554567,0.04009967,0.9987659
-0.02776024,-0.008662133,0.04002745,0.9987753
-0.02821905,-0.008474758,0.04015327,0.998759
-0.02740411,-0.008807269,0.03992985,0.9987878
-0.02484818,-0.009844977,0.03922867,0.9988727
-0.02627804,-0.009265465,0.03962094,0.9988262
-0.03124936,-0.007231494,0.04098402,0.9986447
-0.03535347,-0.005527729,0.04211294,0.9984719
-0.03516283,-0.005607313,0.04206054,0.9984804
-0.03672751,-0.004952843,0.04249099,0.9984093
-0.03710162,-0.004796309,0.04259318,0.9983918
-0.03338396,-0.006347443,0.04157203,0.9985574
-0.03848242,-0.0042154,0.04297348,0.9983259
-0.04178358,-0.002817262,0.04388301,0.9981585
-0.03894815,-0.004018787,0.04310206,0.9983031
-0.03847339,-0.004219047,0.04297116,0.9983264
-0.04132747,-0.003011131,0.04375744,0.9981825
-0.0444038,-0.001698253,0.04460521,0.998016
-0.04282935,-0.002371625,0.04417123,0.9981027
-0.04058856,-0.003324906,0.04355362,0.9982207
-0.0424355,-0.002539854,0.0440622,0.9981239
-0.04335907,-0.002145413,0.04431717,0.9980738
-0.041266,-0.003037294,0.04374043,0.9981857
-0.04093958,-0.003175465,0.04365116,0.9982026
-0.04845699,4.825927E-05,0.04572199,0.9977782
-0.04834815,1.93133E-06,0.04569346,0.9977849
-0.04506079,-0.001416293,0.0447865,0.9979787
-0.04457933,-0.001623021,0.04465346,0.9980061
-0.03947519,-0.00379616,0.04324713,0.9982769
-0.03441403,-0.005919403,0.04185471,0.9985133
-0.03371404,-0.006210692,0.04166209,0.9985434
-0.0399247,-0.003605992,0.04337094,0.9982545
-0.03583005,-0.005329139,0.04224325,0.9984505
-0.02740668,-0.008806335,0.03993047,0.9987877
-0.02125387,-0.01128978,0.03824425,0.9989786
-0.01339897,-0.01438896,0.03609668,0.9991549
-0.001587202,-0.01889732,0.03287486,0.9992796
0.004797208,-0.02125484,0.03114106,0.9992774
0.008748431,-0.02268627,0.0300692,0.999252
0.01361882,-0.02442198,0.02874759,0.9991955
0.02333947,-0.02778538,0.0261208,0.999
0.03074683,-0.03025892,0.02412375,0.9987778
0.04323562,-0.03425191,0.02076303,0.9982617
0.0642584,-0.04044951,0.01516621,0.9969978
0.106464,-0.05088036,0.003944214,0.9930061
0.1498146,-0.05865068,-0.007387561,0.9869453
0.192327,-0.06326551,-0.01841135,0.9791163
0.2036612,-0.06397732,-0.02134651,0.9767156
0.2108922,-0.06431493,-0.02321796,0.9751149
0.2230597,-0.06467974,-0.02635386,0.9722995
0.2256409,-0.06472376,-0.02701865,0.9716825
0.2214282,-0.0646466,-0.02593064,0.9726859
0.1992302,-0.06372251,-0.02021337,0.9776698
0.2066539,-0.06412762,-0.0221228,0.9760596
0.2100142,-0.06427812,-0.02299346,0.9753121
0.2241212,-0.06469957,-0.02662598,0.9720467
0.2210853,-0.06463794,-0.02584583,0.9727668
0.2181597,-0.064564,-0.0250909,0.9734518
0.2231312,-0.06468114,-0.02637184,0.9722825
0.232093,-0.06478113,-0.02868466,0.9701099
0.2344078,-0.06478568,-0.02927595,0.9695353
0.2229255,-0.06467716,-0.02631928,0.9723314
0.2224227,-0.06466677,-0.02619052,0.9724508
0.210996,-0.06431933,-0.023244,0.9750915
0.2173372,-0.06453966,-0.024882,0.9736427
0.2141469,-0.064438,-0.0240561,0.9743768
0.2175495,-0.06454457,-0.02494144,0.9735934
0.230425,-0.0647748,-0.02824938,0.9705207
0.2330604,-0.06478439,-0.02893112,0.9698704
0.2316508,-0.06478074,-0.02856695,0.9702193
0.2287811,-0.06476165,-0.02782689,0.9709227
0.2157575,-0.06448951,-0.02448079,0.9740074
0.2026374,-0.06392182,-0.02108322,0.9769379
0.2149072,-0.06446412,-0.02425218,0.9742029
0.19916,-0.06372019,-0.02018688,0.9776848
0.1869952,-0.06285277,-0.01704256,0.9802
0.1816126,-0.0623889,-0.01564621,0.9812644
0.1945335,-0.06342003,-0.01899183,0.9786593
0.2003384,-0.06378983,-0.02049554,0.977433
0.1977173,-0.0636282,-0.01982524,0.977991
0.2075382,-0.06416967,-0.02235,0.9758641
0.2069188,-0.06414038,-0.0221911,0.9760012
0.1837747,-0.06257736,-0.01622973,0.9808401
0.1307347,-0.05560537,-0.002422745,0.9898539
0.109707,-0.05156299,0.003122285,0.9926207
0.08833256,-0.04673694,0.008752608,0.9949554
0.1095455,-0.0515294,0.003159547,0.9926401
0.1094318,-0.0515058,0.003187854,0.9926538
0.09568716,-0.04847914,0.006802607,0.994207
0.07928722,-0.04448001,0.01114952,0.9957965
0.07523371,-0.04342769,0.01222598,0.9961448
0.07264079,-0.04274201,0.01291198,0.9963582
0.06607472,-0.04095767,0.0146632,0.9968658
0.05659666,-0.03826876,0.0171904,0.9975153
0.03092323,-0.0303127,0.02408762,0.9987716
-0.003344714,-0.018263,0.03329951,0.9992729
-0.03876306,-0.004088923,0.043065,0.9983116
-0.06978254,0.009560002,0.05162926,0.9961795
-0.07608882,0.01247051,0.05338168,0.995593
-0.0759441,0.01240392,0.05334268,0.995607
-0.04961439,0.0005455568,0.04603342,0.9977068
-0.0393907,-0.003831865,0.04322392,0.9982811
-0.03660922,-0.005002278,0.04245852,0.9984146
-0.0353133,-0.005544158,0.04210255,0.9984736
-0.02905645,-0.008132222,0.04038305,0.9987286
-0.01873331,-0.01229306,0.03755442,0.9990433
-0.01054812,-0.0154941,0.03531793,0.9992003
-0.01516553,-0.0136963,0.03658441,0.9991216
-0.03410868,-0.006053458,0.04175837,0.9985271
-0.03659145,-0.005009792,0.04245356,0.9984155
-0.05090814,0.001114626,0.04639945,0.9976243
-0.06359392,0.006747217,0.04991338,0.996704
-0.07250081,0.01081053,0.05238602,0.995933
-0.08821364,0.0181881,0.05676144,0.9943166
-0.08552477,0.01690423,0.05600774,0.994617
-0.08246071,0.01545164,0.05515078,0.9949473
-0.09176808,0.01989374,0.0577552,0.993905
-0.08515948,0.01673339,0.0559093,0.9946567
-0.07870117,0.01369063,0.05411108,0.9953344
-0.07169671,0.01042944,0.05214755,0.9960077
-0.05265477,0.001879639,0.04688337,0.9975099
-0.05564692,0.003196831,0.04771059,0.9973049
-0.02873738,-0.008275724,0.04027097,0.9987411
0.007507551,-0.02223287,0.03041864,0.9992618
0.01454126,-0.02474577,0.02850066,0.9991816
0.02461346,-0.02821626,0.02577709,0.9989663
0.0361778,-0.0320231,0.02266078,0.9985752
0.06023251,-0.03931741,0.01621505,0.997278
0.08693409,-0.04639652,0.00912125,0.9950912
0.1071547,-0.05102505,0.003784455,0.9929249
0.1321011,-0.05584197,-0.002758901,0.9896582
0.1503157,-0.05872225,-0.007522912,0.9868639
0.1497647,-0.05864354,-0.007374831,0.9869535
0.1600185,-0.06003405,-0.01004385,0.9852355
0.1750015,-0.06175097,-0.01393468,0.982531
0.1841368,-0.06261253,-0.01630092,0.9807689
0.1875963,-0.06290247,-0.01719198,0.9800792
0.1637941,-0.06050212,-0.01102532,0.9845757
0.166102,-0.06077669,-0.01162378,0.9841653
0.1754324,-0.06179335,-0.01405672,0.9824497
0.1855554,-0.06273388,-0.01666649,0.9804875
0.1981682,-0.06365893,-0.01993121,0.9778956
0.2074279,-0.06416437,-0.02232192,0.9758885
0.2191783,-0.0645905,-0.02535714,0.9732142
0.2294493,-0.06476735,-0.02799944,0.9707596
0.2350506,-0.06478453,-0.02944245,0.9693748
0.2434042,-0.06470722,-0.03159213,0.9672483
0.2425047,-0.06472132,-0.03136119,0.9674808
0.2395448,-0.06475816,-0.03059981,0.9682397
0.2408193,-0.06474432,-0.03092746,0.9679142
0.2532343,-0.06445639,-0.03412123,0.9646519
0.2462456,-0.06465229,-0.03232386,0.9665083
0.244307,-0.06469137,-0.03182469,0.9670141
0.23794,-0.06477177,-0.03018634,0.9686475
0.2367568,-0.06477872,-0.02988193,0.9689463
0.2365168,-0.06477966,-0.0298209,0.9690068
0.230791,-0.06477637,-0.02834555,0.9704309
0.231319,-0.06477918,-0.02848153,0.9703009
0.237093,-0.06477708,-0.02996806,0.9688616
0.2428427,-0.06471585,-0.03144915,0.9673935
0.2426465,-0.06471909,-0.03139798,0.9674442
0.2401615,-0.06475186,-0.03075818,0.9680824
0.243093,-0.06471224,-0.0315125,0.9673288
0.2403834,-0.06474954,-0.0308151,0.9680257
0.2325261,-0.06478337,-0.02879317,0.9700029
0.2282534,-0.06475624,-0.027692,0.971051
0.1994096,-0.06373549,-0.02025108,0.9776316
0.1787054,-0.06211803,-0.01489019,0.981827
0.1591384,-0.05992151,-0.009814335,0.9853872
0.1331528,-0.05602307,-0.003037617,0.9895062
0.1184729,-0.0533341,0.0008106763,0.9915236
0.1212664,-0.05387263,7.651467E-05,0.9911569
0.1117169,-0.05198041,0.002582746,0.9923763
0.1060087,-0.05077987,0.004086209,0.9930594
0.09829018,-0.04907463,0.006122274,0.9939281
0.08506092,-0.04593645,0.009610785,0.9952698
0.07358243,-0.04299176,0.01266549,0.9962815
0.07556682,-0.04351516,0.01213721,0.9961169
0.06187085,-0.03978152,0.0157841,0.9971661
0.05768305,-0.03858372,0.0169006,0.9974459
0.06317077,-0.04014799,0.01543732,0.9970753
0.04775718,-0.03563999,0.01955502,0.9980314
0.0284895,-0.02951216,0.0247355,0.9988521
0.03204479,-0.03068261,0.02377887,0.9987323
0.01402268,-0.02456713,0.02863104,0.9991897
0.0003447775,-0.0196161,0.03235086,0.999284
-0.003749977,-0.01808678,0.03346149,0.9992693
-0.03025075,-0.007644282,0.04070674,0.9986838
-0.06125216,0.005687539,0.04925468,0.99689
-0.07209625,0.01062298,0.0522721,0.9959703
-0.05499357,0.002910389,0.04753304,0.9973504
-0.05582957,0.003277932,0.04776174,0.9972919
-0.04878717,0.0001914173,0.04581324,0.997758
-0.0493853,0.0004520762,0.04597981,0.9977208
-0.05367151,0.002325047,0.04716282,0.9974415
-0.04619911,-0.0009263286,0.04510109,0.9979131
-0.04665923,-0.0007252619,0.04523269,0.997886
-0.02439506,-0.01002795,0.03910468,0.9988869
-0.05045238,0.000920273,0.04628091,0.9976532
-0.05586064,0.003292725,0.04777202,0.9972897
-0.04314819,-0.00223466,0.04426041,0.9980853
-0.06706113,0.0083174,0.05087357,0.9964163
-0.06736077,0.00845358,0.05095648,0.9963907
-0.06665257,0.008131498,0.0507601,0.996451
-0.06280591,0.006390187,0.04969209,0.9967674
-0.05869872,0.004551146,0.04855526,0.9970838
-0.05399681,0.002467421,0.04725172,0.9974194
-0.04619341,-0.0009273554,0.0451018,0.9979134
-0.03564224,-0.005409114,0.04218904,0.998459
-0.024366,-0.01003964,0.03909674,0.9988878
-0.02461771,-0.009938895,0.03916416,0.99888
-0.03469054,-0.005803791,0.04193163,0.9985011
-0.02989405,-0.007789019,0.04061223,0.9986973
-0.01928527,-0.01207405,0.03770545,0.9990298
-0.02594397,-0.009400744,0.03952996,0.9988372
-0.02065889,-0.01152866,0.03807882,0.9989946
-0.03166289,-0.007065881,0.04108831,0.9986287
-0.03463677,-0.005826626,0.04191602,0.9985036
-0.04498859,-0.001448121,0.04476529,0.997983
-0.03260376,-0.006670645,0.04135804,0.9985901
-0.02653438,-0.009161313,0.03969117,0.9988175
-0.0302111,-0.007658326,0.04070006,0.9986852
-0.02747786,-0.00877792,0.03994888,0.9987853
-0.0129534,-0.01456384,0.03597203,0.9991627
-0.01788845,-0.0126294,0.03731965,0.9990634
-0.02541315,-0.00961627,0.03938379,0.9988547
-0.01908311,-0.01215387,0.03765097,0.9990347
-0.02534371,-0.009651441,0.03935151,0.9988573
-0.04036445,-0.003419154,0.04349324,0.9982321
-0.03896628,-0.00401113,0.04310708,0.9983022
-0.02865261,-0.008296931,0.04027355,0.9987433
-0.005663118,-0.01736117,0.03399132,0.9992553
0.04075366,-0.0334781,0.02143013,0.9983783
0.09769503,-0.0489394,0.006278188,0.9939926
0.1404367,-0.05722779,-0.004924733,0.9884222
0.1616963,-0.06024407,-0.01048971,0.9849442
0.1865117,-0.06281332,-0.01691561,0.9802967
0.2055535,-0.06407394,-0.02183869,0.9763018
0.2190507,-0.06458768,-0.02532224,0.973244
0.2345442,-0.06478538,-0.02931182,0.9695013
0.2327136,-0.06478388,-0.02884149,0.9699565
0.2274777,-0.06474785,-0.02749213,0.9712393
0.2182482,-0.06456672,-0.0251127,0.9734312
0.2154253,-0.06448028,-0.02438915,0.9740838
0.2097537,-0.06426805,-0.02292221,0.9753704
0.2050118,-0.06404673,-0.02169885,0.9764206
0.2071566,-0.06415148,-0.02225306,0.9759486
0.2126578,-0.06438425,-0.02367152,0.9747159
0.2179048,-0.06455674,-0.02502555,0.973511
0.222269,-0.06466386,-0.02615008,0.9724872
0.2265514,-0.06473644,-0.02725328,0.9714633
0.2243869,-0.06470373,-0.02669616,0.9719832
0.2152851,-0.06447655,-0.02435023,0.9741161
0.2095088,-0.0642575,-0.02285957,0.9754252
0.2063505,-0.06411292,-0.02204468,0.9761266
0.2022629,-0.06390078,-0.02098821,0.977019
0.1932797,-0.0633324,-0.01866836,0.9789196
0.202146,-0.06389409,-0.02095887,0.9770441
0.2086565,-0.06422047,-0.02263893,0.9756156
0.2189166,-0.06458384,-0.02528928,0.9732753
0.2319499,-0.06478189,-0.02864366,0.9701454
0.2420573,-0.06472786,-0.03124614,0.9675961
0.2521814,-0.06449088,-0.03385239,0.9649349
0.2575551,-0.06429096,-0.03523295,0.9634784
0.2473139,-0.06462748,-0.03260031,0.9662279
0.2452014,-0.06467412,-0.03205524,0.9667813
0.2368678,-0.06477422,-0.0299229,0.9689181
0.2062072,-0.06410692,-0.02200456,0.9761582
0.1924884,-0.06327933,-0.01844143,0.9790832
0.1438997,-0.05777002,-0.00584514,0.9878873
0.1260093,-0.05475788,-0.001159211,0.990516
0.1050802,-0.05058392,0.004279495,0.9931672
0.09073755,-0.04731482,0.00812538,0.994717
0.1175754,-0.05315862,0.001044649,0.9916396
0.1687722,-0.06107499,-0.01236676,0.9836834
0.2048574,-0.06404125,-0.02164529,0.9764546
0.2031415,-0.0639482,-0.02121782,0.9768286
0.1965889,-0.06355789,-0.01952312,0.978229
0.1691079,-0.06111887,-0.01241841,0.9836223
0.1940481,-0.06339251,-0.01882667,0.9787607
0.1405105,-0.05723566,-0.005016361,0.9884108
0.09718459,-0.04882275,0.006412883,0.9940474
0.1073441,-0.05106589,0.003728645,0.9929026
0.09382565,-0.04804485,0.007309632,0.9944019
0.1193227,-0.05349999,0.0005792147,0.9914129
0.1512426,-0.05885456,-0.007759645,0.9867126
0.1600133,-0.06003354,-0.01004171,0.9852365
0.1619646,-0.06027833,-0.01055013,0.9848973
0.1654771,-0.06070337,-0.01146057,0.9842769
0.1510913,-0.05883316,-0.007720199,0.9867373
0.153237,-0.05913386,-0.008279312,0.9863837
0.1550145,-0.05937726,-0.008741634,0.9860874
0.1498672,-0.05865825,-0.007400194,0.9869367
0.136746,-0.05662818,-0.00397709,0.9889783
0.1276516,-0.05505627,-0.001597065,0.9902884
0.126647,-0.05487435,-0.001334571,0.990428
0.1271282,-0.05496167,-0.001459486,0.9903613
0.1161234,-0.05287163,0.001425959,0.9918256
0.1055518,-0.05068146,0.004208301,0.9931126
0.1160321,-0.05285376,0.001443265,0.9918371
0.1216526,-0.05394605,-2.486166E-05,0.9911056
0.1222163,-0.05405288,-0.0001732204,0.9910305
0.123268,-0.05425071,-0.0004491094,0.9908893
0.1334088,-0.05606694,-0.003105433,0.9894691
0.1486748,-0.05848536,-0.007092549,0.9871297
0.152872,-0.05908335,-0.008184047,0.9864444
0.1586829,-0.05986281,-0.009697909,0.9854655
0.1739958,-0.06164777,-0.01367273,0.9827197
0.1933568,-0.06333759,-0.01868987,0.9789036
0.2095819,-0.06426065,-0.02287846,0.975409
0.2088621,-0.06422924,-0.02269283,0.9755697
0.2097081,-0.06426574,-0.02291224,0.9753807
0.2190748,-0.06458914,-0.02532558,0.9732385
0.2064136,-0.06411611,-0.02206076,0.9761127
0.1911785,-0.06317987,-0.0181231,0.9793522
0.1723439,-0.06147452,-0.01323492,0.9830276
0.1297948,-0.05543818,-0.002182112,0.9899874
0.1005847,-0.04959138,0.005515732,0.9936765
0.07464201,-0.04327879,0.01235064,0.9961942
0.03784703,-0.03254978,0.02223677,0.9985058
0.05619303,-0.0381519,0.01729782,0.9975407
0.09356374,-0.04798441,0.007369245,0.994429
0.1247558,-0.05452715,-0.0008296883,0.9906877
0.1298205,-0.05544327,-0.00216688,0.9899838
0.1311504,-0.05567689,-0.002511695,0.9897946
0.1158712,-0.05282149,0.001492205,0.9918576
0.1022608,-0.04996352,0.005074933,0.9934891
0.09214544,-0.04765057,0.007742613,0.9945747
0.09656732,-0.04868132,0.006575599,0.9941135
0.08326221,-0.04548739,0.01009543,0.9954379
0.08536763,-0.04601147,0.009535307,0.9952409
0.1031776,-0.05016524,0.004835763,0.9933853
0.1304427,-0.05555288,-0.00233868,0.9898955
0.1392026,-0.05702975,-0.004618934,0.9886096
0.1381081,-0.0568518,-0.004340408,0.9887746
0.1615392,-0.06022545,-0.01043843,0.9849716
0.1597097,-0.05999473,-0.009964204,0.9852889
0.166584,-0.06083275,-0.01175009,0.9840788
0.1742773,-0.06167681,-0.01374642,0.982667
0.1689411,-0.061102,-0.01236115,0.9836527
0.1778427,-0.06203349,-0.0146746,0.9819921
0.1801797,-0.06225664,-0.01527686,0.9815427
0.1821124,-0.06243376,-0.0157776,0.9811668
0.1811282,-0.06234455,-0.01552078,0.9813587
0.1615372,-0.06022458,-0.01044419,0.9849719
0.1499556,-0.05867092,-0.007424327,0.9869224
0.1502052,-0.05870666,-0.007491733,0.9868818
0.1398858,-0.0571397,-0.004795426,0.9885059
0.1481161,-0.0584035,-0.006947147,0.9872195
0.1490368,-0.05853816,-0.007184856,0.9870713
0.1400334,-0.05716333,-0.004835293,0.9884835
0.1358053,-0.05647173,-0.003731444,0.9891177
0.1340564,-0.05617726,-0.003273743,0.9893746
0.1380642,-0.05684484,-0.004321536,0.9887812
0.1379862,-0.0568321,-0.004301079,0.988793
0.1400897,-0.05717227,-0.004850217,0.988475
0.1501935,-0.05870502,-0.007487536,0.9868838
0.1574397,-0.05970077,-0.009373067,0.9856778
0.1599346,-0.06002346,-0.0100222,0.98525
0.1608007,-0.0601331,-0.01024674,0.9851
0.1673316,-0.06091899,-0.01194618,0.9839442
0.1714697,-0.06138027,-0.01301846,0.9831892
0.1784811,-0.0620959,-0.01483621,0.9818699
0.1765478,-0.0619068,-0.01433535,0.9822388
0.1728979,-0.06153307,-0.0133865,0.9829248
0.1551294,-0.05939282,-0.008771794,0.9860682
0.1226765,-0.05414054,-0.0003121267,0.9909688
0.07759152,-0.04404293,0.01160439,0.9959443
0.04956173,-0.03618676,0.01906958,0.9979331
0.03753085,-0.03245528,0.02229873,0.9985194
0.04154044,-0.03372181,0.02122351,0.998342
0.06060608,-0.039425,0.01611171,0.9972526
0.09365474,-0.04800655,0.007338463,0.9944196
0.1110327,-0.05183921,0.002763968,0.99246
0.1339715,-0.05616275,-0.003246929,0.9893871
0.1313336,-0.05570885,-0.002561893,0.9897684
0.1297714,-0.05543453,-0.002152676,0.9899908
0.1362917,-0.05655275,-0.003858376,0.9890457
0.1204005,-0.05370709,0.0003020903,0.9912715
0.108324,-0.05127267,0.003481021,0.9927864
0.09228402,-0.04768375,0.007702212,0.9945605
0.08338594,-0.04551833,0.01006262,0.9954264
0.101639,-0.04982661,0.005231364,0.9935589
0.1196025,-0.05355313,0.0005168095,0.9913764
0.1206962,-0.0537636,0.0002299156,0.9912325
0.1421776,-0.0575028,-0.005395741,0.9881548
0.1537617,-0.05920634,-0.008415418,0.9862967
0.1492814,-0.05857363,-0.007248753,0.9870317
0.1516557,-0.05891298,-0.007866994,0.9866448
0.1562845,-0.05954786,-0.009072443,0.9858737
0.1469594,-0.05823271,-0.006643575,0.9874045
0.1506791,-0.05877445,-0.007613395,0.9868047
0.1449892,-0.05793673,-0.006124623,0.9877166
0.1220501,-0.05402144,-0.0001296615,0.9910527
0.1073235,-0.05106078,0.003741857,0.9929051
0.1115869,-0.05195356,0.002618657,0.9923922
0.1177249,-0.05318778,0.001005003,0.9916204
0.1105431,-0.05173779,0.002892738,0.9925195
0.1044571,-0.05044463,0.004495429,0.993239
0.1021681,-0.04994318,0.005097724,0.9934995
0.08912427,-0.04692853,0.008542672,0.9948776
0.07569296,-0.04354824,0.01210369,0.9961063
0.06646424,-0.04106608,0.01455607,0.9968371
0.05981285,-0.0391963,0.01633179,0.997306
0.06236375,-0.03992095,0.01565191,0.9971319