-0.5142913,-0.5142901,0.4852886,0.4852886
-0.5088113,-0.5540018,0.4631216,0.468734
-0.5022087,-0.5598083,0.4635756,0.4685068
-0.484646,-0.5755532,0.4649888,0.4665214
-0.488948,-0.5720753,0.4646486,0.4666491
-0.4788177,-0.5807505,0.4660869,0.4650006
-0.4733309,-0.5851457,0.466572,0.4646213
-0.4318523,-0.6162028,0.4696631,0.4617513
-0.3442021,-0.6634004,0.4793686,0.4600331
-0.3084581,-0.6743857,0.4837352,0.4648203
-0.300522,-0.6702477,0.4859224,0.473639
-0.3053987,-0.6602058,0.4854552,0.4849671
-0.1994736,-0.6971703,0.4899964,0.4838052
-0.1047008,-0.7138581,0.4982879,0.4807844
-0.1355001,-0.706594,0.5029991,0.4789119
-0.324852,-0.6448747,0.5028815,0.4750977
-0.3926709,-0.6120267,0.5053813,0.4645671
-0.4113513,-0.602926,0.5076623,0.4577657
-0.4502642,-0.579644,0.5044128,0.4547997
-0.404668,-0.6128295,0.5047381,0.4537876
-0.3882512,-0.6145182,0.5084817,0.4616
-0.3798552,-0.6131468,0.5116724,0.4668536
-0.2621558,-0.666351,0.5157323,0.4703943
-0.02020344,-0.7092848,0.5201911,0.4752979
0.7029976,-0.0518793,0.5215911,0.4806722
0.6237527,0.3091229,0.5254115,0.4892018
0.6135226,0.3040716,0.5296798,0.5005693
0.6005228,0.3236938,0.5298965,0.50379
0.5711856,0.3771091,0.528556,0.5021598
0.6185521,0.3110246,0.5256265,0.4943417
0.6375594,-0.299697,0.5197251,0.4833069
-0.1581254,-0.7004145,0.5132484,0.4700978
-0.2662791,-0.6764936,0.5102256,0.4594798
-0.3430832,-0.6455798,0.5072976,0.4562562
-0.4222587,-0.6034277,0.5042521,0.4508906
-0.4846665,-0.5626337,0.5003034,0.4452394
-0.5360778,-0.5177422,0.4944729,0.4472809
-0.4821008,-0.5713302,0.4939308,0.4440641
-0.4931655,-0.5671866,0.4821641,0.4501165
-0.4537296,-0.5976203,0.4823553,0.4520096
-0.437319,-0.6077809,0.4798937,0.457227
-0.4229942,-0.6174936,0.4845387,0.452769
-0.4215099,-0.6180851,0.4850564,0.4527919
-0.4156289,-0.6225426,0.4848623,0.4523296
-0.3943997,-0.6364525,0.4860918,0.4506571
-0.2744586,-0.6902682,0.4953369,0.4503817
-0.1998643,-0.7097123,0.503196,0.4507288
-0.09561923,-0.7235199,0.5124846,0.4524771
-0.04013152,-0.7223001,0.5173798,0.4571544
0.07145101,-0.7151862,0.5231388,0.4579622
0.3553348,-0.6153803,0.5295794,0.4632385
0.5788133,-0.3943775,0.5414155,0.4650922
0.5884462,-0.3773596,0.5455663,0.4622644
0.5186599,-0.476622,0.5428311,0.4573378
0.3227904,-0.6339728,0.5330564,0.4579693
0.11213,-0.7094622,0.5227698,0.4591318
-0.1137927,-0.7182821,0.5137266,0.4551999
-0.1989292,-0.7073796,0.5076123,0.4498567
-0.2272193,-0.6998173,0.5060869,0.4500036
-0.2684554,-0.6897898,0.5026661,0.4465967
-0.3194289,-0.671773,0.5009559,0.4424132
-0.3443396,-0.6617401,0.5008203,0.4389867
-0.3851155,-0.6390395,0.4993832,0.4403759
-0.4814631,-0.5712289,0.4914757,0.4475963
-0.4481267,-0.5980441,0.4900686,0.44873
-0.4484411,-0.5978576,0.4849607,0.4541805
-0.4518846,-0.5956316,0.4844739,0.4542118
-0.4555764,-0.5922144,0.485566,0.4538258
-0.4533039,-0.593719,0.4875987,0.4519522
-0.4480897,-0.6005638,0.4870271,0.4487129
-0.4190403,-0.6169845,0.490269,0.4509675
-0.410513,-0.6187348,0.4915288,0.4550228
-0.3789855,-0.6325698,0.4964402,0.4580094
-0.3813277,-0.6264842,0.501278,0.4591592
-0.4356774,-0.5865902,0.5022592,0.4624206
-0.4602014,-0.5606542,0.5012141,0.4718749
0.209002,-0.6804837,0.5066459,0.4863847
0.3621153,-0.6099214,0.5065196,0.4902105
0.3210881,-0.6322467,0.5128311,0.483912
-0.1671645,-0.6929967,0.5102525,0.4810967
-0.2896474,-0.6537734,0.5065261,0.4817842
-0.4722792,-0.5445409,0.4991747,0.4808869
-0.533302,-0.4946277,0.494957,0.4753419
-0.5130304,-0.5177262,0.4976575,0.4702089
-0.491246,-0.5393211,0.4996668,0.4670581
-0.4334714,-0.5879352,0.5010824,0.4640596
-0.385999,-0.6225418,0.5021076,0.4597114
-0.4413929,-0.5880405,0.5019346,0.4554585
-0.4971841,-0.5497215,0.4898356,0.4589939
-0.3634906,-0.6446279,0.4888899,0.4618615
-0.342352,-0.6599891,0.4849283,0.4604933
-0.3349637,-0.6679906,0.4796409,0.4599266
-0.3756167,-0.6539331,0.4682706,0.4604414
-0.368329,-0.6629799,0.4650513,0.4566385
-0.3725652,-0.6625857,0.4656729,0.4531269
-0.3730495,-0.6645501,0.4652166,0.450312
-0.3738796,-0.6621987,0.4706857,0.4473945
-0.3633091,-0.6651762,0.4775175,0.4444369
-0.3936988,-0.6448219,0.4796945,0.4462053
-0.3274324,-0.6808579,0.4861256,0.4392065
-0.3532487,-0.6676167,0.4912401,0.4338045
-0.3740806,-0.6541134,0.4881713,0.4403274
-0.4235851,-0.6179674,0.4913881,0.4441054
-0.4631624,-0.5847154,0.496507,0.443925
-0.5678949,-0.4813857,0.5018017,0.4404068
-0.6290746,-0.3891041,0.5081189,0.4412237
-0.6584096,-0.3197919,0.5142025,0.4470187
-0.7208782,-0.06326622,0.5125173,0.4622315
-0.6687762,0.2646061,0.493233,0.4893295
-0.7107661,0.1311974,0.490775,0.486558
-0.7289017,-0.05398047,0.4838466,0.4813324
-0.7010833,-0.2289376,0.4878142,0.4670194
-0.5815158,-0.4574897,0.485906,0.4652287
-0.382325,-0.6365121,0.4851224,0.4618834
-0.2068937,-0.7127078,0.4866379,0.4608972
-0.1198091,-0.7319077,0.4886954,0.4594928
-0.07903649,-0.7409528,0.5080478,0.4320063
-0.2552158,-0.7053052,0.5043002,0.4278911
-0.2923994,-0.6874562,0.4962355,0.4423312
-0.3035134,-0.681766,0.4892678,0.4513223
-0.3648895,-0.6497076,0.4850273,0.4576944
-0.5284604,-0.526264,0.479096,0.4628636
-0.6068426,-0.4346689,0.4751689,0.4658535
-0.6273726,-0.4021482,0.4772638,0.4657248
-0.6204697,-0.4102971,0.4753171,0.4698376
-0.7135346,-0.2088052,0.450611,0.4941848
-0.6948824,-0.2718778,0.4473828,0.4930209
-0.6615459,-0.3431337,0.4689111,0.474066
-0.6170486,-0.4220817,0.476228,0.4629308
-0.4973198,-0.5605187,0.4755171,0.460842
-0.2748924,-0.6955872,0.4813588,0.4570408
-0.136369,-0.7330146,0.4836231,0.4584777
-0.1749092,-0.7219872,0.4906766,0.4553874
-0.03141093,-0.7434002,0.5158212,0.424615
-0.09052664,-0.7433015,0.5203899,0.4104902
-0.209846,-0.7138258,0.5046319,0.4379088
-0.1924896,-0.7155282,0.4996365,0.4486986
-0.2199401,-0.704553,0.5067581,0.4454522
-0.5134341,-0.5309584,0.504462,0.4471987
-0.6639715,-0.3173128,0.5089462,0.4465736
-0.6749142,-0.2832922,0.5196839,0.4406416
-0.7181723,-0.1005394,0.524783,0.4457838
-0.716387,0.1192861,0.505407,0.465966
-0.7148287,0.120633,0.5126794,0.4600297
-0.7260754,0.06893635,0.5201522,0.4444143
-0.7305714,0.002637282,0.5161514,0.4470418
-0.6403902,-0.3569463,0.5054252,0.4550111
-0.2441077,-0.6934215,0.4981934,0.4597623
0.08646788,-0.7222995,0.500699,0.4691559
0.229571,-0.6859643,0.5009469,0.4751866
0.227213,-0.6891408,0.5113557,0.4604069
0.1365724,-0.7174832,0.5095661,0.4548717
0.07596883,-0.7217678,0.4935393,0.4792692
0.05708331,-0.7251994,0.4861133,0.4842739
-0.08165784,-0.7232196,0.4908808,0.4788752
-0.5012535,-0.5291774,0.4892092,0.4789473
-0.6639509,-0.2947323,0.4906492,0.4812124
-0.6230218,-0.3715828,0.4992718,0.4738119
-0.7001849,-0.1812213,0.4949151,0.4816211
-0.727425,-0.008303478,0.4778116,0.4924224
-0.7193667,0.09669447,0.4879865,0.4847999
-0.7249832,0.08026488,0.4891958,0.4781677
-0.7294351,0.03656714,0.4893085,0.4766178
-0.70285,-0.2026592,0.4843427,0.4799409
-0.3631912,-0.6384822,0.4838316,0.4757516
-0.08629942,-0.7260196,0.4822182,0.4826113
0.1017234,-0.7192074,0.4848555,0.4871429
0.1609169,-0.7109593,0.4962353,0.4715859
0.06487216,-0.7304835,0.4972926,0.4635575
0.06737384,-0.7289385,0.4946473,0.4684373
0.06116113,-0.7291261,0.4948843,0.4687473
0.005489767,-0.7299327,0.4977823,0.4683813
-0.2294248,-0.6978686,0.5035263,0.4547581
-0.5520432,-0.4858135,0.5066611,0.4500314
-0.640102,-0.3536369,0.5183438,0.4433172
-0.595757,-0.4182767,0.5330036,0.4313067
-0.6744035,-0.2839841,0.5276023,0.4314728
-0.699626,-0.2224076,0.5251981,0.4303782
-0.6850285,-0.2727948,0.5270112,0.4225851
-0.673746,-0.3064145,0.5232558,0.4223503
-0.6348195,-0.3872196,0.5128827,0.4289714
-0.4488955,-0.5919741,0.5053636,0.4389389
-0.2207915,-0.7107958,0.5005918,0.4420727
-0.1239881,-0.7304607,0.4965885,0.4521659
-0.09185296,-0.7344998,0.5070735,0.4415309
-0.1896976,-0.7227412,0.5066547,0.4300708
-0.1929175,-0.7240055,0.4963362,0.4384624
-0.1997958,-0.7245109,0.4838033,0.4484417
-0.2311033,-0.713913,0.4827312,0.4515418
-0.2905242,-0.689532,0.4889728,0.4483825
-0.4228345,-0.6171645,0.4919757,0.4452852
-0.4891709,-0.564739,0.4991534,0.4388936
-0.4736779,-0.5706956,0.5122068,0.4331049
-0.5190192,-0.5245043,0.5103329,0.4416725
-0.5270411,-0.5210518,0.5035227,0.4440693
-0.4948854,-0.5467032,0.5107778,0.441939
-0.4586303,-0.5739549,0.5176564,0.4384812
-0.3952304,-0.621147,0.5131233,0.4412184
-0.3663614,-0.6424648,0.5025747,0.4477021
-0.3418808,-0.6598602,0.4904437,0.4551559
-0.3048472,-0.6815081,0.4785734,0.46215
-0.348581,-0.6672243,0.4614787,0.4694043
-0.3133129,-0.6902288,0.4539261,0.4683698
-0.3237722,-0.6876917,0.4519078,0.4669379
-0.351491,-0.6782392,0.4546675,0.4579554
-0.4075286,-0.6478517,0.4570706,0.4530951
-0.3915178,-0.6653433,0.456603,0.4422055
-0.414318,-0.6597923,0.4458022,0.4407664
-0.4322667,-0.6523585,0.4395942,0.4408296
-0.4515172,-0.6451038,0.4312901,0.4404114
-0.4505846,-0.6490575,0.4299264,0.4368767
-0.440997,-0.6561903,0.4358369,0.4300955
-0.4496764,-0.6495693,0.4426612,0.4241484
-0.4763004,-0.6290807,0.4435695,0.4250197
-0.4645945,-0.6332313,0.4495794,0.4254978
-0.4690977,-0.6229571,0.4539808,0.4310143
-0.4742162,-0.6134206,0.4570888,0.4357798
-0.4730295,-0.6095667,0.4610985,0.4382464
-0.4760782,-0.6011553,0.4654478,0.4419502
-0.4433009,-0.6215826,0.4699195,0.443052
-0.4247287,-0.630004,0.474466,0.4445025
-0.4125782,-0.6346599,0.4798073,0.4435889
-0.4121315,-0.6312433,0.4848402,0.4434066
-0.4349508,-0.6115792,0.4868003,0.4470057
-0.4368965,-0.607792,0.488007,0.4489539
-0.4482653,-0.5961093,0.4886934,0.4526484
-0.4369544,-0.6018819,0.4903954,0.4542261
-0.4144307,-0.6154509,0.4907124,0.4568028
-0.4236088,-0.6056566,0.4902055,0.4619895
-0.4115043,-0.6124669,0.4890764,0.4651374
-0.4533628,-0.5786548,0.4874855,0.4711462
-0.5096818,-0.5260171,0.4851138,0.4776978
-0.5539705,-0.4739129,0.4840497,0.483962
-0.5764716,-0.4391146,0.485442,0.489086
-0.695672,-0.1817189,0.4854309,0.4973686
-0.71342,0.02152255,0.48902,0.501426
-0.677631,0.2138785,0.4927441,0.5022701
-0.5461616,0.4499013,0.4956733,0.5035914
-0.3923061,0.5867139,0.4964772,0.5053446
-0.2014751,0.6739919,0.4996586,0.5054544
-0.1765552,0.6793137,0.5003102,0.5070019
-0.230221,0.6649082,0.5015764,0.5033056
-0.5264469,0.4726504,0.4989523,0.5005017
-0.7067547,-0.0982717,0.4964713,0.4943244
-0.6216723,-0.3617819,0.4942829,0.4881821
-0.6388179,-0.3392738,0.4903298,0.4861912
-0.5672311,-0.4560541,0.4885089,0.4812718
-0.576336,-0.450474,0.4867379,0.4774893
-0.5908036,-0.4387251,0.4828518,0.4746847
-0.6087757,-0.4144946,0.4826022,0.4740058
-0.6020401,-0.4298609,0.4804175,0.471133
-0.5824718,-0.4588867,0.4799049,0.4688718
-0.5578826,-0.4923276,0.4793943,0.4653618
-0.5685374,-0.4839923,0.4770494,0.4636169
-0.5507033,-0.5065461,0.4780201,0.4600364
-0.5633577,-0.4952137,0.4760244,0.4591212
-0.5497613,-0.5113906,0.478751,0.455016
-0.5262459,-0.5381182,0.4806134,0.4500055
-0.5259944,-0.541116,0.4797831,0.447584
-0.5095588,-0.5606365,0.4790021,0.4433885
-0.4901243,-0.5832273,0.4758451,0.43954
-0.4880396,-0.5897146,0.4715776,0.4377998
-0.5037158,-0.5782229,0.4681201,0.4390811
-0.5090883,-0.5748151,0.4667147,0.4388555
-0.5091389,-0.5746333,0.4665255,0.4392358
-0.5032033,-0.5785558,0.4665377,0.4409106
-0.5096469,-0.5703636,0.4667448,0.4439535
-0.4972829,-0.5791699,0.4697263,0.4434289
-0.4846188,-0.5865,0.4731061,0.444222
-0.4795865,-0.5878716,0.4754561,0.4453596
-0.4760379,-0.5886707,0.4761532,0.4473621
-0.4545809,-0.6011049,0.4799947,0.449037
-0.4714706,-0.5827907,0.483454,0.4520427
-0.4760782,-0.5746723,0.4815054,0.4596235
-0.4200583,-0.6117234,0.4836172,0.4641767
-0.4080867,-0.6169108,0.4828048,0.4688133
-0.3736634,-0.6371099,0.4821056,0.4712121
-0.3610371,-0.6441178,0.4814567,0.4721906
-0.3401746,-0.6542082,0.4832315,0.4719959
-0.3036135,-0.6727486,0.4858867,0.4681265
-0.3411037,-0.6561207,0.48404,0.467824
-0.3528547,-0.6505964,0.4864309,0.4643304
-0.4048863,-0.6220251,0.4838938,0.4636793
-0.4090769,-0.6198107,0.483798,0.4630661
-0.4252036,-0.6108465,0.4813412,0.4630111
-0.4160216,-0.6220006,0.4789005,0.4590159
-0.4524967,-0.5972583,0.4765176,0.4598482
-0.4452546,-0.6039457,0.4737497,0.4610414
-0.4711729,-0.5827624,0.4715382,0.4647966
-0.46322,-0.5869554,0.4706976,0.4683527
-0.4495323,-0.59579,0.4699905,0.4712366
-0.4215319,-0.6121069,0.4725606,0.4736269
-0.4176245,-0.6086321,0.474628,0.4794632
-0.4335561,-0.5922718,0.476959,0.4834804
-0.5039375,-0.5254,0.4784907,0.4909668
-0.537148,-0.4860356,0.4812551,0.4935939
-0.5573503,-0.4592331,0.4826153,0.4955281
-0.5162126,-0.5059184,0.4838198,0.4934464
-0.5412549,-0.4813469,0.4828493,0.492143
-0.5525349,-0.4761342,0.478429,0.4889858
-0.4245318,-0.6038913,0.478033,0.4759963
-0.4394674,-0.6003875,0.4738435,0.4710367
-0.4321196,-0.6120839,0.4720572,0.4645297
-0.4186835,-0.6257973,0.4709761,0.4596339
-0.4381444,-0.6164426,0.4688396,0.4563085
-0.4470661,-0.6127205,0.4685764,0.4529256
-0.4510055,-0.6122218,0.4675319,0.4507685
-0.4577142,-0.6100455,0.4651046,0.4494662
-0.4754856,-0.5984553,0.4636186,0.4481323
-0.472094,-0.6034536,0.4626605,0.4460004
-0.4809693,-0.5986227,0.460542,0.4452195
-0.4800025,-0.6009323,0.4597009,0.4440192
-0.4820837,-0.6012776,0.4584895,0.4425469
-0.4640223,-0.6163203,0.45896,0.4406679
-0.461502,-0.6195307,0.4573262,0.4405115
-0.4555425,-0.6230553,0.4573951,0.4416704
-0.4519182,-0.6258828,0.4576308,0.4411516
-0.4570533,-0.6236339,0.4566423,0.4400692
-0.4403598,-0.636123,0.4586955,0.437069
-0.4335092,-0.6401594,0.4612236,0.4353603
-0.4304239,-0.6429788,0.4630242,0.4323449
-0.4584309,-0.622043,0.4606126,0.4367376
-0.4463892,-0.6293587,0.4636626,0.435501
-0.4536968,-0.6248623,0.4652581,0.4327137
-0.4810184,-0.6025733,0.4678926,0.4319759
-0.5042949,-0.5827082,0.4693331,0.4311196
-0.5056232,-0.5793149,0.4723028,0.4308939
-0.5082304,-0.572962,0.4781646,0.4298545
-0.5348194,-0.5440728,0.4880887,0.423937
-0.5718038,-0.4983261,0.5038498,0.4133363
-0.5985798,-0.4589372,0.5268053,0.3918609
-0.6072779,-0.4378665,0.5532271,0.3652755
-0.5494169,-0.5004815,0.5747373,0.342544
-0.4306875,-0.5970833,0.5937496,0.3247479
-0.3940916,-0.6142318,0.6080699,0.3125096
-0.4185308,-0.5912851,0.6174669,0.3065104
-0.2414227,-0.6738037,0.6311275,0.2989677
0.2585428,-0.6584049,0.6418488,0.2961228
-0.44955,-0.5373569,0.6495436,0.2953737
-0.3128067,-0.6199341,0.6563268,0.2950745
-0.2585933,-0.639851,0.6603437,0.2960851
-0.160639,-0.6717504,0.6597229,0.2961625
-0.07721046,-0.6882114,0.6582245,0.2952019
0.02477932,-0.6968931,0.6548545,0.2913613
0.1890613,-0.6779159,0.6486697,0.2896782
0.4153436,-0.5773003,0.6397841,0.2913598
0.6391549,-0.3321494,0.6283491,0.2938286
0.7224481,-0.08263028,0.6171221,0.300668
0.7221308,0.1129059,0.6065409,0.3128695
0.6855878,0.2575617,0.5955675,0.3300466
0.5466652,0.4877233,0.5865135,0.3453766
0.4038789,0.6082835,0.5750456,0.3690468
0.4529281,0.5799009,0.5427906,0.4049065
0.4959726,0.5497967,0.5026397,0.4461929
0.5310014,0.5168644,0.4681274,0.4813996
0.5570469,0.4883329,0.4366364,0.5104687
0.5716472,0.4666026,0.4196794,0.5285553
0.576931,0.4530263,0.4233291,0.5317051
0.6675947,0.2993976,0.4231065,0.5344709
0.6048313,0.408664,0.4281954,0.5327491
0.459099,0.566386,0.4400349,0.5242178
0.3887097,0.6158351,0.4514875,0.5155686
0.3463919,0.6382818,0.4609669,0.5100182
0.09970839,0.7190866,0.4734954,0.4987733
0.03556252,0.7265034,0.4782272,0.4921654
0.07219027,0.7269964,0.4792542,0.4863951
0.2013889,0.7066294,0.4737746,0.4854433
0.297297,0.6759063,0.4697068,0.4838808
0.4190921,0.6115093,0.4622787,0.4865355
0.4737355,0.5727042,0.4586976,0.4870123
0.4890353,0.5631517,0.4547696,0.4867127
0.483263,0.5702382,0.4522839,0.4865436
0.510923,0.5464354,0.4495422,0.4881372
0.5314767,0.5265664,0.449103,0.488433
0.5349251,0.5203774,0.4510768,0.4894816
0.55298,0.4950237,0.4560472,0.4911064
0.5984177,0.4304548,0.4628423,0.4923231
0.5911478,0.4365756,0.4782829,0.4808237
0.5013052,0.5398796,0.4999213,0.455304
0.389392,0.6275465,0.5249636,0.4230514
0.2606776,0.6890166,0.5519689,0.3906836
0.2080969,0.6993337,0.5669569,0.3823453
-0.004318953,0.7224751,0.572009,0.3883514
-0.1275903,0.7106298,0.5749404,0.384928
-0.09414932,0.7150642,0.5738485,0.3879652
-0.1113513,0.7126005,0.5728639,0.3893947
-0.1327903,0.7078037,0.568839,0.3972442
-0.1783459,0.6972985,0.5654362,0.4028019
-0.265754,0.6647716,0.5644177,0.4109574
-0.2562779,0.6691619,0.558702,0.4176075
-0.28151,0.660009,0.5591133,0.4153705
-0.2540583,0.6748559,0.5539783,0.4160911
-0.2240762,0.6897237,0.5470434,0.4181084
-0.1916275,0.7041293,0.5397159,0.4197468
-0.1505108,0.7177485,0.5315728,0.4238088
-0.1454726,0.7200128,0.5279605,0.4262357
-0.1273868,0.7239132,0.5233529,0.4310732
-0.1122646,0.7259011,0.51968,0.4363451
-0.07695714,0.7294487,0.5158456,0.4425898
-0.08350541,0.7267494,0.5200397,0.4409317
-0.08874412,0.7240988,0.523114,0.4406327
-0.07755883,0.7242767,0.5218725,0.443911
0.01559965,0.7321947,0.5110894,0.4499278
0.1138846,0.7246705,0.5035836,0.456384
0.2536067,0.6915544,0.493632,0.4623458
0.4648492,0.5671453,0.4819815,0.4795365
0.5237673,0.5058746,0.4873967,0.4818746
0.5812685,0.4302237,0.5053292,0.4708257
0.7082167,0.1298556,0.517031,0.4628667
0.6399438,0.3249681,0.5318249,0.4494772
0.5966071,0.3994554,0.5443587,0.4337844
0.5375021,0.4782596,0.555414,0.4169826
0.4975901,0.5236567,0.5618193,0.4031709
0.5252548,0.49878,0.5657815,0.3939762
0.5496129,0.475957,0.5672892,0.3867473
0.5679813,0.4563168,0.5693488,0.3808074
0.4984568,0.5378448,0.5713603,0.3685255
0.6470745,0.3559724,0.5664102,0.3657289
0.6951292,0.2631481,0.5623747,0.3623304
0.7165542,0.2146839,0.5565556,0.3615341
0.7228122,0.2044938,0.5540569,0.3588115
0.7361559,0.1394919,0.5529349,0.3645262
0.7321836,0.151707,0.5515778,0.3696674
0.7214192,0.183968,0.5486535,0.3803807
0.7197068,0.1676144,0.5464833,0.3940603
0.7196551,0.1451766,0.5418687,0.4091438
0.7197786,0.133334,0.5374172,0.4187164
0.71464,0.1508398,0.5384029,0.4203086
0.667137,0.2914816,0.5457419,0.4148886
0.2808202,0.671059,0.5639724,0.3908391
0.2019729,0.6943699,0.5764803,0.3804313
0.0381462,0.7144636,0.5774114,0.3932973
-0.3257356,0.630513,0.5762495,0.4053223
-0.4441088,0.549136,0.5714506,0.417925
-0.4390759,0.5540028,0.5607867,0.4310588
-0.2958159,0.6457672,0.5507593,0.4383399
-0.3274316,0.6296248,0.5458468,0.4454351
-0.6405611,0.292583,0.542395,0.4581312
-0.6863545,-0.1362263,0.5406827,0.4669284
-0.6655166,-0.2041817,0.5396535,0.4734674
-0.6435946,-0.2661922,0.534206,0.4791156
-0.6798002,-0.1683346,0.5243903,0.4843036
-0.3543814,0.6138734,0.5102295,0.487072
0.09699208,0.7118954,0.4932187,0.4904414
0.1791934,0.7047793,0.4773883,0.4932303
0.2645396,0.6850435,0.4621123,0.4971784
0.2678443,0.6876343,0.4527588,0.5004277
0.4151988,0.6147105,0.4368624,0.5088146
0.3918503,0.6310485,0.4330519,0.5105851
0.3720785,0.6436815,0.4317386,0.5107187
0.3010232,0.6795269,0.4355101,0.5078968
0.2922535,0.6844699,0.431444,0.5098479
0.3766696,0.6491615,0.4132695,0.5156721
0.3917268,0.6422759,0.4133669,0.5129907
0.470755,0.5867883,0.4037021,0.5206666
0.4729577,0.5843067,0.3970241,0.5265629
0.3329776,0.6706592,0.424624,0.5089563
0.3230418,0.6718049,0.4461607,0.4952402
0.3498386,0.6519923,0.4667531,0.4844178
0.4157163,0.6060019,0.4852497,0.4737874
0.3984409,0.6163769,0.4992788,0.4604833
0.4109441,0.6071004,0.5100107,0.4499368
0.4356783,0.5895551,0.5174056,0.4414755
0.4191817,0.5989859,0.5219552,0.4393921
0.4384687,0.5829634,0.5228283,0.4410775
0.3961816,0.6100788,0.5243326,0.4426278
0.2964491,0.6608505,0.5262842,0.4454429
0.2241765,0.687655,0.5251771,0.448402
0.188521,0.6974936,0.5220269,0.4532664
0.1722654,0.7013519,0.5177506,0.458655
0.1883622,0.6975602,0.5132468,0.4631492
0.211993,0.6911199,0.5083697,0.467945
0.2344828,0.6841869,0.502463,0.4737477
0.2768675,0.6711103,0.4972826,0.4750426
0.3330724,0.6478644,0.4928312,0.4758696
0.3423373,0.6449177,0.4921764,0.473971
0.3333493,0.6509145,0.4919308,0.4724328
0.3348078,0.6509329,0.49027,0.473102
0.2998394,0.6690869,0.4888092,0.4727417
0.2632716,0.6835315,0.4862123,0.476519
0.2665637,0.6812724,0.4813742,0.4827946
0.2531977,0.6844226,0.477791,0.4890526
0.2019476,0.7002519,0.4770529,0.4912077
0.1501384,0.7118212,0.4778468,0.4923732
0.1508873,0.710216,0.4767127,0.4955512
0.1508971,0.7087238,0.4773651,0.4970544
0.1274445,0.7133275,0.4797809,0.4947039
0.1713857,0.7047896,0.4817132,0.4917832
0.2058323,0.6972007,0.4842571,0.4868669
0.2431999,0.6864278,0.4865841,0.4826039
0.2899154,0.6717787,0.4860413,0.4779396
0.3216213,0.660439,0.4848254,0.4746834
0.3495042,0.6493726,0.4843975,0.4706603
0.4026482,0.6208859,0.4828834,0.4681868
0.4029624,0.6227109,0.4834011,0.464947
0.4204996,0.6115351,0.4835296,0.4641163
0.4152959,0.6145814,0.4836349,0.4646679
0.4216365,0.6101459,0.4823687,0.466117
0.4295782,0.6051269,0.4799337,0.4679186
0.4225686,0.6096393,0.4777375,0.470683
0.4383973,0.598561,0.4744948,0.4736953
0.4336155,0.6038958,0.472825,0.4729946
0.4494176,0.5934547,0.4709779,0.4733024
0.4565444,0.5905381,0.471597,0.4694977
0.4509566,0.5958237,0.4741027,0.465681
0.4637418,0.5881743,0.474247,0.4626924
0.4532667,0.5975839,0.4771947,0.4579607
0.4605988,0.5924476,0.4777807,0.4567058
0.4794528,0.5774791,0.4774097,0.456862
0.4799662,0.5756742,0.4779315,0.4580537
0.4625649,0.5883633,0.4785167,0.4592213
0.47306,0.5780514,0.4765692,0.4636298
0.4679251,0.5796809,0.4763387,0.4670306
0.4706584,0.5751488,0.4754633,0.4707645
0.4652315,0.5771605,0.4765642,0.4725801
0.4308901,0.6018757,0.478526,0.4723263
0.4369473,0.5966914,0.4793054,0.4725494
0.4273107,0.6022904,0.4818287,0.4716915
0.4420262,0.5907217,0.4845868,0.4699323
0.4563899,0.5804106,0.4865752,0.4669864
0.4373342,0.5980848,0.489872,0.4594113
0.4513063,0.5907694,0.4918374,0.4532219
0.4533179,0.5928909,0.4929045,0.4472455
0.4623045,0.5898495,0.4925129,0.4424738
0.4805866,0.577719,0.4916164,0.4399893
0.5035422,0.5603281,0.4887391,0.4400135
0.5034541,0.5612139,0.4876026,0.4402463
0.5107594,0.5522333,0.4882323,0.4424843
0.5035065,0.5585588,0.4870885,0.4441149
0.5186217,0.5397775,0.4877452,0.4491953
0.5197538,0.5331545,0.4884283,0.4550165
0.5045424,0.5404496,0.4904448,0.4613189
0.4800774,0.556128,0.492693,0.46637
0.5144418,0.518761,0.4931199,0.4723024
0.490726,0.5400852,0.4939559,0.4727616
0.4963149,0.5346949,0.4929521,0.4741004
0.4656949,0.5627894,0.4925429,0.4730728
0.4688958,0.5616035,0.4910356,0.4728872
0.4623933,0.5682872,0.491329,0.4709968
0.4645038,0.5677529,0.4904207,0.4705108
0.469881,0.5651245,0.4906665,0.4680732
0.436205,0.5932903,0.4919114,0.4644944
0.4574603,0.5802819,0.4897272,0.4627855
0.4900358,0.557064,0.4871729,0.4606597
0.4741203,0.5749897,0.4869067,0.4555419
0.4960857,0.5614301,0.4858668,0.450143
0.5019618,0.559729,0.4851322,0.4465248
0.5171446,0.5478321,0.4837147,0.4454904
0.5127453,0.5530832,0.4840014,0.4437722
0.5108974,0.556486,0.4827678,0.4429926
0.4965543,0.5698538,0.483381,0.4416372
0.5007927,0.5647643,0.4825838,0.4442531
0.4831875,0.5786023,0.4829808,0.4455096
0.4796396,0.5785329,0.4827624,0.449651
0.4571771,0.5918806,0.4845171,0.4537729
0.4553465,0.5879848,0.4858102,0.4592623
0.4313175,0.601508,0.4877264,0.4628999
0.4194376,0.6058808,0.4894192,0.466315
0.4313531,0.5948126,0.4890222,0.4700955
0.4527039,0.5794842,0.486528,0.4717497
0.4204695,0.6028788,0.4868127,0.4719703
0.4454433,0.5858849,0.4840165,0.4733363
0.4263304,0.5997832,0.4848858,0.4726398
0.4320391,0.5956692,0.484791,0.472756
0.4388462,0.5915039,0.4859341,0.4705372
0.42468,0.6032731,0.4879188,0.4665231
0.4321155,0.5985131,0.4874766,0.4662885
0.4389286,0.5985993,0.4828784,0.4645956
0.396493,0.6283424,0.4874775,0.4586337
0.4672897,0.58254,0.4824494,0.4577444
0.485269,0.5724791,0.4795012,0.4548189
0.4818389,0.5791115,0.4788061,0.4507837
0.492456,0.5717555,0.4786224,0.4488913
0.4982019,0.5690731,0.4782784,0.4463189
0.4984823,0.571426,0.4772494,0.4440953
0.5168739,0.5558366,0.4757954,0.4444163
0.5124797,0.5596598,0.4756821,0.444828
0.5173891,0.5543362,0.4755936,0.4459044
0.5088394,0.5594191,0.4777532,0.4470847
0.4874693,0.5743145,0.4807161,0.4488302
0.4822316,0.5741648,0.4824659,0.4527848
0.4793416,0.5733588,0.4816325,0.4577351
0.4873682,0.5647238,0.4804423,0.4612316
0.4681966,0.579794,0.4801545,0.4626904
0.470015,0.578025,0.4779024,0.4653842
0.4789097,0.569659,0.4760746,0.4684944
0.4761616,0.5737001,0.474976,0.4674784
0.4670148,0.5821486,0.4743417,0.4669049
0.4479846,0.5977758,0.4749137,0.4652211
0.4498459,0.5980757,0.4743182,0.4636447
0.4679349,0.5869343,0.4717807,0.4625668
0.4604382,0.5937414,0.471091,0.4621052
0.4743668,0.5853638,0.4703805,0.4594209
0.4689856,0.5921259,0.4708518,0.4557829
0.4749101,0.5883467,0.471908,0.453444
0.4772825,0.5880359,0.4738984,0.4492613
0.4881617,0.5789038,0.475354,0.4478918
0.4920725,0.574931,0.4790359,0.4447962
0.5006155,0.5666831,0.4768678,0.4481647
0.5011442,0.566432,0.4764544,0.4483307
0.4830878,0.5810591,0.4767071,0.4491625
0.4857412,0.5787525,0.4758674,0.450168
0.4850554,0.5785083,0.4757467,0.4513475
0.4873368,0.5741997,0.4765209,0.4535699
0.4591608,0.5951067,0.4786442,0.4537833
0.4288841,0.614175,0.482128,0.454313
0.4310147,0.6086194,0.4842449,0.4575102
0.4018238,0.6254859,0.4865196,0.4589157
0.3801234,0.6378849,0.4869454,0.4598838
0.3956619,0.6284156,0.4865272,0.4602575
0.4222395,0.6123343,0.4850145,0.4599146
0.4010071,0.6277007,0.4868389,0.4562597
0.4322889,0.6098059,0.4854035,0.4534826
0.4462771,0.6007795,0.4852772,0.4521136
0.4410765,0.6071829,0.4866282,0.4471839
0.435525,0.6134482,0.4874959,0.4431107
0.4464908,0.6079428,0.4846013,0.4429595
0.4402108,0.6139423,0.4812805,0.4445878
0.4328488,0.618731,0.4802327,0.4463076
0.4166313,0.6272293,0.4812752,0.4487492
0.4038683,0.6325532,0.4827282,0.4513761
0.3899517,0.6375871,0.4836355,0.4555404
0.3685782,0.6482294,0.484172,0.4577403
0.3556436,0.6537066,0.4841378,0.4602128
0.3660028,0.6479585,0.4826858,0.4617426
0.3776971,0.6417501,0.4814827,0.4622512
0.3731666,0.6461969,0.4805431,0.460711
0.4025056,0.6302799,0.4780461,0.4606608
0.4235603,0.6198334,0.473798,0.4603464
0.4389974,0.6098815,0.4723682,0.4606453
0.4542073,0.6016561,0.4697354,0.4594065
0.4560184,0.6033752,0.4686032,0.4565048
0.4644956,0.6002646,0.4673136,0.4533698
0.4715017,0.5962602,0.4674535,0.4512729
0.4772879,0.5916929,0.4674381,0.4512175
0.4657453,0.6001646,0.4677427,0.451775
0.4662371,0.5979014,0.4667101,0.4553224
0.443711,0.6114291,0.4677809,0.4587548
0.442808,0.6096598,0.4669289,0.4628321
0.4350339,0.6119157,0.4696052,0.4645166
0.4410982,0.6051953,0.4729564,0.4642017
0.4522941,0.5946898,0.4765528,0.4633265
0.4478756,0.597998,0.4798557,0.4599396
0.4557704,0.5928947,0.4800691,0.4585662
0.4457168,0.6034563,0.4792925,0.4554731
0.4480665,0.6043915,0.4775817,0.4537216
0.4604301,0.5984586,0.4741524,0.4528032
0.4554459,0.6073487,0.4721233,0.4481028
0.4650832,0.6057984,0.4701439,0.4423466
0.4834776,0.5980034,0.4673789,0.4361174
0.4891768,0.5994441,0.465224,0.430046
0.4868507,0.6051426,0.464042,0.4259622
0.4908856,0.6036068,0.4628901,0.4247621
0.4956622,0.5980881,0.4627731,0.4271424
0.4829549,0.6056702,0.4648426,0.4287652
0.4764454,0.6064225,0.469074,0.4303731
0.4786678,0.601175,0.4705228,0.4336752
0.4809591,0.5946401,0.4722489,0.4382491
0.4593196,0.605077,0.4742304,0.4449865
0.4369633,0.6157848,0.4739761,0.4530109
0.3659843,0.6568983,0.4779456,0.4539915
0.3963189,0.6306658,0.4783717,0.465137
0.3588095,0.6489267,0.4817583,0.4669678
0.3600688,0.6463745,0.4811836,0.47012
0.3591206,0.6464481,0.4812316,0.4706945
0.3682134,0.6423033,0.4813274,0.4692434
0.3684897,0.642269,0.4817565,0.4686326
0.4005156,0.6231995,0.4817658,0.4680933
0.4095537,0.6191658,0.4818917,0.4654889
0.4192022,0.6152033,0.4814587,0.4625928
0.4188384,0.6185283,0.4807059,0.4592592
0.4452943,0.6033103,0.4786112,0.4567942
0.4559731,0.5996023,0.4775148,0.4522668
0.487902,0.5760098,0.4755772,0.4516532
0.5023431,0.5658413,0.4749473,0.4493331
0.5064526,0.5632533,0.4738027,0.4491798
0.4911004,0.5762799,0.4746364,0.448823
0.4988182,0.5673671,0.4736388,0.4527045
0.4981966,0.566547,0.4738364,0.4542066
0.5080007,0.5563603,0.4721125,0.4577206
0.5041832,0.5587918,0.4717071,0.4593947
0.5265345,0.5357845,0.4698365,0.463627
0.4948243,0.5640199,0.470469,0.4644238
0.5102552,0.5478603,0.4680885,0.4694487
0.5176371,0.537652,0.4675084,0.4737278
0.5151383,0.5372092,0.4674027,0.4770466
0.4794945,0.5677454,0.4671831,0.4790514
0.4459407,0.5919865,0.4686568,0.4806763
0.4164718,0.6111524,0.470119,0.4816971
0.3816581,0.6331846,0.4725915,0.479658
0.3821231,0.630999,0.4764183,0.4783804
0.3904144,0.6273239,0.4770243,0.4759089
0.3552881,0.6482465,0.4791169,0.4732798
0.3369917,0.6589815,0.4799206,0.4710162
0.361383,0.6477138,0.4781754,0.4703376
0.3581598,0.6518794,0.4772063,0.4680264
0.3739111,0.6462457,0.4744675,0.4663021
0.3932996,0.6374969,0.4713892,0.4655161
0.4051108,0.6337174,0.4688072,0.4631493
0.4268206,0.6225986,0.4656592,0.4619053
0.4324202,0.6220375,0.464118,0.4589952
0.451239,0.6100016,0.463079,0.4580821
0.4656516,0.5995232,0.4616897,0.4588934
0.4716572,0.5961707,0.4607538,0.4580677
0.4659706,0.6006842,0.4616612,0.4570765
0.475913,0.5920752,0.461359,0.4583685
0.4739791,0.5929077,0.4614652,0.4591887
0.4708607,0.5951226,0.4625278,0.458462
0.4828034,0.5839829,0.4625697,0.4603194
0.4839999,0.5838346,0.4635997,0.4582102
0.4856763,0.5829478,0.4654499,0.4556829
0.4957792,0.5751554,0.4661677,0.453968
0.5095037,0.5631559,0.467851,0.4520807
0.5238791,0.5491203,0.4691144,0.4516075
0.5361509,0.5371158,0.4707188,0.4499694
0.5478984,0.5237368,0.4728514,0.4493535
0.5675536,0.4995022,0.4763958,0.4488066
0.5978451,0.4621725,0.48002,0.4455991
0.6179404,0.4358087,0.4868548,0.4372559
0.6431767,0.3984828,0.495275,0.4268934
0.6578969,0.3756591,0.503845,0.4149604
0.6832557,0.3316009,0.5124048,0.4008038
0.7044504,0.2908875,0.5188083,0.387262
0.708378,0.2912049,0.5246565,0.3716663
0.7409085,0.2102259,0.5249487,0.3623378
0.7547306,0.1885149,0.5235466,0.3474805
0.7670394,0.1629165,0.523085,0.3339025
0.7797137,0.1320107,0.5204635,0.3220831
0.7867488,0.1301544,0.5209032,0.3045424
0.7961453,0.1001256,0.5208964,0.2911949
0.8049277,0.06049097,0.5203898,0.2786158
0.8097465,0.03902851,0.5219902,0.2651672
0.8118683,0.04337315,0.5266767,0.2481946
0.8120605,0.07803649,0.5291422,0.2334023
0.8119716,0.04559902,0.5335063,0.2323657
0.8083557,0.04739701,0.5396335,0.2304567
0.8039275,0.03169398,0.5473536,0.2304345
0.8012036,0.01622707,0.5542414,0.225002
0.8009115,0.01901592,0.5615104,0.2070872
0.8018524,0.00972335,0.5650555,0.194037
0.8069793,0.0294484,0.5614672,0.1807535
0.8115331,0.05348253,0.5555554,0.1729507
0.8192417,0.07007998,0.5441839,0.1667207
0.825252,0.07376716,0.5353907,0.1639339
0.8320797,0.09943716,0.5223619,0.1577764
0.8415467,0.08906691,0.5086752,0.15848
0.8473918,0.08273236,0.4991314,0.1610915
0.8490685,0.0797727,0.4944111,0.1681566
0.8492763,0.06741325,0.4925232,0.177781
0.8471326,0.08138954,0.4923575,0.1825549
0.8431417,0.08144441,0.4952967,0.1927692
0.8342591,0.1121406,0.5009274,0.2012658
0.824934,0.1052101,0.5089473,0.222233
0.8146414,0.08828838,0.5148718,0.2519358
0.8036213,0.08876289,0.5176017,0.2800043
0.7833331,0.1487636,0.5233341,0.300633
0.7655932,0.1850061,0.5222735,0.3269098
0.7505106,0.1957951,0.5226535,0.3538808
0.7196056,0.2627006,0.5232522,0.373314
0.6777519,0.3416023,0.5208531,0.3907331
0.6179581,0.4308552,0.5152153,0.408711
0.5580931,0.4979596,0.5082597,0.4268963
0.48011,0.5695224,0.4991499,0.4427053
0.4102205,0.6196777,0.4865834,0.4592986
0.3434207,0.6584554,0.4737031,0.4733962
0.2590849,0.70007,0.4564145,0.4842135
0.1854435,0.7290233,0.4405912,0.4899134
0.1091846,0.748697,0.4258145,0.4961993
0.07627857,0.7594662,0.4071675,0.5016046
0.04836369,0.7686729,0.3906059,0.504212
0.03425251,0.7760952,0.3747739,0.5060113
0.01372853,0.7813163,0.3623854,0.5079696
-0.01364739,0.7875162,0.3456631,0.5100481
0.004594743,0.7961842,0.3202887,0.5133076
0.07251859,0.8035138,0.2968788,0.5108519
0.06345586,0.810854,0.2842739,0.5076195
0.02354059,0.8207746,0.2794638,0.4976696
-0.01980717,0.8249367,0.2768818,0.4923654
-0.02416255,0.8313148,0.2689036,0.4858217
-0.02400636,0.8353302,0.2599097,0.4838326
-0.03723642,0.8366393,0.2568453,0.4823676
-0.04718201,0.8352304,0.2593856,0.4825798
-0.048912,0.8313193,0.2667513,0.4851387
-0.06397773,0.8240011,0.278121,0.4894667
-0.07988589,0.8141783,0.2880479,0.497755
-0.04685402,0.8114204,0.2877564,0.5065548
-0.01094235,0.8050733,0.2854261,0.5198742
-0.0240434,0.8001876,0.2897086,0.5245863
-0.005461782,0.798246,0.2866825,0.5297043
-0.001725331,0.7979403,0.2882127,0.5293599
0.02940154,0.7989776,0.2874575,0.5273886
0.03029907,0.8001934,0.2895734,0.5243279
0.05117823,0.8036098,0.2839276,0.5205546
0.05912086,0.8078541,0.2780519,0.5162982
0.06469544,0.8138158,0.2726702,0.5090866
0.07731534,0.8197325,0.2660962,0.5012522
0.07887458,0.8267606,0.262856,0.4910727
0.07558953,0.8344666,0.2602905,0.4797921
0.07890838,0.8397128,0.2552422,0.4727656
0.08268692,0.8441988,0.2550021,0.4641823
0.08572493,0.8443704,0.2566192,0.4624246
0.08739022,0.842504,0.2611066,0.4630047
0.09093945,0.8377526,0.2705767,0.4654984
0.1016387,0.8303205,0.2812564,0.4702469
0.1058472,0.8213765,0.2949814,0.4765741
0.1057131,0.8123599,0.3120185,0.4811866
0.1085843,0.7999933,0.3338558,0.4865804
0.07720372,0.7895195,0.3674123,0.4854963
0.1054024,0.7737177,0.3923364,0.4861311
0.1330612,0.7561615,0.4213957,0.4826388
0.2326627,0.7251901,0.4401259,0.4756642
0.3414239,0.6749706,0.4534182,0.4714407
0.4327659,0.6141654,0.4714143,0.4618258
0.514007,0.5441754,0.4842157,0.452996
0.5964236,0.4519587,0.4922947,0.4445876
0.6560335,0.3631126,0.5007092,0.4325038
0.6948032,0.290299,0.5065446,0.4199852
0.7098292,0.267227,0.5113658,0.4040264
0.729448,0.2271059,0.5151343,0.3885424
0.7395258,0.2181267,0.5197438,0.367952
0.7546144,0.1931503,0.5220905,0.347378
0.7697912,0.1704672,0.5238446,0.3224117
0.7818639,0.1598665,0.5239067,0.2977472
0.7931064,0.1453852,0.5223979,0.2773908
0.8012577,0.151466,0.5169305,0.260436
0.807754,0.1741538,0.5080489,0.2430851
0.8217941,0.1406034,0.5003552,0.233516
0.829986,0.1216739,0.4955188,0.2253438
0.8363554,0.1142818,0.4906863,0.2160469
0.8395908,0.1275123,0.4864213,0.2054805
0.8419165,0.1252261,0.4852283,0.2001216
0.8413569,0.120861,0.4878926,0.1986755
0.8386745,0.1269713,0.4907892,0.1990711
0.8362048,0.1041319,0.4968328,0.2075455
0.8292183,0.1045707,0.5046389,0.2163366
0.8243177,0.0856033,0.5098775,0.2306455
0.8193215,0.07077693,0.5119356,0.2482435
0.8104336,0.1102948,0.516074,0.2543622
0.8059321,0.1126175,0.5201468,0.259303
0.804918,0.08934785,0.5253382,0.2610435
0.80222,0.1072006,0.5290551,0.2550521
0.8013785,0.1207125,0.5296836,0.2503122
0.8024171,0.140205,0.5268515,0.2426868
0.8049104,0.1535904,0.5230421,0.2344272
0.8087595,0.1686306,0.516822,0.2244253
0.8117899,0.1831937,0.510406,0.2166169
0.8122182,0.2074993,0.5026997,0.2110415
0.8169416,0.2119391,0.4933779,0.210396
0.8258162,0.1941806,0.4846494,0.2131583
0.8327883,0.1838374,0.4749076,0.217095
0.8330743,0.1878436,0.4709017,0.2212547
0.8354814,0.190607,0.4668986,0.2182788
0.8369458,0.1852404,0.4650058,0.2213086
0.8351529,0.1902352,0.4653898,0.2230307
0.8378015,0.1560184,0.4654796,0.2389051
0.825819,0.1978431,0.4687655,0.2431875
0.8146818,0.2090002,0.4757969,0.2573518
0.7972497,0.2348105,0.4852497,0.2716428
0.7882698,0.2217613,0.4911539,0.2970194
0.7635518,0.2692172,0.4961018,0.3136778
0.7378727,0.3101116,0.496982,0.3352364
0.7130709,0.3411024,0.4972482,0.3576638
0.6686654,0.4106289,0.4946719,0.3735908
0.6301649,0.4580824,0.4902971,0.3907193
0.5867053,0.5050877,0.4836389,0.4083586
0.5338483,0.5551704,0.479405,0.4206696
0.4871738,0.595796,0.4716662,0.4303716
0.4512086,0.6233594,0.4630489,0.4397947
0.398863,0.6587995,0.455194,0.4468667
0.3804334,0.6741664,0.4411838,0.4540121
0.3300424,0.7045232,0.4293039,0.4587127
0.3088014,0.7197672,0.4102175,0.4672243
0.2852897,0.7330705,0.3923075,0.4767729
0.2224568,0.7579145,0.3767247,0.4838978
0.2135783,0.7642522,0.3603705,0.4903426
0.2292955,0.7678071,0.3358103,0.4951034
0.2706743,0.7623937,0.3100084,0.4993857
0.2063349,0.7874274,0.303683,0.495137
0.1509551,0.8041397,0.2990459,0.4910638
0.1185589,0.8147869,0.2949167,0.4848609
0.1161616,0.820969,0.2873167,0.4795471
0.09027974,0.827611,0.2857468,0.4746138
0.06054127,0.8306956,0.2888036,0.4720933
0.05570173,0.8300934,0.2876998,0.4744164
0.0605242,0.8269594,0.2869938,0.4796973
0.06677626,0.8215147,0.2891721,0.4868615
0.04515459,0.8172503,0.2972766,0.4916193
0.04439822,0.809947,0.3052516,0.4988348
0.1478815,0.7930708,0.2991224,0.5096034
0.1730576,0.7853101,0.2940921,0.5165741
0.2049245,0.7769621,0.2811038,0.5247061
0.1576769,0.7854065,0.2809873,0.5285081
0.1607789,0.7832824,0.2774281,0.5325904
0.1852843,0.7797382,0.2732769,0.5319753
0.1922816,0.7800918,0.2715718,0.5298429
0.2264399,0.7747505,0.2636495,0.5281813
0.2105399,0.7821315,0.2621587,0.5246103
0.2388039,0.7775192,0.2553461,0.5227187
0.194284,0.7943245,0.2596018,0.5137209
0.09241446,0.8153492,0.2772369,0.499805
0.1088509,0.8189987,0.2746299,0.4919056
0.1179375,0.8232858,0.2738386,0.4830154
0.1171231,0.8265581,0.2769674,0.4757868
0.1216876,0.8262989,0.2812749,0.4725535
0.1200062,0.8251964,0.2935278,0.4674299
0.1020569,0.8215028,0.3115601,0.4665275
0.1293355,0.8102491,0.3234989,0.4712932
0.2104213,0.7880566,0.3329624,0.4731023
0.2355457,0.7755019,0.34734,0.4716673
0.2078055,0.7737958,0.373737,0.467309
0.1747979,0.7715646,0.4006054,0.4622218
0.2086961,0.756841,0.4114305,0.462993
0.2483881,0.7424921,0.414656,0.4637554
0.2737473,0.7306432,0.4156474,0.4673974
0.2820631,0.7238933,0.4170452,0.4716908
0.297645,0.7146333,0.4179985,0.4753776
0.2995664,0.7106794,0.4208867,0.4775451
0.3217383,0.6994801,0.4218701,0.4787878
0.3296398,0.6930341,0.4273804,0.4778989
0.3315365,0.6912315,0.4367171,0.4707023
0.3297359,0.6906875,0.4456482,0.4643518
0.3478557,0.676623,0.4566823,0.4611064
0.3640732,0.6665286,0.4655592,0.4543622
0.392508,0.6492519,0.4733773,0.4475749
0.4096276,0.6377887,0.4826689,0.4387044
0.4415637,0.6151483,0.4894705,0.4324727
0.4624842,0.5991568,0.4949375,0.4267977
0.480357,0.5856122,0.4966417,0.4238663
0.499608,0.5692395,0.4941209,0.4268522
0.4892217,0.5789228,0.4905501,0.4299664
0.4782081,0.5867297,0.4863034,0.4365482