-0.3943929,0.4653488,-0.07889552,0.788467
0.3190081,0.6876947,-0.06947289,0.6484469
0.3879288,0.6411574,-0.07059124,0.6583656
0.3817632,0.6456046,-0.07042138,0.6576416
0.3758935,0.6492746,-0.06987418,0.657468
0.381509,0.6459848,-0.07057999,0.6573986
0.3821548,0.6466588,-0.07149377,0.6562611
0.4009181,0.6382374,-0.07664397,0.6527199
0.4056269,0.6394103,-0.08104774,0.6481146
0.4223859,0.6335716,-0.0888776,0.6420887
0.429756,0.6325971,-0.09445682,0.6373449
0.4498906,0.6182417,-0.09905416,0.6368389
0.5065235,0.5668482,-0.1088406,0.6405239
0.5324682,0.5438978,-0.1211276,0.6371663
0.5250173,0.5571667,-0.1269322,0.630722
0.5486128,0.5150601,-0.1097859,0.6493723
0.697831,-0.03046694,-0.08520901,0.7105231
0.1069421,-0.5951239,-0.03738144,0.7956088
-0.1194929,-0.5507607,-0.002270993,0.8260623
-0.2504906,-0.5703627,0.0004573315,0.7822663
-0.3840907,-0.5062957,0.01291195,0.7719924
-0.3992022,-0.454262,0.03329946,0.7957228
-0.2704793,-0.491307,0.02445645,0.8275629
-0.08916293,-0.5419506,-0.005633458,0.8356481
0.4399059,-0.4633358,-0.07580599,0.765543
0.6883292,0.1965421,-0.1227292,0.6873949
0.6003635,0.4481797,-0.1337657,0.6486951
0.6103506,0.4339346,-0.1430578,0.647076
0.6656533,0.2945227,-0.130474,0.6731557
0.6461996,-0.201985,-0.09452406,0.7298585
0.04170419,0.6196469,-0.02253366,0.783448
0.2870306,0.5481488,0.006776437,0.7855574
-0.09367634,0.6224739,-0.03626694,0.7761673
-0.2628783,0.5562301,-0.05638562,0.7863356
-0.3453838,0.4973215,-0.07138492,0.7926447
-0.3917328,0.4581148,-0.08131872,0.7937654
-0.6708658,0.1401228,-0.09266698,0.7223001
-0.5136073,-0.5455525,-0.09191199,0.6558448
-0.3583063,-0.6917207,-0.09411439,0.6199044
-0.3094494,-0.733552,-0.09979261,0.5968115
-0.4642921,-0.6136602,-0.1099605,0.6290967
-0.6972907,-0.133846,-0.1034392,0.6965424
-0.3265084,0.5256138,-0.06425482,0.7829391
-0.1053384,0.5500285,-0.0365798,0.827668
-0.1961212,0.5634153,-0.04934095,0.8010401
-0.1943324,0.559338,-0.04945519,0.8043196
-0.05652754,0.5722294,-0.0298353,0.8175989
0.01756528,0.57089,-0.01894034,0.8206201
-0.2436119,0.5466576,-0.05671857,0.7991255
-0.6754567,0.05413771,-0.1342294,0.7230559
-0.6381429,-0.3821541,-0.1691697,0.6466168
-0.5209485,-0.5819347,-0.1652195,0.6022186
-0.5235048,-0.5815685,-0.1717579,0.5985148
-0.5874579,-0.4819956,-0.1584343,0.6304539
-0.6918932,-0.02209881,-0.1296241,0.7099247
-0.2920254,0.5275282,-0.06356634,0.7952324
-0.04852263,0.561428,-0.02855035,0.8256083
-0.2204987,0.570945,-0.05142459,0.7891499
-0.2736198,0.5517516,-0.05775886,0.7857266
-0.2980922,0.5121506,-0.06608039,0.8027928
-0.3572064,0.4630005,-0.07948297,0.8072896
-0.375183,0.4713099,-0.07794334,0.7943736
-0.6918219,0.03752652,-0.1025232,0.7137668
-0.6108164,-0.4162638,-0.1078466,0.6648285
-0.5102354,-0.5703111,-0.1191144,0.632627
-0.5508366,-0.5245102,-0.1286758,0.6363258
-0.6932992,-0.1648446,-0.1149472,0.6920619
-0.3750044,0.4981073,-0.07037546,0.778658
-0.007158183,0.5436785,-0.01958392,0.8390345
-0.04193737,0.5841523,-0.02852179,0.8100579
-0.1002903,0.6155691,-0.03671275,0.7808128
0.1292176,0.5937261,-0.01002121,0.794161
0.2290061,0.5360523,0.01042442,0.8124627
0.2238539,0.5379757,0.0092685,0.8126412
-0.1221887,0.6264192,-0.03921642,0.7688505
-0.7003446,-0.0925895,-0.0999721,0.7006783
-0.6171355,-0.4113144,-0.1224994,0.6595135
-0.5887456,-0.4697272,-0.1362726,0.6435564
-0.5860093,-0.4694601,-0.1271292,0.6481038
-0.6677097,-0.2803664,-0.1076775,0.6811491
-0.4443815,0.4875913,-0.06468238,0.7487296
0.1721763,0.5844473,-0.005307652,0.7929366
0.1471768,0.6134434,-0.01361295,0.775784
-0.01786293,0.6382766,-0.02974921,0.7690246
-0.3085645,0.5325078,-0.06277056,0.7856738
-0.4032896,0.4253684,-0.08989172,0.8051949
-0.4535156,0.405567,-0.09364069,0.7880802
-0.6862973,0.02752852,-0.1228453,0.7163429
-0.6876255,-0.1878553,-0.1520104,0.684671
-0.6703504,-0.2810621,-0.1679527,0.6659026
-0.6465277,-0.3604324,-0.1637061,0.6521432
-0.6381031,-0.3781558,-0.1482346,0.6541018
-0.6576436,-0.3239043,-0.1416058,0.6652359
-0.6763798,-0.2573898,-0.1426668,0.6752089
-0.6800541,-0.2396253,-0.1476359,0.6769859
-0.677662,-0.250725,-0.1519677,0.6744013
-0.6758238,-0.2593611,-0.1507618,0.6732495
-0.6805575,-0.2372198,-0.1448216,0.6779344
-0.6910825,-0.1504647,-0.1494076,0.6909723
-0.6899523,-0.09404171,-0.1569167,0.7003565
-0.6854101,-0.00145328,-0.1403942,0.714493
-0.658937,0.1197554,-0.1268438,0.7316908
-0.5966299,0.2623234,-0.1091713,0.7505337
-0.4224433,0.4621976,-0.07786641,0.7757912
-0.2223163,0.5603621,-0.05180264,0.7961698
-0.04586699,0.5981352,-0.0295034,0.7995374
-0.2062408,0.5929466,-0.04758865,0.7769263
-0.6030749,0.3026425,-0.07894599,0.7338091
-0.7016658,-0.0690456,-0.09345245,0.7029684
-0.6956487,-0.1507969,-0.09813949,0.6954868
-0.6819106,0.1031638,-0.09148601,0.7183212
-0.4465859,0.4567942,-0.07554053,0.7656329
-0.1600753,0.5408946,-0.04529304,0.8244741
-0.09284879,0.5147427,-0.03244156,0.8516845
-0.1023354,0.5381238,-0.03425202,0.8359288
-0.07047095,0.5323323,-0.02707746,0.8431625
-0.07291207,0.5006106,-0.02519051,0.8622288
-0.09831475,0.4914171,-0.03038657,0.8648236
-0.09533551,0.4983208,-0.03015721,0.8612073
-0.05903021,0.5111357,-0.02346426,0.8571494
-0.0477786,0.5051253,-0.02150761,0.8614541
-0.04655147,0.497584,-0.02149289,0.8658991
-0.03288946,0.5042883,-0.02003952,0.8626761
-0.2203876,0.5283881,-0.05493765,0.818057
-0.5584059,0.3203863,-0.09943192,0.7587152
-0.6841121,0.05077147,-0.1152934,0.7184152
-0.6967868,-0.035339,-0.1147813,0.7071524
-0.6625129,0.1571065,-0.09624824,0.7260375
-0.3948527,0.4815261,-0.07370652,0.7789681
-0.127473,0.514724,-0.03960621,0.8469009
-0.1086128,0.4934847,-0.0346869,0.8622488
-0.06496274,0.5311608,-0.0267177,0.8443543
-0.01867986,0.5145609,-0.01470764,0.8571241
-0.07368028,0.4714354,-0.02314099,0.8785126
-0.1028288,0.4603989,-0.02982985,0.8812317
-0.08606298,0.4883257,-0.02720399,0.867981
-0.04621473,0.5000947,-0.0195863,0.8645149
-0.03892293,0.4945603,-0.01874879,0.8680689
-0.02719765,0.4952309,-0.01751784,0.8681588
0.01719453,0.5321661,-0.01424147,0.8463456
-0.245228,0.5789453,-0.05190955,0.7758808
-0.6313658,0.2506037,-0.08154947,0.7293317
-0.6991467,-0.02819172,-0.1024936,0.7070318
-0.6998278,-0.07209742,-0.1065386,0.7026326
-0.6699682,0.1455599,-0.09044671,0.7223394
-0.3673501,0.5036774,-0.06912348,0.7788356
-0.1262481,0.5187899,-0.03964919,0.8445984
-0.0864244,0.5247095,-0.03144912,0.8462989
-0.10065,0.5324658,-0.03325812,0.8397878
-0.1059889,0.4918227,-0.03218135,0.8636209
-0.1309432,0.4528375,-0.03665552,0.8811631
-0.1284313,0.450654,-0.03578642,0.8826866
-0.1069536,0.4746993,-0.03125712,0.8730662
-0.08076441,0.4750137,-0.02560458,0.8758901
-0.0696723,0.4639839,-0.02311387,0.8827969
-0.06077719,0.4530643,-0.02088783,0.8891584
-0.02973041,0.502346,-0.01962643,0.8639324
-0.2703507,0.5534022,-0.05674347,0.7857714
-0.6024503,0.3041394,-0.07809052,0.7337948
-0.6949221,0.02658719,-0.09706447,0.7120077
-0.7011666,-0.04658291,-0.0958584,0.7049869
-0.6416817,0.2310175,-0.08058378,0.7268988
-0.3320593,0.5187387,-0.06567526,0.7850692
-0.02468079,0.5170659,-0.02005105,0.8553547
0.004510078,0.470606,-0.0081268,0.8822945
-0.002657335,0.5050213,-0.01163924,0.8630243
-0.06243458,0.4686983,-0.02021722,0.8809171
-0.0624695,0.4242655,-0.01538201,0.9032495
-0.05716159,0.4214128,-0.01311608,0.9049706
-0.06352331,0.437763,-0.01669884,0.8966881
-0.0544612,0.4522039,-0.01654779,0.8900965
-0.03007842,0.4694192,-0.01369231,0.8823568
0.00472055,0.4945703,-0.0104261,0.8690623
0.03376721,0.5097491,-0.008268781,0.8596205
-0.1307127,0.5666329,-0.04113995,0.8124954
-0.4758123,0.4652551,-0.06481546,0.7435989
-0.6901058,-0.180708,-0.07842317,0.6963824
-0.6210326,-0.3818018,-0.08515337,0.6791869
-0.6790797,-0.2307545,-0.08311298,0.6918782
-0.6082159,0.2912721,-0.08070976,0.7339754
-0.3069877,0.5077285,-0.06691735,0.8021798
-0.1554009,0.4969391,-0.04481064,0.8525808
-0.222304,0.4678765,-0.05911659,0.8533334
-0.228162,0.4601392,-0.06112644,0.855849
-0.2157389,0.4636472,-0.058561,0.8573556
-0.2031802,0.4712345,-0.05538183,0.8564979
-0.1733448,0.4885052,-0.0477273,0.8538364
-0.1126101,0.5143633,-0.0343673,0.8494517
-0.07176881,0.5329608,-0.02746565,0.8426433
-0.09412092,0.5217577,-0.03243153,0.8472652
-0.06291978,0.5346716,-0.02821473,0.8422419
-0.1214647,0.584103,-0.03955969,0.8015641
-0.4353707,0.4918286,-0.06512266,0.7512099
-0.6871897,0.1067086,-0.07706514,0.7144541
-0.6673146,-0.2662376,-0.07833093,0.691139
-0.6615702,-0.283755,-0.07968453,0.6895349
-0.6666594,-0.2640912,-0.07260299,0.6932172
-0.7001045,-0.1131754,-0.0750545,0.7010077
-0.7022007,-0.01610756,-0.08405098,0.706817
-0.7019503,-0.06541371,-0.09184718,0.7032432
-0.6971886,-0.1318602,-0.1077635,0.6963676
-0.6960124,-0.1166828,-0.1273298,0.6969498
-0.6935323,-0.1312425,-0.1398643,0.6944252
-0.6922812,-0.1490839,-0.1420515,0.6916227
-0.6920301,-0.154093,-0.1413925,0.6909109
-0.6927463,-0.1504748,-0.1379028,0.6916956
-0.6938155,-0.1346648,-0.1370763,0.6940429
-0.6936218,-0.08849999,-0.1405885,0.7009219
-0.6895117,-0.02900565,-0.1389396,0.7102309
-0.6924637,-0.02899918,-0.1296972,0.7091063
-0.6966739,-0.07118106,-0.1244338,0.7029189
-0.6977605,-0.1127336,-0.1153803,0.6979319
-0.6835345,-0.2222362,-0.1124105,0.6861163
-0.6484935,-0.331423,-0.1005649,0.6778656
-0.636435,-0.3603397,-0.1016689,0.6743658
-0.637987,-0.361423,-0.1097766,0.6710404
-0.6291852,-0.3865747,-0.1207543,0.6634036
-0.6169794,-0.4184155,-0.1346925,0.6527808
-0.614507,-0.4286575,-0.1475442,0.6456506
-0.6272513,-0.4061074,-0.1612286,0.6446999
-0.647158,-0.3582088,-0.1739026,0.6501006
-0.6586869,-0.3201217,-0.1908253,0.6536354
-0.6589634,-0.3115286,-0.2112042,0.6512372
-0.6626133,-0.2840268,-0.2246531,0.655594
-0.6647907,-0.2352839,-0.2426834,0.6661828
-0.6578096,-0.1867008,-0.2655534,0.6796401
-0.6426956,-0.1269981,-0.2806256,0.701472
-0.6260529,-0.09621999,-0.2931564,0.7161416
-0.6047379,-0.07102415,-0.306263,0.7317449
-0.5823545,-0.05873427,-0.3218309,0.7442031
-0.5553526,-0.04866496,-0.3374491,0.7585139
-0.5185992,-0.03747296,-0.3504333,0.779004
-0.4786608,-0.02993302,-0.3590966,0.8006482
-0.4392003,-0.02878371,-0.366158,0.8198799
-0.4001541,-0.02357663,-0.3652717,0.8401771
-0.3627038,-0.02333422,-0.3597853,0.8593347
-0.3324436,-0.03807471,-0.3582436,0.8716038
-0.3129197,-0.05269256,-0.3534446,0.8799896
-0.3119574,-0.05495639,-0.3550165,0.8795599
-0.321039,-0.05503431,-0.3573179,0.8753451
-0.3374124,-0.05308193,-0.3567328,0.8695269
-0.3559629,-0.05740111,-0.3571142,0.8616641
-0.3930155,-0.04794428,-0.3624243,0.843735
-0.4256197,-0.04035385,-0.3569011,0.8305667
-0.4582209,-0.02937177,-0.3450127,0.8186191
-0.4935183,-0.01608248,-0.3309018,0.8041672
-0.520754,-0.007456481,-0.315841,0.7930979
-0.5378126,0.001371592,-0.298849,0.7883178
-0.5479264,0.01889521,-0.2787818,0.7884797
-0.5555922,0.04517375,-0.2570787,0.789422
-0.5617289,0.06301691,-0.2412513,0.788852
-0.5735799,0.07153358,-0.2300203,0.7829303
-0.5806433,0.08521064,-0.2175775,0.7799054
-0.5865498,0.09304234,-0.2086803,0.7770168
-0.5950099,0.1046552,-0.1969844,0.7721449
-0.5942231,0.1305941,-0.1824961,0.7723595
-0.5913547,0.1573089,-0.1691194,0.7726268
-0.5878857,0.1846611,-0.15609,0.7719628
-0.5936873,0.2022641,-0.1432174,0.7655804
-0.5882924,0.242625,-0.1249533,0.7612042
-0.565239,0.3046576,-0.1055301,0.7593101
-0.5350915,0.3650258,-0.08957398,0.7565776
-0.5292015,0.3886644,-0.08031365,0.7499569
-0.5482236,0.3738554,-0.07815932,0.7440256
-0.5656614,0.3505987,-0.08027044,0.7420677
-0.5785987,0.3331774,-0.08121425,0.740014
-0.574715,0.3385093,-0.0809235,0.7406521
-0.5550353,0.3629028,-0.08011192,0.7441905
-0.5417963,0.3784839,-0.07923603,0.7462763
-0.5340663,0.3816946,-0.08153474,0.7499564
-0.5264928,0.3809361,-0.08542442,0.7552454
-0.5410647,0.3548684,-0.09187916,0.7568854
-0.5670703,0.3039206,-0.1047589,0.7583463
-0.5833118,0.2476505,-0.1247344,0.7634513
-0.5852215,0.2232492,-0.1363173,0.767524
-0.598225,0.1876004,-0.1475357,0.7649616
-0.6218951,0.1301193,-0.1617641,0.7550814
-0.6377506,0.08635706,-0.1716915,0.745881
-0.6505064,0.03226915,-0.1868488,0.7354506
-0.6603831,-0.02612978,-0.2028105,0.7225506
-0.653482,-0.0265649,-0.2144307,0.7254483
-0.6470541,-0.05187082,-0.2364797,0.7229853
-0.638045,-0.06588569,-0.2561811,0.7231383
-0.6265426,-0.06744531,-0.2722545,0.7271678
-0.6136425,-0.07537183,-0.2917644,0.7298187
-0.6020543,-0.07803246,-0.3073351,0.7327937
-0.5901628,-0.07130952,-0.318886,0.7381969
-0.5718626,-0.05627978,-0.3294978,0.7491574
-0.5477107,-0.03788446,-0.3388835,0.7640259
-0.5188845,-0.00883694,-0.3422539,0.7832898
-0.4777644,0.02197552,-0.3406557,0.8094516
-0.4269978,0.02474362,-0.3454387,0.835304
-0.3738169,0.002509698,-0.3513501,0.858375
-0.3332831,-0.02091487,-0.353106,0.8739572
-0.3029854,-0.03958765,-0.3504885,0.8853194
-0.2860066,-0.04904519,-0.3472974,0.8917283
-0.2851918,-0.04979509,-0.3473955,0.8919094
-0.296422,-0.04622936,-0.3469024,0.8886256
-0.3320033,-0.03309236,-0.3529309,0.8741387
-0.3793171,-0.02232565,-0.356589,0.8535012
-0.4218057,-0.02180701,-0.3539128,0.834476
-0.4690199,-0.02069576,-0.3476375,0.8116281
-0.5030074,-0.02243188,-0.3351108,0.7963549
-0.5317933,-0.02077228,-0.3193263,0.7840888
-0.5520668,-0.01562582,-0.3017063,0.777143
-0.5714521,-0.01145512,-0.2865872,0.7688817
-0.5894727,-0.006281614,-0.2706639,0.7610673
-0.5984733,0.004519105,-0.2554412,0.7593148
-0.6051046,0.02338079,-0.2381871,0.7593211
-0.6090469,0.04649943,-0.221044,0.7602888
-0.6110241,0.06886056,-0.2058893,0.7612604
-0.6052672,0.1072039,-0.187734,0.7661037
-0.6147613,0.1206859,-0.1734274,0.7598858
-0.6187211,0.1377636,-0.1605138,0.7565981
-0.6230129,0.1627325,-0.1428848,0.7516361
-0.6337107,0.1651997,-0.1308938,0.7443029
-0.6466219,0.1567951,-0.1206842,0.7367026
-0.6719574,0.1067407,-0.1110759,0.7243906
-0.6996776,-0.05017373,-0.1056714,0.7048173
-0.6555072,-0.3098728,-0.09421834,0.6822112
-0.5392491,-0.5066123,-0.08343351,0.6675277
-0.538934,-0.5048957,-0.08097218,0.6693833
-0.5608605,-0.4770142,-0.08225548,0.6716599
-0.5183088,-0.5245497,-0.07534651,0.6712127
-0.4780004,-0.5643784,-0.0720164,0.6691832
-0.4787169,-0.5631074,-0.0714988,0.669797
-0.5004601,-0.5418155,-0.07269606,0.6713352
-0.4802587,-0.5634443,-0.07322316,0.6682219
-0.387712,-0.6408794,-0.0702375,0.6588017
-0.2570839,-0.7156061,-0.06368043,0.646344
-0.05232039,-0.7718233,-0.04632031,0.6319855
0.1137642,-0.7626798,-0.02764098,0.6360921
0.6472916,-0.326426,0.004718214,0.6887941
-0.333455,-0.5835332,-0.009440362,0.7404105
0.09133534,-0.6487892,-0.03162679,0.7548047
0.259581,-0.5716304,-0.05046441,0.7767301
0.3329881,-0.5031273,-0.06875178,0.7945156
0.3164735,-0.4847291,-0.07204104,0.8122144
0.2998266,-0.4717444,-0.07251067,0.8260167
0.3106833,-0.453556,-0.07750367,0.8317187
0.3080509,-0.4400402,-0.07961921,0.8397202
0.2969303,-0.4379892,-0.07819323,0.8449164
0.2817299,-0.4388443,-0.07529017,0.8499267
0.271253,-0.4407953,-0.07291521,0.8525283
0.2620908,-0.4449029,-0.07029612,0.85348
0.2353191,-0.4665186,-0.06166466,0.8504015
0.2080053,-0.4981422,-0.05273597,0.8401232
0.1295242,-0.5372318,-0.03502066,0.8326938
-0.008694163,-0.5759992,-0.01186484,0.8173178
-0.1990895,-0.5881886,0.004750215,0.7838207
-0.5220619,-0.4107704,0.02347584,0.7471063
-0.6841078,-0.1150807,0.03315699,0.7194815
-0.7000053,-0.03288087,0.03496522,0.7125229
-0.7065047,0.07989737,0.005325139,0.7031636
-0.6751932,-0.2303355,-0.05951032,0.698225
-0.6837157,-0.2116569,-0.08158678,0.6935978
-0.6712201,-0.2575966,-0.08241788,0.6901558
-0.6671576,-0.2757977,-0.09243914,0.685778
-0.6860038,-0.2068682,-0.09587705,0.69095
-0.6992268,-0.1184463,-0.09279206,0.6988862
-0.7007846,-0.1063434,-0.07754815,0.7011265
-0.6983411,-0.1244488,-0.0620842,0.7021238
-0.6987986,-0.1131879,-0.04665574,0.7047639
-0.3357232,-0.6161347,-0.03607689,0.7115943
-0.5128481,-0.472309,-0.02849427,0.7163094
-0.5335764,-0.4473606,-0.02576366,0.7172871
-0.08678436,-0.6930988,-0.03586049,0.7147002
0.6045284,-0.3456193,-0.05129138,0.7158645
0.683802,-0.1339952,-0.06835639,0.7139941
0.6938761,-0.06960958,-0.07868204,0.7123899
0.7000561,-0.01254359,-0.08390912,0.7090298
0.7007586,0.006367236,-0.08795294,0.7079273
0.6991165,-0.007562548,-0.09024644,0.7092493
0.6992646,-0.007211149,-0.0897474,0.7091702
0.7003682,-0.0007776916,-0.08730653,0.7084218
0.7026325,0.07001522,-0.08421186,0.7030745
0.67475,0.2444805,-0.08080307,0.6916739
0.5199913,0.5179215,-0.0706442,0.6755559
0.2057181,0.7265982,-0.05577154,0.6531652
-0.01407489,0.7767148,-0.03915653,0.6284767
-0.1532987,0.7661567,-0.02103931,0.6237473
-0.4995317,0.5553052,0.006235927,0.6648799
0.5927309,0.3482021,0.002894133,0.7262348
-0.04678461,0.664209,-0.02883199,0.7455242
-0.2487663,0.6076919,-0.0424967,0.7530074
-0.3231084,0.5525154,-0.05432716,0.7664047
-0.3295197,0.5210797,-0.06265828,0.7848355
-0.3316371,0.4970791,-0.06892644,0.7988607
-0.3351625,0.4729846,-0.07527974,0.8113474
-0.3252412,0.4601842,-0.07741809,0.8224689
-0.3294182,0.4493557,-0.08055025,0.8264835
-0.3325124,0.4460441,-0.08184892,0.8269105
-0.3230927,0.4486332,-0.08018412,0.8294033
-0.3258033,0.4426734,-0.08180875,0.8313842
-0.3253413,0.4337044,-0.08347147,0.8361137
-0.3050583,0.4406653,-0.07870927,0.8405702
-0.2512729,0.4701841,-0.06433746,0.8435932
-0.2010037,0.4990175,-0.05173633,0.8413693
-0.1447463,0.530992,-0.03951149,0.8339874
-0.020075,0.5684776,-0.01845812,0.8222467
0.1006994,0.6003158,-0.007531337,0.7933623
0.1596013,0.6042141,-0.005663462,0.780654
0.05383325,0.6379309,-0.02086776,0.7679262
-0.5624768,0.3681062,-0.07192004,0.7368482
-0.6969259,-0.04194921,-0.117034,0.7062843
-0.6983892,-0.105542,-0.1127358,0.6988592
-0.6948245,-0.1538471,-0.1104899,0.6937882
-0.6874986,-0.201396,-0.1043522,0.6898521
-0.6877894,-0.1984913,-0.09814289,0.6913139
-0.6751726,-0.2438747,-0.08317557,0.6911939
-0.6393169,-0.3303504,-0.06860015,0.6909679
-0.5609297,-0.4507709,-0.05594462,0.6921225
-0.4026891,-0.5914876,-0.04463014,0.6971314
0.2272067,-0.6728102,-0.03802687,0.7030345
-0.5442615,-0.4438566,-0.03304133,0.7111112
-0.5160642,-0.4692017,-0.0286196,0.7160367
-0.4425136,-0.5353071,-0.02848768,0.7188995
-0.3871214,-0.5746617,-0.02905957,0.7204556
-0.0808004,-0.6887298,-0.03607685,0.7195978
0.3485181,-0.6014565,-0.04348345,0.7175615
0.5953005,-0.3693206,-0.04661682,0.712072
0.7042426,-0.04700595,-0.04744288,0.7068112
0.6491919,0.2896186,-0.04826289,0.7016706
0.554444,0.4545097,-0.05201891,0.6952028
0.5390681,0.4765252,-0.05441298,0.6923646
0.5699289,0.4453809,-0.06295285,0.6876436
0.5700057,0.4520306,-0.06960762,0.6825809
0.4939142,0.5480723,-0.07256624,0.6711183
0.4312049,0.6120825,-0.07606448,0.6585072
0.3335722,0.6803308,-0.07081427,0.6487411
0.1870192,0.7213994,-0.0486171,0.6650135
0.6335458,0.3036712,-0.0215165,0.7112949
0.07579937,0.6755565,-0.02571473,0.7329506
-0.2893585,0.5979658,-0.04471633,0.7461293
-0.3875966,0.5203568,-0.05998151,0.7585512
-0.4022844,0.493894,-0.06736384,0.7679181
-0.3554649,0.4936432,-0.0704834,0.7905651
-0.3652169,0.47943,-0.07427697,0.7945101
-0.3293939,0.4819935,-0.07223012,0.8086809
-0.3049567,0.4836356,-0.06966583,0.8174624
-0.3004616,0.4790912,-0.07026175,0.8217407
-0.2934645,0.4811772,-0.06921247,0.8231385
-0.2919225,0.4740788,-0.07044721,0.8276882
-0.2957613,0.4636574,-0.07287326,0.8320076
-0.2933159,0.4618067,-0.07278463,0.8339081
-0.2779289,0.4648561,-0.06969502,0.8377391
-0.2071242,0.4843597,-0.05356883,0.8483074
-0.09858295,0.5046495,-0.02895356,0.8571885
-0.04757006,0.5260139,-0.01967842,0.8489165
-0.02264925,0.5386852,-0.01696073,0.8420318
-0.06033973,0.5496564,-0.02604268,0.8328018
-0.1494373,0.5529423,-0.04226219,0.8186191
-0.2912033,0.5196825,-0.06374024,0.8006672
-0.5975682,0.2492951,-0.1144022,0.753443
-0.6526262,0.137257,-0.1237111,0.7348028
-0.6556952,0.1251222,-0.1264944,0.7337626
-0.6766723,0.0653294,-0.1251216,0.722628
-0.691978,-0.0007078648,-0.120038,0.7118685
-0.6983777,-0.07276094,-0.1157393,0.7025516
-0.696028,-0.143461,-0.1089083,0.6950561
-0.6809704,-0.2298718,-0.09932125,0.6881667
-0.6531689,-0.3150986,-0.0928396,0.6822492
-0.6190234,-0.3868522,-0.08737111,0.6778803
-0.5983955,-0.4229771,-0.08619049,0.6749699
-0.5855564,-0.4430661,-0.08522829,0.673463
-0.5862396,-0.4429822,-0.08649033,0.6727624
-0.5823543,-0.447528,-0.08458307,0.6733704
-0.5683991,-0.4644344,-0.07999459,0.6744064
-0.5699352,-0.4607898,-0.07824643,0.6758137
-0.58562,-0.4360908,-0.07673904,0.6789589
-0.6176624,-0.3824587,-0.07792553,0.6827488
-0.641835,-0.3335259,-0.079007,0.6859783
-0.6511246,-0.3115384,-0.07905141,0.6875547
-0.6616763,-0.2836385,-0.07887331,0.6895743
-0.6652753,-0.273351,-0.07894889,0.6902573
-0.6534173,-0.3044477,-0.07714686,0.6887711
-0.6401992,-0.3345912,-0.07546943,0.6873849
-0.6064118,-0.3988227,-0.07302943,0.6840117
-0.593923,-0.4183596,-0.071363,0.6834749
-0.6078899,-0.3974015,-0.07444015,0.6833745
-0.6394478,-0.3386996,-0.07881582,0.6856946
-0.6531422,-0.3073857,-0.08042371,0.687351
-0.6653458,-0.2759998,-0.08360431,0.688585
-0.6661227,-0.2744454,-0.08495945,0.6882894
-0.6664786,-0.2733522,-0.08488056,0.6883895
-0.6650853,-0.2776855,-0.08517513,0.6879662
-0.6658531,-0.2757273,-0.08560053,0.6879583
-0.6583828,-0.2966701,-0.08509269,0.6864972
-0.6461808,-0.3262009,-0.0830071,0.6849476
-0.6199692,-0.3803776,-0.08100298,0.6814614
-0.6054634,-0.4060003,-0.07992175,0.6798459
-0.5989712,-0.4169157,-0.07969496,0.6790166
-0.5879443,-0.4335648,-0.07820848,0.6783999
-0.5767419,-0.449991,-0.07732493,0.6774198
-0.5567169,-0.4768062,-0.07559296,0.6760236
-0.5501078,-0.4848875,-0.07479078,0.6757749
-0.5533887,-0.4797122,-0.07382675,0.6768951
-0.5658864,-0.462456,-0.07358991,0.6785952
-0.5865304,-0.4326379,-0.0743525,0.6806455
-0.6171461,-0.3814597,-0.07541299,0.6840556
-0.6309495,-0.3539521,-0.07481176,0.6863117
-0.6460267,-0.3218154,-0.07613689,0.687959
-0.6496068,-0.3133993,-0.07633016,0.6884516
-0.6413964,-0.3316858,-0.0751012,0.6877172
-0.6255465,-0.3643556,-0.07417628,0.6858822
-0.6099519,-0.3931652,-0.07367235,0.6840703
-0.5882766,-0.429095,-0.07339421,0.6814848
-0.572008,-0.4528175,-0.07253253,0.6800751
-0.5527738,-0.4785008,-0.07156707,0.6784956
-0.5540571,-0.4771135,-0.07193696,0.6783867
-0.5725793,-0.4529259,-0.07361892,0.6794051
-0.5887074,-0.4287395,-0.07378045,0.6812946
-0.6017019,-0.4084486,-0.07486624,0.68229
-0.6151296,-0.3842382,-0.07420883,0.6844484
-0.6285596,-0.3587415,-0.07471526,0.6860285
-0.6349562,-0.3464123,-0.075968,0.6863367
-0.6455292,-0.3226874,-0.07575786,0.6880593
-0.6528782,-0.305532,-0.07668734,0.6888537
-0.6542289,-0.3030576,-0.0781216,0.6885039
-0.6355176,-0.345464,-0.0763326,0.6862546
-0.6140916,-0.3873056,-0.07571727,0.6834857
-0.5744371,-0.4499646,-0.07333001,0.6798356
-0.5334182,-0.5032214,-0.07180949,0.6760746
-0.4847261,-0.5548539,-0.06936437,0.6725817
-0.4588688,-0.5793813,-0.06882931,0.670089
-0.4537577,-0.5852008,-0.0698455,0.6684053
-0.4454139,-0.5928154,-0.06989896,0.6673009
-0.428973,-0.6072013,-0.06995526,0.6651278
-0.4592526,-0.5817971,-0.07141903,0.6674567
-0.475208,-0.5679686,-0.07283825,0.6680447
-0.4939637,-0.5496901,-0.07367873,0.669636
-0.5068852,-0.5362819,-0.07421009,0.6707921
-0.5333029,-0.506674,-0.07534815,0.6731955
-0.5278088,-0.5108249,-0.07269591,0.6746785
-0.5469142,-0.4867494,-0.07226251,0.6773019
-0.547375,-0.4844425,-0.07040676,0.6787776
-0.5575504,-0.469665,-0.06888704,0.6810336
-0.5575939,-0.4677475,-0.06687813,0.6825164
-0.5801598,-0.4351876,-0.0661487,0.6853107
-0.5889729,-0.4205353,-0.06478432,0.6870692
-0.5772156,-0.4367489,-0.06315604,0.6870836
-0.5847262,-0.4265962,-0.06433544,0.6870021
-0.5914928,-0.4161308,-0.06427675,0.6876336
-0.5777832,-0.4365137,-0.0637404,0.686702
-0.5718859,-0.4461609,-0.06493726,0.6853248
-0.5464455,-0.4802678,-0.0647347,0.6830444
-0.5427727,-0.4863332,-0.06622203,0.6815369
-0.5279058,-0.5058501,-0.06766412,0.6788612
-0.5076469,-0.5287898,-0.06752414,0.676843
-0.4982327,-0.5402892,-0.0688452,0.6746199
-0.4945126,-0.5444487,-0.06906784,0.6739899
-0.4710819,-0.5672765,-0.06836857,0.6720155
-0.4864478,-0.5534375,-0.06970417,0.6724708
-0.4850523,-0.5557941,-0.07060637,0.6714402
-0.5044934,-0.5362574,-0.0715255,0.6729031
-0.5168474,-0.5224955,-0.07154197,0.6743507
-0.5333851,-0.5036236,-0.07219854,0.6757595
-0.5274657,-0.5094749,-0.07086061,0.6761612
-0.5453226,-0.4868448,-0.07017468,0.6787348
-0.5665967,-0.4580517,-0.06979564,0.6813848
-0.5789262,-0.439833,-0.06932041,0.6830709
-0.6026472,-0.4019549,-0.06898463,0.6859225
-0.6070736,-0.3932562,-0.06765559,0.6871928
-0.6009672,-0.4023301,-0.06610799,0.687458
-0.5916555,-0.4150405,-0.06336588,0.6882367
-0.5733489,-0.4419504,-0.06264743,0.6870416
-0.5606647,-0.458599,-0.06155714,0.6866971
-0.5883882,-0.420838,-0.06412017,0.6874469
-0.5816802,-0.4319398,-0.06506518,0.6861798
-0.5530536,-0.4706198,-0.06357263,0.6845489
-0.5481474,-0.4782341,-0.06488861,0.683093
-0.5356781,-0.4942048,-0.06529835,0.6815766
-0.5122137,-0.5221551,-0.06595345,0.6787056
-0.4916369,-0.5435768,-0.0653639,0.6771595
-0.4851513,-0.5511197,-0.06625508,0.6756519
-0.4808359,-0.5548812,-0.06575038,0.6757074
-0.476954,-0.5594727,-0.06644726,0.6746034
-0.4743973,-0.5619389,-0.06643263,0.674358
-0.478019,-0.5580904,-0.06615332,0.6750235
-0.4952888,-0.541071,-0.06666151,0.6763783
-0.4982871,-0.5380947,-0.06678356,0.6765383
-0.5187651,-0.5149109,-0.06609716,0.6792501
-0.5523804,-0.4736808,-0.06589219,0.6827595
-0.5794952,-0.4358073,-0.06577417,0.6855152
-0.5919143,-0.4158462,-0.06474587,0.6873991
-0.610378,-0.3849266,-0.06468397,0.689265
-0.6256297,-0.3562894,-0.06432575,0.6910192
-0.639475,-0.3285514,-0.06541821,0.691987
-0.6520829,-0.2992678,-0.06533405,0.6935114
-0.6465291,-0.3125146,-0.0652605,0.692875
-0.6459597,-0.3135055,-0.06483433,0.6929985
-0.6438823,-0.3180024,-0.06448549,0.6929153
-0.6375819,-0.3325541,-0.06528664,0.6918342
-0.6179792,-0.3721663,-0.06588042,0.6893864
-0.5800333,-0.4350117,-0.06577268,0.6855655
-0.5441275,-0.4834198,-0.06496984,0.6826488
-0.5033665,-0.5294549,-0.06364883,0.6798885
-0.49683,-0.5370922,-0.06432842,0.6786411
-0.4912046,-0.5434916,-0.0648694,0.677589
-0.4907075,-0.5441931,-0.06503862,0.6773698
-0.4943861,-0.5413591,-0.06602095,0.6768708
-0.5007799,-0.5353172,-0.06663688,0.6769154
-0.4970683,-0.5390528,-0.06642993,0.6767069
-0.4948094,-0.5404491,-0.06550221,0.6773388
-0.5075949,-0.5282848,-0.06698859,0.6773292
-0.497297,-0.5384508,-0.06618109,0.6770425
-0.4919108,-0.5437095,-0.0657405,0.6768176
-0.5001484,-0.5355192,-0.06616729,0.6772684
-0.5322134,-0.5016286,-0.06859869,0.6785365
-0.5253593,-0.5095664,-0.06838806,0.6779844
-0.5199299,-0.5154021,-0.06793228,0.6778044
-0.4909605,-0.5453589,-0.06638823,0.676117
-0.4568886,-0.5770562,-0.06510933,0.6738098
-0.4344721,-0.5957059,-0.06410021,0.6725024
-0.4168994,-0.609719,-0.06363364,0.6711099
-0.404641,-0.6196237,-0.06380968,0.6695226
-0.4106013,-0.6153419,-0.06411064,0.669814
-0.4322003,-0.5979916,-0.06439433,0.6719095
-0.4600289,-0.5747855,-0.0656617,0.6735604
-0.471676,-0.5641693,-0.06600894,0.6744462
-0.4767958,-0.5582496,-0.06512552,0.6758564
-0.4957626,-0.5390823,-0.06513415,0.6777665
-0.5338767,-0.498071,-0.06698628,0.6800101
-0.5590757,-0.4666889,-0.06788014,0.6819296
-0.5738573,-0.4463828,-0.06828415,0.6832037
-0.5797374,-0.4376324,-0.06816646,0.6839122
-0.5782126,-0.4398529,-0.06815103,0.68378
-0.5713983,-0.4499233,-0.06832275,0.6829385
-0.5835586,-0.4328556,-0.06923455,0.6835949
-0.5803461,-0.4376584,-0.0692085,0.6832743
-0.5680288,-0.455198,-0.06886861,0.6821988
-0.5563817,-0.4708801,-0.06858161,0.6811812
-0.5464261,-0.4838597,-0.06851107,0.6801504
-0.5247617,-0.5089133,-0.06702411,0.679073
-0.5203421,-0.5142162,-0.06720331,0.6784611
-0.5339494,-0.4986175,-0.06768252,0.6794834
-0.5481797,-0.4805586,-0.06737311,0.6811926
-0.5767962,-0.443096,-0.06944144,0.6827517
-0.6151934,-0.3820554,-0.07164341,0.6858848
-0.6277956,-0.3583335,-0.07217306,0.6872123
-0.6150229,-0.382319,-0.07160056,0.6858953
-0.5903212,-0.4226105,-0.0695973,0.6841619
-0.5464892,-0.4829931,-0.06765868,0.6808006
-0.5278696,-0.5048444,-0.06658895,0.6797439
-0.5250421,-0.5083758,-0.06679635,0.6792813
-0.5170721,-0.5173422,-0.06656532,0.6786475
-0.5132716,-0.5211196,-0.0661089,0.6786873
-0.5149214,-0.5200571,-0.06691568,0.6781731
-0.4886495,-0.5465286,-0.06528173,0.6769538
-0.4451038,-0.5855578,-0.06330742,0.6745347
-0.4187973,-0.6057495,-0.06171326,0.6736971
-0.4098955,-0.6122902,-0.06127714,0.673299
-0.4073197,-0.6139996,-0.06101832,0.673329
-0.4047479,-0.6150613,-0.06027873,0.6739772
-0.4180044,-0.6052464,-0.06076859,0.6747267
-0.4057779,-0.6135128,-0.05968069,0.6748219
-0.4198354,-0.6020992,-0.05940157,0.676525
-0.4665512,-0.5635565,-0.06110412,0.6789701
-0.4973791,-0.5337512,-0.06173414,0.6811113
-0.5493816,-0.4752347,-0.0634418,0.6843295
-0.6142671,-0.3808969,-0.06818035,0.6877099
-0.6033215,-0.3996364,-0.06759349,0.6868225
-0.5988817,-0.4079286,-0.06859809,0.6857327
-0.6032071,-0.4019452,-0.07009172,0.6853236
-0.5879284,-0.427687,-0.07110965,0.6829109
-0.574499,-0.4498251,-0.07326701,0.6798825
-0.5343124,-0.5016317,-0.07128415,0.676605
-0.4790112,-0.5602054,-0.06902152,0.6722755
-0.4561162,-0.5826075,-0.0694716,0.6691041
-0.4340612,-0.6018934,-0.06913969,0.6667345
-0.4236859,-0.6102394,-0.06870367,0.6658662
-0.4161222,-0.6160004,-0.06835236,0.6653674
-0.4144675,-0.6175272,-0.06854261,0.6649651
-0.3945076,-0.6302661,-0.06611088,0.6654005
-0.3986451,-0.6267869,-0.06585608,0.6662457
-0.4027624,-0.6224276,-0.06490742,0.6679471
-0.4373321,-0.5948054,-0.06546909,0.6713129
-0.4610158,-0.5729562,-0.06488381,0.6745189
-0.4897391,-0.5441496,-0.06411578,0.6781932
-0.5282545,-0.5019128,-0.0641506,0.681847
-0.5575644,-0.4646483,-0.06364329,0.6849623
-0.5915807,-0.4143472,-0.06256759,0.6887918
-0.6318724,-0.3423983,-0.06271794,0.6925079
-0.6685112,-0.2531661,-0.06327835,0.6964163
-0.6806774,-0.2122504,-0.06257811,0.6983638
-0.6873281,-0.1849291,-0.06158572,0.699706
-0.6972984,-0.1334823,-0.0639725,0.7013309
-0.7001883,-0.1123181,-0.06591922,0.7019799
-0.6949387,-0.148934,-0.06558597,0.7004123
-0.6878987,-0.1853813,-0.06667295,0.6985583
-0.6648601,-0.2654585,-0.06548271,0.6951295
-0.6520296,-0.2993914,-0.06542054,0.6935
-0.6218188,-0.3630995,-0.06376645,0.690966
-0.6128911,-0.3797055,-0.0638912,0.6900046
-0.5914965,-0.4149379,-0.0630711,0.6884624
-0.5864281,-0.4230636,-0.0633786,0.6878244
-0.5831783,-0.4287296,-0.06412292,0.6870097
-0.5722255,-0.4447578,-0.0640479,0.6860367
-0.589793,-0.4196438,-0.06534731,0.6868573
-0.5912168,-0.4170865,-0.06500134,0.6872237
-0.6038963,-0.3969054,-0.06567112,0.6880864
-0.5912575,-0.4166389,-0.06456572,0.6875012
-0.5860133,-0.4248024,-0.06461596,0.6869906
-0.5975119,-0.406513,-0.06454858,0.688157
-0.6026533,-0.3984115,-0.06500468,0.6883689
-0.5896423,-0.4194368,-0.06490213,0.6871554
-0.6008387,-0.4023019,-0.06597254,0.6876
-0.5815741,-0.4316046,-0.06465915,0.6865188
-0.5762088,-0.43802,-0.0629929,0.6871346
-0.5637209,-0.4546749,-0.06193948,0.6867699
-0.5296937,-0.4975739,-0.06155838,0.6841457
-0.5180368,-0.510198,-0.06075078,0.683846
-0.4837537,-0.5435796,-0.05806118,0.6834709
-0.4588941,-0.565541,-0.05674529,0.6829052
-0.4374895,-0.5830746,-0.05583349,0.6822826
-0.4478589,-0.5738305,-0.05553903,0.6834152
-0.3860729,-0.6197655,-0.05348457,0.6811593
-0.3360509,-0.6503558,-0.05193278,0.6792718
-0.2866408,-0.6768558,-0.05108252,0.6760871
-0.1654294,-0.7226675,-0.04722377,0.6694436
-0.07545926,-0.7448962,-0.04388035,0.6614455
-0.006984171,-0.7576889,-0.04043602,0.6513245
0.0378967,-0.7659895,-0.03720215,0.6406558
0.05902299,-0.7703167,-0.03521009,0.633947
0.08864222,-0.7748976,-0.03167032,0.6250386
0.08460324,-0.7819322,-0.03180017,0.6167763
0.114652,-0.7821896,-0.02728678,0.6117921
0.1208414,-0.7817505,-0.0263903,0.6112013
0.1234653,-0.7828556,-0.02579473,0.6092849
0.1373722,-0.7804975,-0.02375239,0.6094165
0.1540203,-0.7755843,-0.02167818,0.6117817
0.1487251,-0.7740434,-0.02303135,0.6149855
0.1603668,-0.7770239,-0.0202046,0.6083652
0.1560332,-0.7826076,-0.01983455,0.6023168
0.1597743,-0.7843211,-0.01884973,0.5991306
0.135047,-0.7921603,-0.02257793,0.5947561
0.1476264,-0.7948273,-0.01939315,0.5882857
0.1697711,-0.7927786,-0.01449636,0.5852092
0.2059213,-0.7910533,-0.004705802,0.5760286
0.2475179,-0.7870913,0.008604683,0.5649322
0.2594738,-0.7878692,0.01421836,0.5583308
0.2661216,-0.7890372,0.01803963,0.5534204
0.2662726,-0.7894909,0.01835727,0.5526899
0.2587503,-0.7927316,0.01656593,0.5516797
0.2482592,-0.7947841,0.01296882,0.5536401
0.233242,-0.7943199,0.006394699,0.5609038
0.2283228,-0.7873961,0.001365617,0.5726031
0.2209303,-0.7851782,-0.00213699,0.5785156
0.2148713,-0.7834877,-0.004817635,0.5830559
0.2047804,-0.7791989,-0.009268962,0.5923074
0.174519,-0.7833807,-0.01573074,0.5963308
0.1530073,-0.7841777,-0.02023431,0.6010362
0.1114836,-0.7816538,-0.02825839,0.6130174
0.0797051,-0.7736125,-0.03340079,0.6277381
0.04849076,-0.7689187,-0.03690704,0.6364357
-0.03194673,-0.7605969,-0.04358693,0.6469714
-0.1997258,-0.7234702,-0.05400556,0.6586227
-0.3966955,-0.6240176,-0.06314106,0.6702596
-0.5001636,-0.5375574,-0.06884977,0.6753727
-0.5444665,-0.488336,-0.07121089,0.6782427
-0.5322695,-0.4967877,-0.06427196,0.6824662
-0.6236625,-0.357329,-0.06147358,0.6925186
-0.7027596,-0.08446848,-0.07005933,0.7029123
-0.7004046,0.0269514,-0.07616445,0.7091586
-0.6848936,0.1047609,-0.0840877,0.716153
-0.6659104,0.1531121,-0.09401688,0.7240724
-0.6517204,0.1714256,-0.104973,0.7313375
-0.6406405,0.1829221,-0.1123277,0.7372258
-0.6338978,0.1834931,-0.1195065,0.7417696
-0.6270673,0.1850749,-0.1254245,0.746192
-0.6221949,0.1827301,-0.1310909,0.7498656
-0.6193109,0.1766342,-0.1367598,0.752696
-0.6152885,0.1674824,-0.1446224,0.7566069
-0.6069796,0.1693161,-0.1492615,0.7619901
-0.5995778,0.1749085,-0.1508007,0.7662721
-0.5926411,0.1910544,-0.1466772,0.7686095
-0.5934938,0.1818037,-0.1507545,0.7694059
-0.594497,0.1709439,-0.1554889,0.7701783
-0.5896118,0.1776883,-0.1545958,0.7725834
-0.5855688,0.1813995,-0.1546162,0.7747885
-0.588459,0.1759225,-0.1559586,0.7735918
-0.5928304,0.1692975,-0.1571402,0.7714903
-0.5968234,0.1628958,-0.1583251,0.7695453
-0.6018783,0.1551994,-0.1594854,0.7669551
-0.6047548,0.1523911,-0.1592737,0.7652977
-0.6050044,0.1575281,-0.1565451,0.764623
-0.6060683,0.1551441,-0.1570542,0.7641633
-0.6034113,0.1554637,-0.1583296,0.7659358
-0.5977598,0.162964,-0.1576283,0.7689469
-0.5960239,0.1663078,-0.156863,0.7697344
-0.5938095,0.1730591,-0.1546664,0.7704018
-0.5926138,0.173769,-0.1549029,0.7711149
-0.5895467,0.1797695,-0.1535014,0.7723697
-0.5868639,0.1809321,-0.1541103,0.7740183
-0.5831224,0.1826414,-0.1548275,0.7762982
-0.5818628,0.1869925,-0.1533865,0.7764935
-0.5912393,0.1779675,-0.1536797,0.7714571
-0.5931556,0.1784583,-0.1526098,0.770084
-0.5907117,0.1854739,-0.1504959,0.7707205
-0.5916376,0.1863594,-0.1496519,0.7699607
-0.5914467,0.1865882,-0.1495832,0.7700653
-0.5950842,0.1832005,-0.1494361,0.7681023
-0.5983494,0.1820108,-0.148276,0.7660707
-0.6010578,0.1823617,-0.1465725,0.7641926
-0.6044452,0.1821131,-0.1446406,0.7619449
-0.6075377,0.1768555,-0.145304,0.7605963
-0.6128672,0.1759669,-0.1421134,0.7571216
-0.6261579,0.1628317,-0.1384806,0.7498235
-0.6413797,0.1529297,-0.1287302,0.7407247
-0.6589643,0.1283995,-0.1200167,0.731352
-0.6704539,0.1146221,-0.1091636,0.7248701
-0.682393,0.09198985,-0.09780431,0.7185485
-0.6979922,0.02221316,-0.0887385,0.7102386
-0.7032615,-0.05254933,-0.08123636,0.704317
-0.6895225,-0.1808583,-0.07295176,0.6975149
-0.6080973,-0.387667,-0.06365663,0.6898404
-0.4419545,-0.5801649,-0.05695783,0.6817923
-0.2769261,-0.680927,-0.05097723,0.6760559
-0.06981825,-0.7406402,-0.04293443,0.6668839
0.09095792,-0.7505147,-0.0332726,0.6537181
0.1416339,-0.7562916,-0.02729467,0.6381361
0.1910115,-0.7603118,-0.0181692,0.6205724
0.2451377,-0.7579566,-0.005087167,0.6044695
0.265265,-0.7617883,0.003662176,0.5910158
0.2616779,-0.7687668,0.005798467,0.583514
0.2605764,-0.7708869,0.006519355,0.5811978
0.2672024,-0.7726932,0.01016612,0.5757124
0.2841824,-0.7681506,0.01538612,0.5735402
0.2952662,-0.7638944,0.01833436,0.5735391
0.2986788,-0.7663535,0.02174959,0.5683487
0.3051296,-0.7671689,0.02583875,0.5636313
0.3066114,-0.7677305,0.02709703,0.562001
0.3058481,-0.7685701,0.02727358,0.5612602
0.3183204,-0.7613119,0.0294378,0.5641009
0.3223046,-0.7556767,0.02777544,0.5694742
0.3223919,-0.7512655,0.02468163,0.5753734
0.3303178,-0.7395975,0.02114914,0.5860363
0.3334838,-0.7291298,0.01608908,0.5974106
0.3182552,-0.7348689,0.01208575,0.5987782
0.3225419,-0.7343656,0.01380882,0.5970621
0.3276801,-0.7368088,0.01801911,0.5911123
0.3392668,-0.7317613,0.02101743,0.5907468
0.342921,-0.7337592,0.02450868,0.5860052
0.3292798,-0.7462405,0.02519339,0.5779838
0.3265985,-0.7507247,0.02671736,0.573613
0.2990533,-0.7653335,0.02116045,0.5695473
0.2735443,-0.7768613,0.01555712,0.5669376
0.2724614,-0.7750213,0.01399408,0.5700096
0.2654976,-0.7766522,0.01167624,0.5711269
0.2657808,-0.7728515,0.009682804,0.5761661
0.2611641,-0.7714558,0.006994024,0.5801727
0.2527478,-0.7727804,0.004308239,0.5821603
0.250142,-0.7756703,0.004674159,0.579433
0.2564484,-0.770224,0.004469737,0.5839257
0.2687947,-0.7602481,0.004282832,0.5914
0.2525803,-0.7601529,-0.001609847,0.5986387
0.2166293,-0.7700958,-0.008671306,0.5999575
0.2131605,-0.7650957,-0.01137669,0.6075047
0.2136529,-0.7609403,-0.01270721,0.6125037
0.2048734,-0.7538525,-0.01693857,0.6240563
0.1798097,-0.749239,-0.02288202,0.6370131
0.1114995,-0.7535158,-0.03104963,0.6471613
0.009370483,-0.7508541,-0.03895916,0.6592513
-0.1110306,-0.7333897,-0.04462227,0.6691939
-0.2710398,-0.6808668,-0.04924315,0.6786256
-0.4813277,-0.5433093,-0.05610567,0.6855588
-0.5989745,-0.4013746,-0.06164095,0.6901654
-0.6559036,-0.2901414,-0.06626472,0.6936983
-0.6924973,-0.1658062,-0.07309362,0.698293
-0.7019674,-0.09134531,-0.07873312,0.7019252
-0.7024747,-0.03125268,-0.08552206,0.7058602
-0.6951793,0.03536442,-0.09283918,0.7119381
-0.6841037,0.0794071,-0.100964,0.7179854
-0.6723253,0.1054227,-0.1111085,0.7242373
-0.6623145,0.124969,-0.1169253,0.729418
-0.6477001,0.1526863,-0.1213903,0.7365025
-0.6331495,0.1781888,-0.1233862,0.7430655
-0.6317351,0.1726136,-0.1279664,0.7448087
-0.6301892,0.1652268,-0.1335976,0.746802
-0.6281026,0.164235,-0.1361133,0.7483229
-0.629584,0.1635652,-0.1351357,0.7474015
-0.6345736,0.1581036,-0.1333097,0.7446799
-0.6412476,0.1438207,-0.1341998,0.7416924
-0.6439611,0.1374571,-0.1346956,0.7404571
-0.6443517,0.1360766,-0.1349991,0.7403171
-0.6459548,0.1328987,-0.1349097,0.7395132
-0.6526703,0.1134942,-0.1373956,0.736385
-0.6568907,0.1026159,-0.1377431,0.7341603
-0.6512271,0.1312751,-0.1292358,0.7361849
-0.6411486,0.1491595,-0.131236,0.7412536
-0.6244334,0.1697979,-0.1363115,0.7501138
-0.6138175,0.1700773,-0.1444796,0.7572499
-0.6039806,0.1792719,-0.1462709,0.7626754
-0.6025034,0.1804259,-0.1465399,0.7635195
-0.5996625,0.1880126,-0.1444495,0.7643236
-0.5959847,0.196723,-0.1422215,0.765425
-0.5981515,0.19239,-0.1431777,0.7646574
-0.5972228,0.1959027,-0.1419567,0.7647192
-0.6052173,0.1820613,-0.1441471,0.7614376
-0.615012,0.1640279,-0.1468423,0.7571608
-0.6199368,0.1596552,-0.1454601,0.7543406
-0.6212791,0.1628337,-0.1427582,0.753072
-0.6228391,0.1658837,-0.1398732,0.7516578
-0.625976,0.1646467,-0.1378551,0.7496942
-0.6314548,0.1580473,-0.1364008,0.7467803
-0.6391246,0.1435938,-0.1365931,0.7431304
-0.6427612,0.1473581,-0.1304477,0.740356
-0.6476628,0.1534117,-0.1210811,0.7364355
-0.6526878,0.153783,-0.1142229,0.7330093
-0.6610162,0.1387677,-0.1108622,0.7290478
-0.6747881,0.1057726,-0.10614,0.7226393
-0.6781673,0.1041227,-0.100122,0.7205715
-0.6747387,0.1185633,-0.09859881,0.7217678
-0.667622,0.1436841,-0.0967741,0.7240652
-0.6598287,0.1621086,-0.09856746,0.7270703
-0.6524555,0.1777529,-0.1000658,0.7298579
-0.650681,0.1808137,-0.1006991,0.7306027
-0.6467881,0.1914329,-0.09951004,0.7315165
-0.6523705,0.1800622,-0.09876376,0.7295452
-0.6614534,0.1606868,-0.09683171,0.7261424
-0.6716042,0.1356887,-0.09432712,0.7222458
-0.686654,0.08910182,-0.08889428,0.7160062
-0.697062,0.03841054,-0.08449695,0.7109777
-0.7034172,-0.05284807,-0.07970294,0.7043144
-0.6893596,-0.1828622,-0.07546276,0.6968861
-0.6612103,-0.2793756,-0.07090703,0.69262
-0.6167083,-0.3752429,-0.06703043,0.6887457
-0.6058121,-0.394364,-0.06671092,0.6877635
-0.6092492,-0.3886038,-0.06695554,0.6879822
-0.6310537,-0.3481541,-0.06793341,0.6898876
-0.6703821,-0.2535505,-0.07240319,0.6935833