0.4842228,0.4127182,0.08491844,0.7667991
0.1075556,0.732951,0.03579962,0.6707705
-0.01142473,0.7346673,0.0409123,0.6770965
-0.02991072,0.7337185,0.04161449,0.6775181
-0.03407954,0.733734,0.04183408,0.6772909
-0.08149523,0.7297999,0.04368489,0.6773791
-0.1335869,0.7233874,0.04622092,0.6758171
-0.1925952,0.7126993,0.04994313,0.6726609
-0.2769084,0.6880292,0.05647829,0.668392
-0.3764813,0.6456999,0.06900597,0.6607356
-0.4750174,0.5809351,0.08639102,0.6552933
-0.565186,0.4930441,0.1119825,0.6518683
-0.5631909,0.5042182,0.124757,0.642663
-0.4993793,0.5833942,0.120511,0.6290855
-0.4948945,0.5910484,0.1240693,0.6247784
-0.622265,0.4063348,0.1308971,0.6561587
-0.6682336,-0.07143006,0.13661,0.7278044
-0.4260771,-0.3478182,0.1075478,0.8281994
-0.2699016,-0.3897144,0.0698472,0.8777227
-0.2151009,-0.4635355,0.05898847,0.857547
-0.2095307,-0.4977722,0.05805674,0.8396125
-0.1886025,-0.4773655,0.05481594,0.8564732
-0.2588583,-0.4242834,0.07005163,0.8649097
-0.3792208,-0.3466759,0.1018738,0.8518386
-0.5665028,-0.2084828,0.1502049,0.7829737
-0.6851611,0.1497901,0.1789968,0.6899836
-0.6038653,0.4529775,0.1641723,0.6349847
-0.5675767,0.5148878,0.1650578,0.6208891
-0.6483943,0.3528127,0.1652256,0.6540707
-0.6683016,-0.05646899,0.1471069,0.7270102
-0.4305517,-0.3745039,0.1056715,0.8143744
-0.2806951,-0.4604542,0.07331938,0.8389376
-0.3710006,-0.4570506,0.08361597,0.8040347
-0.4208805,-0.4095484,0.0951288,0.8037912
-0.504436,-0.2954372,0.1247553,0.8016841
-0.5368173,-0.2484139,0.1372071,0.7945389
-0.6637452,-0.09904566,0.128435,0.7301622
-0.6508968,0.3334153,0.1147853,0.6723034
-0.5392716,0.5399607,0.1273088,0.6335779
-0.4933075,0.5956277,0.1265109,0.6211846
-0.5704507,0.4938504,0.1238326,0.644487
-0.6888727,0.02257606,0.1375889,0.7113466
-0.5148487,-0.282548,0.1274749,0.7992795
-0.4503231,-0.3155415,0.1158576,0.8271756
-0.4532356,-0.3886843,0.09884168,0.796073
-0.3659415,-0.4846798,0.07653172,0.7907688
-0.3311524,-0.4775016,0.07709651,0.8101768
-0.4087157,-0.4014241,0.09755129,0.8138145
-0.4629194,-0.341131,0.1149779,0.8100096
-0.6395764,-0.07912716,0.1713821,0.7451907
-0.6712279,0.2539192,0.2064577,0.6650965
-0.6129225,0.444352,0.2059715,0.6200429
-0.5806684,0.5046956,0.1996316,0.6068391
-0.6262635,0.4101291,0.1755984,0.6393383
-0.6814294,0.01006624,0.1540618,0.7154143
-0.4378538,-0.3734782,0.1067163,0.810808
-0.2398962,-0.4540126,0.06628606,0.8555282
-0.1544373,-0.5545418,0.04939274,0.8162064
-0.1981476,-0.551303,0.05451826,0.8085977
-0.3335775,-0.4663752,0.07826144,0.8155338
-0.472096,-0.3486169,0.1098338,0.802202
-0.5296808,-0.2851034,0.1245416,0.7890776
-0.6859191,-0.04547608,0.1141055,0.7172356
-0.5575241,0.4889113,0.09017146,0.6648322
-0.3877825,0.6629646,0.08836375,0.6342669
-0.410494,0.6443612,0.08852534,0.639106
-0.6901473,0.1875161,0.1036076,0.6912307
-0.5280152,-0.3174182,0.1123262,0.7796335
-0.3100613,-0.3961236,0.07925382,0.86062
-0.287825,-0.4302124,0.07369911,0.8524334
-0.1044965,-0.5501354,0.04025966,0.8275328
-0.04235467,-0.5481827,0.03107164,0.8347073
-0.1200962,-0.5333706,0.04355928,0.8361791
-0.2838433,-0.4812903,0.07188597,0.8262113
-0.4775819,-0.3524661,0.1111723,0.7970722
-0.6820157,0.01042479,0.1524508,0.7151955
-0.6173586,0.4164889,0.138418,0.6528751
-0.4590479,0.621531,0.1198134,0.6233931
-0.4624912,0.6119791,0.1122466,0.6316519
-0.6681173,0.2783591,0.1123466,0.6808184
-0.5355628,-0.3493761,0.1002431,0.762273
-0.242073,-0.4878465,0.06533114,0.836145
-0.2356491,-0.4939381,0.06338072,0.8345523
-0.4204249,-0.4040597,0.09648554,0.8066406
-0.4863151,-0.3176344,0.1188131,0.8052885
-0.5500802,-0.2156011,0.1469104,0.7933129
-0.5757268,-0.18155,0.1548187,0.7820545
-0.6653929,-0.04692796,0.1531667,0.7291021
-0.679742,0.241565,0.1514179,0.6757736
-0.6272575,0.4030095,0.1447063,0.6505316
-0.611252,0.430679,0.1335579,0.6504222
-0.6370602,0.3742639,0.1288116,0.661429
-0.6602825,0.3113737,0.1234418,0.6721871
-0.6762528,0.2576575,0.1269337,0.6783676
-0.6734575,0.2698038,0.1322941,0.6753955
-0.6572102,0.3235973,0.1315874,0.6678655
-0.6541269,0.3340515,0.1363685,0.6647792
-0.6740516,0.2686401,0.1543883,0.6705602
-0.6690636,0.2880925,0.1704909,0.6635431
-0.6454476,0.3644961,0.1596777,0.6519533
-0.6617986,0.3158327,0.1590279,0.6610465
-0.6878567,0.1924427,0.1468197,0.6842974
-0.6624317,-0.09330633,0.1318515,0.7315007
-0.4767191,-0.3318685,0.1125383,0.8061868
-0.4021148,-0.3689587,0.1004072,0.8319205
-0.409073,-0.3945702,0.09769081,0.816964
-0.4241138,-0.360151,0.1088215,0.8237576
-0.4476419,-0.2959777,0.1297436,0.8337749
-0.449554,-0.2473859,0.1437686,0.8461867
-0.4262275,-0.2543106,0.1356963,0.857463
-0.41695,-0.2709623,0.1276877,0.8581539
-0.4127472,-0.28379,0.1209396,0.8570161
-0.4064277,-0.3115659,0.1123507,0.8515401
-0.3866781,-0.335436,0.101958,0.8529755
-0.4766299,-0.328231,0.1132102,0.8076334
-0.6587558,-0.1001391,0.1325632,0.7337846
-0.6909923,0.1670669,0.1424277,0.6887182
-0.6807253,0.2386694,0.1489377,0.6763636
-0.693805,0.1304615,0.138071,0.6946588
-0.6457981,-0.1514711,0.1208926,0.7385027
-0.4680978,-0.3494816,0.1063157,0.8046391
-0.3299275,-0.38545,0.08304543,0.8577176
-0.2985812,-0.4100888,0.07647114,0.8583872
-0.3224082,-0.4043326,0.08380582,0.8517891
-0.3697894,-0.3488395,0.1025136,0.8550192
-0.3985991,-0.2916073,0.1198587,0.8612304
-0.3938381,-0.2869029,0.1197988,0.8650008
-0.378842,-0.3063962,0.1112318,0.8661568
-0.3671361,-0.3066941,0.1042932,0.8719363
-0.4010512,-0.2927687,0.1120336,0.8607514
-0.4151171,-0.3104005,0.110465,0.8480135
-0.4814849,-0.3178793,0.1150666,0.8086314
-0.63559,-0.1524223,0.1305677,0.745483
-0.6897131,0.09996304,0.1555542,0.7000757
-0.6852805,0.1478261,0.1766104,0.6909029
-0.685641,0.04356238,0.1517861,0.7106051
-0.6046221,-0.2020558,0.1290164,0.7595791
-0.4016104,-0.3470503,0.1001342,0.841569
-0.2574319,-0.366557,0.06439105,0.8917503
-0.2396835,-0.3979841,0.06270415,0.8833055
-0.2797903,-0.3778509,0.07565867,0.8793303
-0.3272502,-0.321927,0.09399165,0.8834228
-0.3595457,-0.275185,0.1096274,0.8848627
-0.3682168,-0.2745587,0.1131075,0.8810452
-0.3726586,-0.2733857,0.1120873,0.8796716
-0.3898276,-0.2510848,0.1144472,0.8785743
-0.3803968,-0.2774747,0.1055584,0.8758788
-0.4002914,-0.3230991,0.1054256,0.8510342
-0.5323319,-0.2902527,0.1195104,0.7861891
-0.6643219,-0.1016191,0.1235422,0.7301282
-0.6911157,0.1488644,0.1496996,0.6912225
-0.6895295,0.1620382,0.1551365,0.6886402
-0.6864312,-0.007658392,0.1289058,0.7156374
-0.5466517,-0.2946201,0.1129429,0.7756383
-0.3616272,-0.363998,0.09025399,0.8535721
-0.2643801,-0.3948025,0.0676298,0.8773028
-0.2866864,-0.4042718,0.07533223,0.8652747
-0.3297143,-0.3544075,0.09147219,0.8702394
-0.3569936,-0.2892063,0.1065204,0.8817986
-0.3766836,-0.2504506,0.1184374,0.8839437
-0.3840448,-0.2598009,0.1209007,0.8777221
-0.3672765,-0.274742,0.1103883,0.8817251
-0.3592845,-0.2827054,0.1026985,0.8834282
-0.3333741,-0.3207548,0.08988385,0.8819858
-0.3303342,-0.3484395,0.08574848,0.8729928
-0.4443597,-0.3612523,0.1037648,0.8131876
-0.6303375,-0.1889282,0.1166979,0.7438833
-0.6961877,0.1005039,0.1276474,0.6992337
-0.6756333,0.2628796,0.1367194,0.6750717
-0.6873044,0.2054369,0.1243903,0.6855184
-0.6672348,-0.09525293,0.122558,0.7284944
-0.4816632,-0.3267354,0.1122198,0.8053889
-0.3683846,-0.3393621,0.09548101,0.8602381
-0.3353737,-0.3877384,0.08777868,0.854095
-0.3834415,-0.3406907,0.107038,0.8517308
-0.425742,-0.2565567,0.1347666,0.8571817
-0.4475824,-0.1809898,0.1580372,0.8613576
-0.4426187,-0.172448,0.157377,0.8657845
-0.4260727,-0.2070878,0.1418371,0.8691714
-0.4242071,-0.2241063,0.1333471,0.8672042
-0.4023018,-0.2505409,0.1168917,0.8727649
-0.3864472,-0.2996567,0.1050169,0.8659307
-0.4300708,-0.3467467,0.106459,0.8267238
-0.5663064,-0.2857955,0.1110831,0.765035
-0.6757417,-0.06548512,0.1245707,0.7235793
-0.6934794,0.1431895,0.1362775,0.6928285
-0.6852056,0.2158695,0.1178526,0.6855687
-0.6965951,0.006133169,0.1055042,0.7096383
-0.590565,-0.2651256,0.1082797,0.7544646
-0.4311326,-0.3690005,0.1017647,0.8170724
-0.3497415,-0.3944705,0.0881182,0.8451681
-0.3897553,-0.3792794,0.09918636,0.8333066
-0.4554423,-0.2994827,0.1274981,0.8286293
-0.4828179,-0.2358021,0.1509984,0.8297492
-0.4768972,-0.2213165,0.1560295,0.8362073
-0.4441962,-0.26155,0.1392266,0.8455161
-0.4254917,-0.2902193,0.1275638,0.8476186
-0.427461,-0.3055291,0.1231133,0.8418861
-0.4264889,-0.3398001,0.1141286,0.8304322
-0.425939,-0.380537,0.1031168,0.8143308
-0.4591266,-0.4001995,0.09539008,0.7873651
-0.5197433,-0.37966,0.0892916,0.7601001
-0.6134193,-0.2928209,0.07634577,0.7294821
-0.694577,-0.101874,0.05853558,0.7097591
-0.6709375,0.2318413,0.04807261,0.7026958
-0.5526421,0.4488382,0.04487801,0.7007973
-0.6841611,0.1900671,0.05259997,0.702162
-0.6938924,0.1523351,0.06347996,0.7009121
-0.6782283,0.2218961,0.06642443,0.6973925
-0.6793655,0.2199472,0.06957045,0.6965957
-0.6767894,0.2343789,0.07768932,0.6935322
-0.6845516,0.2122714,0.0943304,0.6909643
-0.6835008,0.2218919,0.1100394,0.6866455
-0.6852355,0.2146049,0.1158264,0.6862807
-0.6849775,0.215921,0.1163493,0.6860369
-0.6671857,0.2864352,0.1171126,0.6775712
-0.627673,0.3899219,0.1207274,0.662882
-0.5914489,0.464284,0.1321987,0.645873
-0.5809011,0.4879838,0.1445373,0.6352437
-0.5827397,0.4888932,0.1535881,0.6307207
-0.6084197,0.4495578,0.1740644,0.6304165
-0.6127305,0.4434085,0.1886903,0.6263754
-0.6160854,0.437327,0.204022,0.6225422
-0.6252738,0.4142794,0.2259034,0.6215891
-0.6405235,0.3581297,0.2546872,0.6297677
-0.6403831,0.3052545,0.2978533,0.6387587
-0.6305919,0.2834103,0.328212,0.6436688
-0.6184517,0.2706226,0.3537911,0.6473892
-0.6022978,0.2546338,0.3796984,0.6543915
-0.5896444,0.2507772,0.3999553,0.6553366
-0.5762947,0.2428432,0.4196002,0.6579112
-0.5524896,0.2358801,0.449906,0.6608331
-0.5147289,0.227472,0.4867199,0.6681425
-0.4881673,0.2175072,0.5113567,0.6729766
-0.4505293,0.2078981,0.5375432,0.6817984
-0.4127903,0.2086486,0.5610183,0.6865335
-0.3962988,0.2012405,0.5679533,0.6927326
-0.3807535,0.2017905,0.5743913,0.6959757
-0.3713943,0.2101535,0.5824077,0.6918837
-0.3652728,0.2253171,0.5853305,0.6878924
-0.3609547,0.2483859,0.5846834,0.6827602
-0.3756522,0.2597069,0.5773747,0.6768134
-0.4092328,0.2619268,0.5718008,0.6610346
-0.4543667,0.256105,0.5430622,0.6580612
-0.4932968,0.2560818,0.5114883,0.6553321
-0.5257407,0.2529218,0.4769225,0.657398
-0.5590969,0.2506612,0.4398122,0.6566162
-0.5917855,0.2363926,0.3945568,0.6619919
-0.6182138,0.2429663,0.3544891,0.6581159
-0.630796,0.2470869,0.3300892,0.6573321
-0.6414455,0.2524595,0.306323,0.6564892
-0.6501764,0.2588885,0.2829477,0.6558871
-0.6571974,0.2677249,0.2584888,0.6554376
-0.6628906,0.2655225,0.2377982,0.6584269
-0.6688814,0.2528052,0.2185885,0.6640077
-0.6751705,0.2288166,0.202117,0.6715181
-0.681292,0.198117,0.1861352,0.679665
-0.6866478,0.1411396,0.1730987,0.6918318
-0.6865763,0.06822273,0.1612124,0.7056693
-0.6748731,-0.03604048,0.1439616,0.7228571
-0.645057,-0.1537935,0.1237526,0.7381968
-0.5951844,-0.2697747,0.104858,0.7496546
-0.5536735,-0.3399249,0.09340265,0.7544354
-0.5250142,-0.3821492,0.08604455,0.7555914
-0.5192513,-0.396479,0.08173405,0.7526633
-0.5129768,-0.4082832,0.07878676,0.7509676
-0.5179154,-0.4026916,0.07942015,0.7505302
-0.5247853,-0.3868275,0.08398606,0.7535989
-0.5241629,-0.3766119,0.08891398,0.7586244
-0.5374843,-0.3458267,0.09771083,0.7628676
-0.5531045,-0.3113096,0.1071899,0.7652922
-0.5731103,-0.2678365,0.1187163,0.7653199
-0.6115261,-0.1815944,0.1392943,0.757401
-0.6374118,-0.1079096,0.1565869,0.7466875
-0.6532873,-0.05495536,0.1672721,0.7363529
-0.6705688,0.009241998,0.1738455,0.721131
-0.6778685,0.05366573,0.1786701,0.7111197
-0.6781966,0.09182498,0.1913631,0.7035607
-0.673888,0.1302167,0.2124834,0.6955353
-0.6703378,0.1762306,0.229107,0.6834471
-0.6636682,0.2370575,0.2457852,0.6655359
-0.6523561,0.2848716,0.2684364,0.6490158
-0.6408075,0.3055365,0.2966041,0.6387795
-0.6307307,0.3026737,0.3243918,0.6366611
-0.6206655,0.289293,0.348613,0.6399633
-0.6154992,0.2744258,0.3597472,0.6453162
-0.6085657,0.273776,0.3741428,0.6439811
-0.6002151,0.2620577,0.3894894,0.6475844
-0.5883532,0.2504453,0.4090277,0.6510101
-0.566476,0.2235249,0.43464,0.663498
-0.5430174,0.2020349,0.458437,0.6739061
-0.5125175,0.1769954,0.4792762,0.6901397
-0.4718637,0.1799415,0.5154057,0.6923313
-0.4177953,0.1962533,0.5556039,0.6915461
-0.3868379,0.2022086,0.5748335,0.6921231
-0.3664364,0.2133743,0.5922587,0.6851463
-0.3615211,0.2222382,0.5983406,0.6796332
-0.3683249,0.2358937,0.604101,0.6661478
-0.3959634,0.2382664,0.5896659,0.6623716
-0.4273878,0.2416813,0.5661956,0.6620818
-0.4792749,0.2286872,0.5165765,0.6716744
-0.5095865,0.2275112,0.4847504,0.6734814
-0.5392308,0.212415,0.4436222,0.6836004
-0.5657214,0.1923677,0.4043023,0.6924546
-0.5919432,0.1804661,0.3697328,0.6930605
-0.6078911,0.1646426,0.3417223,0.6975579
-0.6227832,0.1518891,0.315729,0.6995613
-0.6372849,0.1359673,0.2879906,0.7017424
-0.6479164,0.1261694,0.266545,0.70231
-0.6558362,0.1129394,0.2472582,0.7042634
-0.6645157,0.1023838,0.2265713,0.7046999
-0.6728965,0.09520203,0.2058736,0.7041043
-0.6783866,0.08162433,0.1880381,0.7055287
-0.6846113,0.06845811,0.1671468,0.7061749
-0.6908724,0.05570638,0.1438867,0.7063206
-0.6932271,0.01357004,0.1213757,0.7102957
-0.691357,-0.03951624,0.1032949,0.7139987
-0.6953394,-0.04767194,0.08654457,0.7118571
-0.6981547,-0.04793346,0.07611129,0.7102742
-0.704089,0.06048864,0.06950894,0.7041082
-0.6895066,0.1766032,0.066405,0.6992727
-0.6669683,0.2495169,0.0546301,0.6999358
-0.7040575,0.06909975,0.04846588,0.7051095
-0.6472113,-0.2685282,0.04922092,0.7117496
-0.5602409,-0.4114432,0.04976031,0.717195
-0.6402946,-0.2856318,0.04720271,0.7114838
-0.6960112,0.144805,0.07345101,0.6994318
-0.6827909,0.2268366,0.1160625,0.6847418
-0.6854423,0.214249,0.1293573,0.6837637
-0.69638,0.1398183,0.1096592,0.6953278
-0.6959364,0.1402756,0.1153322,0.6947616
-0.6940359,0.139816,0.1335775,0.6934859
-0.6904842,0.1237793,0.1557522,0.6954507
-0.6835431,0.09703249,0.1749638,0.7019553
-0.6797522,0.08340496,0.1800314,0.7060943
-0.6763107,0.05557972,0.1767066,0.7129443
-0.6713958,0.03658479,0.17668,0.7187999
-0.6659678,0.02245381,0.1777032,0.7241576
-0.6630437,0.02987415,0.1841437,0.7249631
-0.6611993,0.04079098,0.1912306,0.7242807
-0.6583659,0.05161303,0.1998889,0.7238334
-0.6593373,0.08310232,0.2127674,0.7163088
-0.6590078,0.1058661,0.2229349,0.7104935
-0.6573765,0.1116042,0.2278322,0.7095725
-0.6586166,0.1196999,0.2293893,0.7065951
-0.6592021,0.1171016,0.2276377,0.7070508
-0.66078,0.1072519,0.2216481,0.7090409
-0.6651904,0.0984827,0.2115898,0.709262
-0.6719549,0.09280038,0.197806,0.7076281
-0.6783717,0.07859826,0.1801398,0.7079434
-0.6850938,0.06389764,0.1595655,0.7078859
-0.6921388,0.07128575,0.1409644,0.7042665
-0.6994028,0.09984466,0.1058278,0.6997622
-0.6391213,0.3300997,0.06723243,0.6914029
0.190556,0.7014937,0.0324177,0.6859621
0.6619157,0.2830277,0.006486803,0.6940613
0.4830105,-0.4690128,-0.0001682937,0.7394103
0.06374602,-0.6010028,0.01497716,0.7965598
-0.2910713,-0.5278273,0.06165396,0.7955342
-0.3570793,-0.4802418,0.07535423,0.7976114
-0.3323383,-0.4756472,0.07553005,0.8109292
-0.3319069,-0.4432118,0.08270691,0.8285896
-0.3550696,-0.4067698,0.09363551,0.8364785
-0.347619,-0.3912743,0.09534095,0.8467441
-0.346035,-0.3800679,0.09681146,0.852312
-0.35089,-0.3647109,0.1003173,0.8566204
-0.3677822,-0.335105,0.1090888,0.8605466
-0.3788179,-0.3191947,0.1145153,0.8611028
-0.3824968,-0.3147755,0.1164584,0.8608426
-0.3741618,-0.3122169,0.1144317,0.8656957
-0.3616304,-0.3164394,0.1100624,0.8700435
-0.3685913,-0.316115,0.1119971,0.8669881
-0.3519481,-0.3354601,0.104284,0.8675966
-0.3664832,-0.3337425,0.1075644,0.8618214
-0.3116344,-0.3760496,0.0868356,0.8682916
-0.2776381,-0.4277875,0.07339846,0.8570459
-0.2227456,-0.486498,0.05757987,0.8428456
-0.2033316,-0.5272971,0.05187766,0.8233606
-0.4418111,-0.4501061,0.07898945,0.7719898
-0.6852942,-0.04774186,0.1145448,0.7176157
-0.6944772,0.06354392,0.1317597,0.7044877
-0.6941181,0.1117942,0.1387908,0.6974519
-0.6923041,0.1352367,0.1460187,0.693617
-0.6915088,0.1199138,0.1510353,0.6961498
-0.6918807,0.09277847,0.1467488,0.7008266
-0.6932316,0.07134548,0.1370678,0.7039546
-0.6943481,0.03619364,0.1229129,0.7081406
-0.6909423,-0.01706401,0.112117,0.713959
-0.6851635,-0.05087635,0.1100717,0.7182248
-0.6832051,-0.05205187,0.1134471,0.7194797
-0.6846634,-0.03131598,0.1201731,0.7182018
-0.6875885,-0.006122857,0.1247355,0.7152802
-0.6907234,0.02267146,0.1282952,0.7112859
-0.693313,0.05013892,0.1297411,0.7070858
-0.6942053,0.07909656,0.133808,0.7027931
-0.694061,0.1037217,0.1377501,0.6989607
-0.6941943,0.1295539,0.1357124,0.6949044
-0.6940705,0.1460789,0.1306613,0.6927155
-0.6940221,0.1574796,0.12096,0.6920276
-0.6957352,0.1458401,0.1120669,0.6943517
-0.6934855,0.1666313,0.1026919,0.6933731
-0.691821,0.1757334,0.09335646,0.6941081
-0.6718705,0.2519511,0.07914448,0.6919875
-0.5819023,0.4296609,0.06531411,0.6873975
-0.2261571,0.6920744,0.04660445,0.6838962
0.2520846,0.6748601,0.03247038,0.6927935
0.1655316,0.6547793,0.03903829,0.7364368
0.2552182,0.5519953,0.05623047,0.7918352
0.255239,0.5321391,0.05874374,0.8051275
0.3103276,0.4998163,0.06906543,0.8056739
0.3806008,0.4386361,0.08761688,0.8093607
0.4209019,0.3838209,0.1047398,0.815201
0.4184445,0.3657024,0.1101029,0.8240408
0.4124792,0.3525792,0.1131606,0.8323122
0.4105123,0.3397937,0.1161118,0.8381753
0.3983298,0.3345693,0.1151989,0.8462422
0.3931662,0.3242822,0.1160265,0.8525253
0.3873287,0.3149251,0.1162848,0.8586481
0.3884925,0.3130675,0.1172253,0.8586738
0.388086,0.3050607,0.1186396,0.8615404
0.3918289,0.2907273,0.1221003,0.8643143
0.3918049,0.2829366,0.1232821,0.8667395
0.3774379,0.2961788,0.1164643,0.8696291
0.3562309,0.3176691,0.1063501,0.8722818
0.343434,0.3325935,0.09940011,0.8726708
0.3528086,0.3446862,0.0992602,0.8642134
0.3974133,0.334374,0.1094332,0.8475146
0.5370322,0.2472094,0.1404775,0.7941977
0.6805074,-0.01974347,0.1578133,0.7152725
0.6889281,-0.1762065,0.1514388,0.6865827
0.6816227,-0.2228215,0.16742,0.6765438
0.676259,-0.2545219,0.169414,0.6702173
0.6768723,-0.2546311,0.1601726,0.6718273
0.6805581,-0.2388141,0.1481843,0.6766461
0.6864718,-0.2096655,0.1278737,0.6844306
0.6928784,-0.1712445,0.1070887,0.69219
0.7006058,-0.09857062,0.0939678,0.7004324
0.7007339,-0.01055744,0.08792847,0.7079047
0.694443,0.04874811,0.08567846,0.7127634
0.6859419,0.09251249,0.08509082,0.716718
0.6885121,0.07582217,0.0874868,0.7159246
0.6939559,0.04278699,0.08907646,0.713204
0.6973335,0.02034953,0.08820543,0.7110076
0.6994547,0.008054852,0.08520094,0.7095344
0.7016917,-0.002994508,0.07927954,0.7080497
0.7034057,-0.01880732,0.07461286,0.7066114
0.702695,0.0206905,0.06611714,0.7081103
0.6884376,0.136553,0.05398759,0.7102762
0.4687549,0.5217685,0.04224642,0.7115067
-0.5964755,0.3745028,0.03466398,0.7090579
-0.7046574,0.05375314,0.02918848,0.7069063
-0.6993047,-0.1351894,0.01779178,0.7016981
-0.6529022,-0.3104973,0.007684618,0.6908336
-0.5921421,-0.4258915,0.008358926,0.6840426
-0.5361562,-0.5035467,0.007993013,0.6774315
-0.5776353,-0.4531653,0.003031582,0.6789473
-0.5922731,-0.4186216,0.01262861,0.688338
-0.1522912,-0.6974277,0.03588792,0.6993669
-0.6935464,-0.1005424,0.06219935,0.7106448
-0.6834463,-0.1114995,0.08419576,0.7165055
-0.6918167,-0.05112225,0.09612858,0.7138176
-0.6997785,0.01295945,0.09578842,0.7077901
-0.7008787,0.02132007,0.09308395,0.7068592
-0.6984762,-0.0001994669,0.09687266,0.7090462
-0.6997852,0.01562092,0.09678644,0.7075938
-0.7008094,0.03643906,0.09726524,0.7057463
-0.7010915,0.05285224,0.09819514,0.7042975
-0.7012916,0.07162124,0.0967975,0.7026312
-0.7005658,0.09724876,0.09511882,0.7005016
-0.6997631,0.1120248,0.09194151,0.6995204
-0.6978477,0.1323293,0.08958215,0.6981924
-0.6962438,0.1449645,0.08578789,0.6977611
-0.6909963,0.1763342,0.08295563,0.6960954
-0.6778079,0.2307879,0.07848862,0.6936519
-0.6693479,0.2583298,0.07734621,0.6922837
-0.6675392,0.2649168,0.07896531,0.6913573
-0.660319,0.2848353,0.07769072,0.6905156
-0.6537682,0.3017524,0.07720211,0.6896176
-0.6447618,0.3235337,0.07714316,0.6882274
-0.6274773,0.3582662,0.07403076,0.6873405
-0.5800772,0.43395,0.06754619,0.6860287
-0.515861,0.5107641,0.06193647,0.6849609
-0.4656592,0.5582681,0.05896701,0.6841207
-0.4167466,0.5962682,0.0561662,0.6838361
-0.3863091,0.6167669,0.05472249,0.6836442
-0.3739725,0.6247894,0.05444893,0.6832409
-0.4073383,0.6029758,0.05590661,0.6836447
-0.4426514,0.5763401,0.05709338,0.6845672
-0.5049203,0.5225556,0.06181727,0.6842294
-0.5606036,0.4609106,0.06682621,0.684704
-0.5668356,0.4530871,0.06763148,0.6847155
-0.5684785,0.450063,0.06689686,0.6854199
-0.5761734,0.4390545,0.066897,0.686134
-0.5794581,0.4342409,0.06692132,0.686429
-0.5715066,0.4437146,0.06468371,0.6872508
-0.5686086,0.4458842,0.06272945,0.6884305
-0.5765036,0.4343564,0.06246507,0.6892577
-0.5769866,0.4326113,0.06138858,0.6900473
-0.5615407,0.4514979,0.05866781,0.6909267
-0.526199,0.4918913,0.0553399,0.6914443
-0.5063432,0.5114106,0.05322057,0.6922742
-0.4998312,0.5166299,0.05188698,0.6932315
-0.4851419,0.5301343,0.05082485,0.69355
-0.5245212,0.4908935,0.05266686,0.6936333
-0.5820582,0.4201545,0.05627921,0.69391
-0.6023687,0.3905541,0.05863866,0.6936721
-0.6237982,0.354928,0.06155613,0.6936229
-0.6281109,0.3474307,0.06264272,0.6934295
-0.6203843,0.362912,0.06325009,0.6923999
-0.6080474,0.3850611,0.06306577,0.6913964
-0.5983282,0.4000439,0.06155673,0.6915048
-0.5866747,0.4175023,0.06061488,0.6912528
-0.5663569,0.4451306,0.05880392,0.6911156
-0.5647955,0.4458844,0.05739263,0.6920255
-0.5694693,0.4397038,0.05767569,0.6921262
-0.5860623,0.4156919,0.05775252,0.693106
-0.6168135,0.3679661,0.06143162,0.693086
-0.6416538,0.3216001,0.06559807,0.6932175
-0.6620742,0.2740157,0.06920347,0.6941067
-0.6727781,0.2457832,0.0748049,0.6938044
-0.6824704,0.2142105,0.08042079,0.6941761
-0.6865045,0.199305,0.08520478,0.6940672
-0.688201,0.1924855,0.08809224,0.6939515
-0.6851221,0.2069965,0.08867046,0.6927465
-0.6810532,0.223877,0.08836195,0.6915476
-0.672424,0.2545584,0.08732733,0.6895069
-0.6668496,0.2710954,0.08541751,0.6888561
-0.6577822,0.2969932,0.08549088,0.6868835
-0.6430207,0.3306966,0.0813567,0.685963
-0.6303697,0.3561904,0.07875046,0.6852452
-0.6198333,0.3759247,0.07739553,0.6844686
-0.6144786,0.3844112,0.07555076,0.6847892
-0.6125551,0.386403,0.07373762,0.6855887
-0.6178624,0.3758074,0.07266331,0.6868295
-0.6300243,0.3514098,0.07179514,0.688786
-0.6415151,0.3254908,0.06999931,0.6910963
-0.6639994,0.2689019,0.06965822,0.6942221
-0.6767775,0.2278922,0.06807557,0.6967086
-0.6913409,0.1679068,0.06792617,0.6994576
-0.6978272,0.1292281,0.06647965,0.7013683
-0.7023183,0.09014797,0.06700033,0.7029462
-0.7038972,0.06685522,0.06781918,0.7038889
-0.70367,0.07100481,0.06785476,0.7037063
-0.702368,0.08923116,0.06918749,0.7028016
-0.7006711,0.1070869,0.06812063,0.7021055
-0.6986917,0.124332,0.071621,0.7008865
-0.6924549,0.1650173,0.07414231,0.6984113
-0.6858044,0.1978576,0.07584339,0.6962561
-0.6791065,0.2250383,0.0767417,0.6944659
-0.6712049,0.2522715,0.07704633,0.6927531
-0.6651018,0.271391,0.07782036,0.6913252
-0.6556886,0.2962231,0.07636923,0.6902841
-0.6503354,0.3088918,0.07529461,0.6899133
-0.6416968,0.329253,0.07543591,0.6885689
-0.6425322,0.3280221,0.07625398,0.6882871
-0.6376435,0.338199,0.07539234,0.6880031
-0.6397446,0.3328586,0.0744482,0.6887594
-0.6416206,0.3272444,0.07258725,0.6899023
-0.6434475,0.3216531,0.07069513,0.6910259
-0.6483241,0.3092111,0.06927022,0.6922904
-0.6543966,0.2922746,0.06664643,0.6941894
-0.6639481,0.2652167,0.06453544,0.6961812
-0.674943,0.2308547,0.06343901,0.6979496
-0.6831908,0.2005217,0.06242198,0.699389
-0.691403,0.1652011,0.0635353,0.7004525
-0.6985669,0.1238078,0.06615373,0.7016407
-0.6983007,0.1256543,0.06587374,0.7016037
-0.6972295,0.1333738,0.06672603,0.7011634
-0.7002909,0.1105628,0.06887645,0.7018721
-0.693599,0.156869,0.06991535,0.6995887
-0.6885352,0.1826676,0.07027969,0.6982926
-0.6835698,0.2045509,0.07117385,0.6970118
-0.6800649,0.2194896,0.07342947,0.6956608
-0.6782041,0.2275089,0.07536519,0.6946934
-0.6755863,0.2372568,0.07619926,0.6938921
-0.6707081,0.2532317,0.07602578,0.6929967
-0.6657025,0.2678344,0.07511309,0.6924327
-0.6659507,0.2674189,0.07554081,0.6923081
-0.6687518,0.2592609,0.07592866,0.6926686
-0.6760545,0.235742,0.07635182,0.6939353
-0.6753231,0.2381551,0.07622069,0.6938381
-0.6747961,0.2377194,0.07270223,0.694877
-0.6751013,0.2344969,0.06938699,0.6960136
-0.6791433,0.2185827,0.06667712,0.6975243
-0.6838489,0.1985493,0.063335,0.6992265
-0.6857132,0.1893592,0.06085265,0.7001697
-0.6947062,0.1455887,0.059605,0.7018793
-0.6985124,0.1211594,0.05815715,0.7028646
-0.7015766,0.09641752,0.05648813,0.7037777
-0.7026001,0.08653021,0.05658957,0.7040335
-0.7025864,0.08676916,0.05719298,0.7039691
-0.7009217,0.1021564,0.0566043,0.7036113
-0.6953961,0.1407413,0.05799761,0.7023194
-0.6905767,0.1673141,0.06029421,0.7010524
-0.6863039,0.1880487,0.06278247,0.6997737
-0.6842124,0.1981765,0.06513587,0.6988109
-0.6767256,0.227073,0.06672588,0.697157
-0.6740475,0.2373485,0.06853747,0.6961524
-0.6692071,0.2524905,0.06824839,0.6955233
-0.6601156,0.2776335,0.06709611,0.6947409
-0.6493465,0.3031741,0.06487355,0.6944249
-0.6475571,0.3070707,0.06443328,0.6944247
-0.646376,0.3099642,0.06459936,0.6942241
-0.6410465,0.3217088,0.06419188,0.6938603
-0.6403853,0.3227417,0.06372961,0.6940338
-0.6568348,0.2860616,0.06678769,0.6944612
-0.6612191,0.2759992,0.0689097,0.6941651
-0.6603221,0.279084,0.06978622,0.6936978
-0.6596835,0.2813985,0.07063437,0.6932845
-0.6578955,0.2872021,0.07198074,0.6924646
-0.6550844,0.294398,0.07181403,0.692125
-0.6554858,0.2939988,0.07265225,0.6918271
-0.6561321,0.2929792,0.07353544,0.6915536
-0.6564822,0.2930784,0.07493582,0.6910288
-0.6621375,0.2794152,0.07722062,0.6910412
-0.6692394,0.2599363,0.07941231,0.691553
-0.6679189,0.263505,0.07867283,0.6915635
-0.6651468,0.2696383,0.07546696,0.6922281
-0.6662232,0.2653278,0.07384184,0.6930333
-0.6678022,0.2597369,0.07260007,0.6937624
-0.6705134,0.2510937,0.0720987,0.6943814
-0.6714002,0.2475447,0.07103935,0.6949078
-0.6722401,0.2440131,0.06977347,0.6954729
-0.6729831,0.2406416,0.06835541,0.6960697
-0.6730236,0.2399475,0.06754029,0.6963497
-0.6723896,0.2418204,0.06730434,0.696337
-0.6695566,0.2506542,0.06726345,0.6959469
-0.6607826,0.2752625,0.06641215,0.695116
-0.6377777,0.328111,0.0634141,0.6939462
-0.6180658,0.3659819,0.06188619,0.6929805
-0.608228,0.38316,0.06141007,0.6924421
-0.6006822,0.3957444,0.0612351,0.6919664
-0.604836,0.3887262,0.06112275,0.6923361
-0.6096698,0.3812029,0.06202295,0.6921996
-0.6136611,0.3744091,0.06232864,0.6923532
-0.6152052,0.3709987,0.06164891,0.6928794
-0.615416,0.3703488,0.06134301,0.693067
-0.6044896,0.3880677,0.05985832,0.6931182
-0.5674931,0.440662,0.05596218,0.6932797
-0.5563558,0.4551647,0.05550671,0.6929735
-0.5988791,0.396278,0.05859017,0.6934514
-0.6185328,0.365028,0.06180057,0.6930746
-0.6426423,0.3186002,0.06475407,0.6937663
-0.6507434,0.3016017,0.06714228,0.693586
-0.652203,0.2976396,0.06658554,0.6939802
-0.6503972,0.3027083,0.0674389,0.6933997
-0.6434955,0.3181561,0.06653538,0.6930103
-0.6492565,0.3053419,0.06727302,0.6933302
-0.6620905,0.274087,0.06953123,0.69403
-0.6689923,0.2553775,0.0714106,0.6943575
-0.6735698,0.2411226,0.0717333,0.6949949
-0.6802132,0.2185007,0.07273221,0.6959004
-0.6801718,0.218001,0.0716933,0.6962053
-0.6794552,0.2207966,0.07193056,0.6959996
-0.6820118,0.2109063,0.07148612,0.696612
-0.6860712,0.1948942,0.07252568,0.6971819
-0.6877265,0.1871068,0.07169187,0.6977705
-0.6903151,0.174278,0.07039839,0.6986676
-0.6883622,0.1816235,0.06701699,0.6990558
-0.6854447,0.192299,0.06372225,0.6993754
-0.6816199,0.2051418,0.06040138,0.6997591
-0.6586368,0.2746374,0.05822304,0.6981275
-0.6421118,0.3142196,0.05812213,0.6968359
-0.5841754,0.4162168,0.0555006,0.6945663
-0.5402234,0.4758883,0.05587195,0.6917857
-0.52685,0.4940167,0.05796073,0.6892148
-0.5195962,0.5048437,0.06028891,0.6866716
-0.5199484,0.5068547,0.06250969,0.6847222
-0.513753,0.5149151,0.06356069,0.6832865
-0.4984232,0.5318839,0.06396897,0.6816024
-0.4995376,0.5311623,0.06438416,0.6813102
-0.5086411,0.5226552,0.06549773,0.6810476
-0.5315468,0.4988107,0.06770332,0.6812211
-0.5525426,0.4744494,0.06963585,0.6817223
-0.5781332,0.4403509,0.07124957,0.6832105
-0.5935986,0.4168282,0.07160291,0.6846663
-0.6049152,0.397848,0.07139128,0.6860743
-0.6173278,0.3746997,0.07019052,0.6881714
-0.6236521,0.3610862,0.06824535,0.6899402
-0.639676,0.3266086,0.06635144,0.6926319
-0.649642,0.3024319,0.06462806,0.6944951
-0.6674728,0.2554359,0.0649147,0.6964328
-0.6807557,0.2108894,0.06385487,0.6985841
-0.6862766,0.1880988,0.06232151,0.6998281
-0.685861,0.1890521,0.06108105,0.7000879
-0.6860101,0.1876273,0.05986807,0.7004299
-0.6864179,0.1850347,0.05859095,0.700828
-0.6855865,0.1883918,0.05850524,0.7007545
-0.6781982,0.2164791,0.05874249,0.6998097
-0.6730218,0.2350138,0.0604755,0.6986794
-0.6699486,0.2464965,0.06301734,0.6974505
-0.6664631,0.2591729,0.06605276,0.6959119
-0.6618723,0.2747754,0.06953052,0.6939662
-0.6595759,0.2826166,0.07172,0.6927798
-0.6527353,0.3001346,0.07144901,0.6919183
-0.6453142,0.3175305,0.07087946,0.691173
-0.6452962,0.3176773,0.07100856,0.6911091
-0.6424193,0.3242962,0.07113615,0.6907017
-0.642299,0.3243103,0.07081249,0.6908404
-0.6416365,0.3257683,0.07070479,0.6907811
-0.6460518,0.3163559,0.07147476,0.6909613
-0.6437787,0.3207381,0.07032159,0.6911809
-0.6380961,0.3323051,0.06901971,0.6911172
-0.6456013,0.3156278,0.0691947,0.6919467
-0.6486512,0.3081829,0.06886238,0.6924832
-0.6490786,0.3071527,0.0688872,0.6925379
-0.649424,0.3058275,0.06823841,0.6928648
-0.6573973,0.2868239,0.06949526,0.693348
-0.6532295,0.2961284,0.06774744,0.6935484
-0.6698185,0.2514649,0.06927139,0.695205
-0.6797788,0.2191912,0.07110691,0.6962757
-0.6877526,0.1881043,0.07359877,0.6972778
-0.6933347,0.1611515,0.07642475,0.6981951
-0.6965116,0.1417537,0.07776976,0.6990919
-0.6979851,0.1312648,0.07960823,0.6994632
-0.6984617,0.1275194,0.08125246,0.6994914
-0.6999322,0.1135913,0.08370972,0.7001318
-0.7011044,0.09662423,0.08805233,0.700973
-0.7009969,0.08963522,0.09451547,0.7011673
-0.6999253,0.08744466,0.1051653,0.7009979
-0.6986012,0.08709675,0.1146651,0.7008725
-0.696718,0.08705842,0.1256233,0.7008736
-0.6947735,0.09397307,0.1357269,0.7000265
-0.693132,0.1074611,0.1440755,0.6980418
-0.6911291,0.1154952,0.1533457,0.6967686
-0.6895574,0.1162412,0.1599274,0.6967223
-0.6875942,0.1302996,0.1684928,0.6941516
-0.6858763,0.139891,0.1754649,0.6922545
-0.683633,0.1413931,0.1837484,0.6920191
-0.680967,0.1491508,0.1933212,0.6904092
-0.6770409,0.1538529,0.205936,0.6895907
-0.6740071,0.1530749,0.2143203,0.6901807
-0.6712286,0.1516406,0.2211539,0.6910486
-0.66878,0.1515389,0.2269275,0.691573
-0.6665701,0.1643266,0.2346447,0.6882027
-0.6665472,0.171403,0.2360797,0.6860045
-0.6663614,0.1806087,0.2379653,0.6831658
-0.66479,0.1863685,0.2425338,0.6815411
-0.6614313,0.1812755,0.2494572,0.6836803
-0.6563741,0.1729716,0.2577899,0.6876032
-0.6529113,0.1629219,0.2610032,0.6921276
-0.6499046,0.1536725,0.2626027,0.6964542
-0.6479346,0.1416017,0.2610124,0.7014287
-0.6491178,0.1418315,0.2593757,0.7008953
-0.6471846,0.1201551,0.2535708,0.7088135
-0.6462998,0.1197306,0.2544341,0.7093831
-0.6469361,0.116692,0.2524856,0.7100054
-0.6500331,0.1141834,0.2476584,0.7092845
-0.6513656,0.1197344,0.2480723,0.7069983
-0.6534077,0.1134943,0.2428181,0.7079666
-0.6552867,0.1105815,0.2389602,0.7080035
-0.6581949,0.10581,0.2327486,0.7081044
-0.6621511,0.1074784,0.2270127,0.7060238
-0.6683923,0.1122683,0.2172795,0.7024509
-0.6733158,0.1066372,0.2052938,0.7022314
-0.6791352,0.1017954,0.1901686,0.7016045
-0.6840764,0.09467545,0.1749994,0.7017488
-0.687881,0.09085342,0.1624303,0.7015567
-0.6912625,0.09014815,0.1503867,0.7010087
-0.6939896,0.08333409,0.1383824,0.7016296
-0.6965688,0.08220297,0.1263235,0.7014819
-0.6983269,0.08138773,0.1166884,0.7014979
-0.6997411,0.08827698,0.1065626,0.7008667
-0.7004935,0.09996128,0.09398437,0.7003453
-0.6991234,0.1213055,0.08432636,0.6995717
-0.6914729,0.1692322,0.07229838,0.6985691
-0.6584778,0.2779807,0.06216285,0.696613
-0.5248582,0.4898392,0.05236591,0.6941464
-0.1083883,0.7139419,0.04265755,0.6904487
0.2490447,0.6806018,0.03433018,0.688171
0.4378691,0.5810632,0.02585012,0.6855422
0.5575907,0.4713037,0.01436916,0.6831975
0.6047195,0.4119826,0.005285293,0.6815839
0.6054279,0.4189389,-0.001535326,0.6767162
0.5930275,0.4442194,-0.005751371,0.6715314
0.6028011,0.4375831,-0.01475376,0.667034
0.6171529,0.414731,-0.01701221,0.6684542
0.6256103,0.4013207,-0.01932937,0.6687151
0.6269494,0.4029038,-0.02361932,0.6663671
0.6286827,0.4007491,-0.02506351,0.6659806
0.6349635,0.3879032,-0.02535328,0.6676151
0.6265157,0.4031737,-0.02318457,0.6666271
0.6186115,0.4166723,-0.02135107,0.6657689
0.6192901,0.4128812,-0.01891196,0.6675711
0.6140584,0.4213322,-0.01770261,0.6671568
0.599839,0.4461246,-0.01798141,0.6639599
0.5972711,0.4503483,-0.01836136,0.6634127
0.5999608,0.4483782,-0.02091664,0.6622436
0.6155856,0.423822,-0.02420607,0.6639603
0.6168667,0.4220698,-0.0247674,0.6638667
0.614261,0.4255328,-0.02341211,0.6641213
0.6184356,0.4186108,-0.02420133,0.6646177
0.6244374,0.4084996,-0.02564633,0.665243
0.626101,0.4068957,-0.02719489,0.6646004
0.6273627,0.405784,-0.0285615,0.6640329
0.621551,0.4153643,-0.02653077,0.6636588
0.6214025,0.4131556,-0.02381614,0.6652775
0.6287406,0.3978504,-0.02289823,0.6677395
0.6308707,0.3934219,-0.02269152,0.668361
0.6368054,0.3794043,-0.02102908,0.6708869
0.6418774,0.367004,-0.01967335,0.6729892
0.6418638,0.3641605,-0.01670513,0.674625
0.6478322,0.3463533,-0.0127767,0.6783728
0.6463082,0.345177,-0.008410931,0.680491
0.6373633,0.3560404,-0.0003678501,0.6833763
0.6200505,0.3816592,0.007368892,0.6854336
0.6008955,0.4049533,0.01572362,0.6889776
0.5904821,0.4109563,0.02391878,0.6941712
0.3630772,0.6183856,0.03456941,0.6961172
-0.599921,0.3842984,0.04874,0.7000244
-0.6900165,0.1717518,0.06375435,0.7002242
-0.6990286,0.1222633,0.07723275,0.7003183
-0.7002531,0.1079677,0.08835289,0.7001302
-0.7003649,0.09881493,0.09651011,0.7002931
-0.6993842,0.09629774,0.1074774,0.7000265
-0.6978488,0.09471485,0.1190239,0.6999068
-0.696229,0.09322476,0.1285591,0.7000335
-0.6944475,0.08871743,0.1370233,0.7007828
-0.6924798,0.08538502,0.144868,0.7015657
-0.6895669,0.08267957,0.1549855,0.7025959
-0.6855342,0.07815212,0.1664276,0.704441
-0.6811046,0.07812512,0.1783059,0.7058328
-0.6774368,0.07401899,0.1856753,0.707902
-0.6728806,0.06839916,0.1932299,0.710785
-0.6675774,0.05990082,0.1996482,0.7147677
-0.664863,0.04930931,0.1997471,0.7180715
-0.6623913,0.04542178,0.20194,0.7199963
-0.658938,0.03599873,0.2027593,0.7234592
-0.655851,0.03414226,0.205945,0.7254519
-0.6538748,0.02938929,0.2061764,0.7273756
-0.6522265,0.02331349,0.2053857,0.7292967
-0.6510537,0.02402833,0.2070237,0.729858
-0.6510253,0.02995795,0.2097259,0.728892
-0.6516188,0.04175785,0.2144527,0.7264016
-0.6535542,0.04868159,0.2153519,0.7239617
-0.6580619,0.0649212,0.2165884,0.7182125
-0.6621501,0.07099015,0.2132406,0.7148749
-0.6644911,0.06689328,0.2103062,0.7139665
-0.6680639,0.07684031,0.2057779,0.7109442
-0.6671404,0.08125737,0.2091195,0.710345
-0.6651719,0.08231655,0.2128887,0.7109492
-0.6615977,0.07407594,0.2153908,0.7144285
-0.6593052,0.06824985,0.2163825,0.7168245
-0.6578927,0.06788754,0.2181516,0.7176199
-0.6545281,0.06078488,0.2195508,0.7208991
-0.6535147,0.06653202,0.2231958,0.7201915
-0.6519495,0.06640819,0.2249471,0.7210762
-0.651552,0.06231409,0.2236329,0.7222085
-0.6528027,0.05996099,0.2212191,0.7220218
-0.6551949,0.05991751,0.2182775,0.7207527
-0.6563145,0.05816585,0.2160639,0.7205445
-0.655872,0.0553399,0.2154191,0.7213626
-0.6565853,0.05540127,0.2144858,0.7209871
-0.6581606,0.05836412,0.2135886,0.719582
-0.6602027,0.06569168,0.2137827,0.7170173
-0.663998,0.06455281,0.2074997,0.7154604
-0.6676598,0.06486237,0.201523,0.713731
-0.6729584,0.07375923,0.1950184,0.7096861
-0.6775572,0.08349255,0.188522,0.7059778
-0.6823506,0.08837304,0.1781374,0.7034593
-0.6868061,0.09108344,0.1659238,0.7017624
-0.6907541,0.09551489,0.1531751,0.7001951
-0.6939683,0.100067,0.1401072,0.6991169
-0.6959531,0.1106927,0.1289882,0.6976808
-0.6967773,0.1239208,0.1187064,0.696458
-0.6960061,0.1429802,0.1092501,0.6951234
-0.6948261,0.1550488,0.1038746,0.6945406
-0.692784,0.1694831,0.09763297,0.6941135
-0.6889157,0.1902576,0.09261644,0.6932671
-0.6809529,0.2222758,0.0848403,0.6926029
-0.6589289,0.2866219,0.07530233,0.6913683
-0.5941769,0.408803,0.06422943,0.6897164
-0.3975574,0.6065957,0.0534413,0.6863919
-0.02794397,0.7292666,0.04208624,0.6823621
0.2174458,0.7007796,0.03289659,0.6786333
0.3313163,0.6597339,0.02533777,0.6740465
0.3872992,0.6343055,0.01841789,0.6688174
0.4332123,0.6040395,0.01448701,0.6687701
0.4637006,0.579568,0.01253691,0.6700191
0.4953,0.5522049,0.00948067,0.6705652
0.5148902,0.5358044,0.005585968,0.6691567
0.5159651,0.5356735,0.004898071,0.6684383
0.5114516,0.5391235,0.006445348,0.6691201
0.5072459,0.5460976,0.004787043,0.6666753
0.516786,0.5384119,0.002144367,0.6656128
0.5033469,0.5533463,0.002297804,0.6636599
0.4736117,0.5753253,0.009147495,0.6667902
0.394671,0.6344504,0.01610427,0.6644156
0.4178937,0.6243536,0.01027098,0.6598803
0.4740089,0.5861956,0.0004543662,0.6570313
0.5113343,0.5564648,-0.008166954,0.6548417
0.5337075,0.5364696,-0.01399779,0.6535754
0.5500814,0.5204521,-0.01887262,0.6528276
0.5485465,0.5224457,-0.01879647,0.6525289
0.5447187,0.5279399,-0.01915726,0.6513017
0.5470078,0.5251515,-0.01944381,0.651629
0.5541089,0.5162818,-0.01995614,0.6527007
0.5560985,0.5137943,-0.02027959,0.6529614
0.5588388,0.5076863,-0.01781043,0.6554667
0.5595612,0.4983473,-0.00979051,0.6621522
0.5337626,0.5223231,-0.00135681,0.6650372
0.5014611,0.5505846,0.006002888,0.6673511
0.4736144,0.5726938,0.01090673,0.6690233
0.4478301,0.591396,0.01472731,0.6704341
0.4289566,0.5992776,0.02010636,0.6756171
0.3688675,0.6342611,0.02628389,0.6789394
0.3156598,0.6613042,0.02920672,0.67984
0.1024403,0.722822,0.03783175,0.6823513
-0.002002785,0.7276185,0.04090627,0.6847584
-0.3155908,0.6493015,0.04796226,0.6902968
-0.6066859,0.3792454,0.05518037,0.6964628
-0.6581719,0.2745464,0.05739573,0.69867
-0.6697978,0.2419254,0.05711952,0.6997001
-0.6657428,0.2517436,0.05435726,0.7003264
-0.6402115,0.3117811,0.0510655,0.7002243
-0.557649,0.4433941,0.04640546,0.7001971
-0.4373002,0.562697,0.04360634,0.7001708
-0.3718256,0.6082378,0.04274686,0.6999751
-0.4671441,0.5378707,0.04390711,0.7003883
-0.6273715,0.3351046,0.04775235,0.7013056
-0.6753724,0.2209734,0.05251914,0.7016299
-0.6945121,0.1462626,0.05931962,0.7019554
-0.7011862,0.1017443,0.06526297,0.7026569
-0.702344,0.08873907,0.07182264,0.7026235
-0.7021095,0.08847135,0.07908177,0.702112
-0.7020921,0.07929027,0.08706862,0.7022811
-0.7020383,0.06788716,0.09113345,0.7030137
-0.7022902,0.06224778,0.08970329,0.7034678
-0.7028316,0.05696905,0.08551946,0.7038953
-0.7035804,0.04722765,0.07949609,0.7045741
-0.7044045,0.04696146,0.07094064,0.7046818