0.01007676,-0.3023545,-0.02729767,0.9527513
-0.3811606,-0.2237857,0.1678037,0.8811802
-0.3706671,-0.2228611,0.1669954,0.8860313
-0.3786148,-0.2084853,0.1787189,0.8838803
-0.3757505,-0.2073826,0.1813367,0.8848283
-0.3706646,-0.2090349,0.1789473,0.8870682
-0.3575732,-0.2210171,0.1704208,0.8912068
-0.3414981,-0.236519,0.1624175,0.8950186
-0.3257536,-0.2600246,0.1482008,0.8968324
-0.2918361,-0.2950748,0.1338604,0.8999133
-0.2786754,-0.3062886,0.1266021,0.9013873
-0.2456648,-0.3299938,0.1125092,0.9044858
-0.2165145,-0.3463704,0.1031964,0.9069177
-0.2036318,-0.3537845,0.1023306,0.9071379
-0.1991259,-0.3563342,0.09940125,0.9074659
-0.2110479,-0.3508087,0.1041633,0.9063896
-0.2256402,-0.3450921,0.1098719,0.9043927
-0.2519191,-0.3279889,0.1192806,0.9026251
-0.2758827,-0.3116815,0.131372,0.8997137
-0.3098277,-0.2817629,0.1516867,0.8953255
-0.3376096,-0.2530743,0.1719414,0.8901737
-0.3521652,-0.2305474,0.1867111,0.8876748
-0.3618368,-0.2168058,0.1956711,0.8853147
-0.3539379,-0.2122869,0.2010573,0.8883907
-0.3348401,-0.2211756,0.1965488,0.8946129
-0.3209785,-0.2437438,0.1878608,0.8956953
-0.3066173,-0.2723811,0.1726631,0.8955345
-0.281085,-0.3001086,0.1550895,0.8982613
-0.2500394,-0.3285215,0.1418599,0.8996832
-0.2234874,-0.3538777,0.1310801,0.8986891
-0.1824246,-0.3853717,0.1196793,0.8965974
-0.1340156,-0.4071777,0.1056123,0.8972692
-0.1075831,-0.4166357,0.09791029,0.8973595
-0.08597048,-0.4233021,0.09077471,0.8973207
-0.07704446,-0.4224858,0.08733889,0.8988557
-0.07985061,-0.4175021,0.09095377,0.9005795
-0.09346385,-0.4115641,0.09764726,0.9013016
-0.1065673,-0.4015765,0.1059836,0.9034086
-0.1258788,-0.3946787,0.1092641,0.9035732
-0.1709059,-0.3763706,0.1223862,0.902307
-0.2112139,-0.3516327,0.1347124,0.9019954
-0.2418319,-0.3313877,0.135552,0.9018455
-0.2563269,-0.3090596,0.1316774,0.9063331
-0.275637,-0.2900937,0.1349814,0.9064491
-0.2977154,-0.2734407,0.1512064,0.9020711
-0.3068301,-0.2614444,0.1550767,0.9019165
-0.3117188,-0.2544212,0.1598843,0.901409
-0.3116752,-0.2539467,0.1623172,0.9011231
-0.3045864,-0.2621408,0.158781,0.9018303
-0.2924019,-0.2732047,0.1540095,0.9034054
-0.2846239,-0.2799742,0.1597562,0.9028187
-0.2743599,-0.284033,0.1649762,0.9037891
-0.26139,-0.2938959,0.1638644,0.9046816
-0.2482418,-0.3125699,0.154959,0.9036946
-0.2369742,-0.3240613,0.1480297,0.9038333
-0.2340232,-0.3336392,0.142178,0.9020552
-0.2306515,-0.3368057,0.1407318,0.9019736
-0.2327448,-0.3372866,0.1387451,0.9015639
-0.2339824,-0.3367788,0.1387925,0.9014261
-0.2420796,-0.3319513,0.1406585,0.9007891
-0.2547646,-0.3220665,0.1432427,0.900472
-0.2728494,-0.3090819,0.147076,0.8991052
-0.2959776,-0.2913945,0.1552366,0.8963192
-0.3164914,-0.2732785,0.164898,0.8932863
-0.3241022,-0.2626018,0.1666804,0.8934292
-0.318553,-0.2589664,0.1704216,0.8957773
-0.3198923,-0.2679463,0.163315,0.8939809
-0.3073295,-0.2797462,0.1568893,0.8959221
-0.2937309,-0.2914978,0.154636,0.8971282
-0.281646,-0.3020955,0.160209,0.8965192
-0.265828,-0.3144315,0.1535314,0.8982742
-0.2561875,-0.3258584,0.148418,0.8978621
-0.2422987,-0.32845,0.1387518,0.9023081
-0.2400465,-0.3329271,0.135691,0.9017345
-0.2409916,-0.33384,0.1325593,0.9016107
-0.2485049,-0.3289619,0.1315264,0.9015154
-0.2683714,-0.3123647,0.1499067,0.8988509
-0.2806896,-0.3008418,0.1459982,0.8996623
-0.3069123,-0.2848985,0.1553439,0.89471
-0.3293659,-0.2592609,0.1691761,0.8920097
-0.3444694,-0.2293098,0.1901877,0.8902733
-0.3578807,-0.2050498,0.205093,0.8875883
-0.3619103,-0.2028006,0.2097188,0.8853874
-0.3548436,-0.2156439,0.2038637,0.8865796
-0.3414893,-0.2391422,0.1892875,0.8890255
-0.3192515,-0.2588875,0.1839749,0.8928657
-0.2970629,-0.279294,0.1749425,0.8961828
-0.2759923,-0.2967605,0.1707854,0.8981057
-0.2605065,-0.3194103,0.1617003,0.8966418
-0.2510841,-0.3341895,0.1594211,0.8943484
-0.2415328,-0.3453475,0.1591456,0.8927876
-0.2414905,-0.3520379,0.15455,0.8909916
-0.2357054,-0.355576,0.1530133,0.891401
-0.2384874,-0.3539061,0.1532055,0.8912926
-0.2450519,-0.3477373,0.157118,0.8912588
-0.2562461,-0.3368758,0.1606487,0.8916526
-0.2747563,-0.3193707,0.166806,0.8914523
-0.2887103,-0.3026355,0.1712803,0.892032
-0.3055441,-0.2841348,0.1778645,0.8912207
-0.3172922,-0.2680291,0.1842017,0.8908175
-0.3289528,-0.2572651,0.1913757,0.8882455
-0.3337047,-0.2579755,0.1866531,0.8872713
-0.3293647,-0.2666796,0.1832617,0.8870265
-0.3099817,-0.2857217,0.1704669,0.8906265
-0.2896489,-0.3068865,0.159718,0.8924204
-0.2691308,-0.3234894,0.1581455,0.8932599
-0.2504707,-0.3413105,0.1510252,0.8932877
-0.2227996,-0.3533506,0.1487614,0.8963112
-0.2067018,-0.3687142,0.1442804,0.8947108
-0.1907143,-0.3788256,0.1392307,0.8948374
-0.1894151,-0.3880572,0.132355,0.8921972
-0.1922626,-0.3886114,0.127944,0.8919902
-0.18925,-0.3763102,0.131771,0.8973358
-0.2089648,-0.3672395,0.1358587,0.896109
-0.2459399,-0.3471285,0.1449839,0.8933057
-0.2690613,-0.3239131,0.1523984,0.8941259
-0.2953741,-0.2922948,0.1639853,0.8946658
-0.3202153,-0.266452,0.1717936,0.892722
-0.3408958,-0.24763,0.180266,0.8888046
-0.352107,-0.2427012,0.18321,0.8851841
-0.3464734,-0.2553873,0.1746648,0.8855652
-0.3317156,-0.2761498,0.1649661,0.8868439
-0.3131831,-0.3008425,0.1493069,0.8883229
-0.2915027,-0.3252968,0.1368203,0.8890941
-0.2591228,-0.3396888,0.1309621,0.8946037
-0.2349562,-0.3527446,0.1200894,0.8977447
-0.2105121,-0.3693901,0.1071547,0.8987511
-0.1991347,-0.3783601,0.1072415,0.8976013
-0.1911273,-0.3836645,0.10138,0.8977717
-0.1911582,-0.3844119,0.1017378,0.8974048
-0.2073996,-0.3714065,0.1113531,0.8981332
-0.2227825,-0.3537242,0.1162239,0.9009658
-0.2404632,-0.3340983,0.1196695,0.9034572
-0.2606356,-0.3182852,0.1222148,0.9032315
-0.281133,-0.3074476,0.125553,0.9003758
-0.298936,-0.2869073,0.1353951,0.8999943
-0.3145783,-0.2637423,0.1519221,0.8991108
-0.33014,-0.2414483,0.1759715,0.8954017
-0.3410384,-0.2287299,0.1871202,0.8923908
-0.3481643,-0.2300712,0.1855046,0.8896274
-0.3437517,-0.2455538,0.1743779,0.8894551
-0.3280846,-0.2663268,0.1668495,0.8908377
-0.3076661,-0.2876517,0.1591416,0.8929009
-0.2970702,-0.2977141,0.1603523,0.8929742
-0.2760654,-0.3138326,0.1563305,0.8949065
-0.2697195,-0.3222867,0.1507052,0.894802
-0.2558244,-0.3351074,0.1447103,0.8951625
-0.2449482,-0.3436148,0.1391433,0.8958618
-0.2388876,-0.3436416,0.1361153,0.8979508
-0.2560377,-0.3421243,0.1407694,0.8930731
-0.2638002,-0.3367131,0.1413684,0.8927758
-0.2820064,-0.3190923,0.1484291,0.8925365
-0.3007359,-0.2968265,0.1552991,0.8929356
-0.3178119,-0.2800311,0.1588742,0.8918168
-0.3289102,-0.2697955,0.1625713,0.8902802
-0.3399522,-0.2571534,0.1646438,0.8894925
-0.3483696,-0.2453342,0.1698008,0.8886042
-0.3504297,-0.2382355,0.1727134,0.8891641
-0.3481461,-0.2394934,0.1675248,0.8907146
-0.34225,-0.2497464,0.1600484,0.8915582
-0.3347655,-0.2614045,0.1531234,0.8922741
-0.325267,-0.2689014,0.1483456,0.8943641
-0.3149784,-0.2772286,0.1393058,0.8969542
-0.3042219,-0.2865696,0.1499062,0.8960218
-0.3030313,-0.287691,0.1579031,0.8946912
-0.2956794,-0.295005,0.1624963,0.8939466
-0.3020701,-0.2930063,0.1576812,0.8933296
-0.2875639,-0.3151473,0.1459886,0.8925673
-0.3006041,-0.3041337,0.1510203,0.8912534
-0.3053329,-0.2980035,0.1574232,0.8906086
-0.304343,-0.2958426,0.171833,0.8890028
-0.3083223,-0.2860706,0.1749976,0.8902117
-0.3374436,-0.2523219,0.1841576,0.8880041
-0.3507175,-0.2320271,0.1897299,0.8872221
-0.3573472,-0.2195876,0.1943456,0.8867435
-0.3671567,-0.2084358,0.2021055,0.8836877
-0.3696432,-0.2021302,0.2060924,0.8831949
-0.3743874,-0.2077033,0.2018509,0.8808801
-0.3763802,-0.2122015,0.1981742,0.8797929
-0.3753232,-0.2159285,0.194988,0.8800495
-0.3676936,-0.2233569,0.1907693,0.8823379
-0.3555641,-0.2362617,0.1849271,0.8851873
-0.3460638,-0.2511833,0.1758682,0.8866889
-0.3232974,-0.2754861,0.165585,0.8900381
-0.2819695,-0.3167228,0.1491019,0.8932797
-0.2719453,-0.3285002,0.1413507,0.8933942
-0.2677882,-0.3368178,0.1372752,0.8921876
-0.267729,-0.3400485,0.136245,0.8911372
-0.2683921,-0.3377451,0.1189517,0.8942843
-0.2821564,-0.329337,0.1278767,0.8919486
-0.3108155,-0.306978,0.1467429,0.8874822
-0.3222101,-0.2927911,0.156123,0.8866113
-0.3349652,-0.2799539,0.1595102,0.8854269
-0.3529891,-0.2728286,0.1527471,0.8818341
-0.374629,-0.2495026,0.1519117,0.8799571
-0.392236,-0.219937,0.1677313,0.8772939
-0.3947008,-0.2103247,0.1680814,0.8784779
-0.393333,-0.2036754,0.1847822,0.8773034
-0.3942267,-0.2097232,0.179316,0.8766113
-0.390404,-0.2185378,0.1728464,0.877468
-0.3680484,-0.2425042,0.1632896,0.8826485
-0.3292216,-0.2840577,0.1505284,0.8878432
-0.3104981,-0.3056897,0.1415999,0.8888723
-0.2811719,-0.3291149,0.132807,0.8916211
-0.2497553,-0.3541319,0.1205093,0.8931352
-0.2176945,-0.3784959,0.1084053,0.8930836
-0.1915611,-0.3983371,0.1033324,0.8910411
-0.1816436,-0.4073497,0.1006,0.8893545
-0.1790572,-0.4118541,0.09614748,0.8882964
-0.1773012,-0.4111565,0.09246783,0.8893618
-0.1985613,-0.3978175,0.1025564,0.8898296
-0.2282072,-0.3759525,0.1201919,0.8900198
-0.2594409,-0.3515505,0.1299792,0.8900607
-0.2911899,-0.3283744,0.1371569,0.8880127
-0.3212176,-0.3039263,0.1470539,0.884773
-0.3602999,-0.2558155,0.1707234,0.8806792
-0.377674,-0.2220637,0.1900798,0.8785897
-0.3917641,-0.2045522,0.1968559,0.8751726
-0.3906071,-0.1968589,0.2035313,0.8759269
-0.3891462,-0.1974968,0.2038128,0.8763677
-0.3781895,-0.2088809,0.1969283,0.8800913
-0.3642428,-0.2232624,0.1925894,0.8833971
-0.3525881,-0.2383071,0.1798091,0.8868822
-0.3252398,-0.2736028,0.1634714,0.890302
-0.294313,-0.302379,0.1507848,0.8939859
-0.2691017,-0.3206137,0.1432577,0.8968101
-0.2475992,-0.3381423,0.1330165,0.8981431
-0.231511,-0.3476312,0.1287993,0.8994254
-0.222707,-0.3561823,0.1219736,0.8992543
-0.2261169,-0.3602359,0.1221454,0.8967617
-0.2398537,-0.3497532,0.127845,0.8965482
-0.2470767,-0.337396,0.1379896,0.8978174
-0.2774442,-0.3118216,0.1502153,0.8962296
-0.2989837,-0.2840969,0.1656034,0.8958087
-0.3235417,-0.2543505,0.1832975,0.8927646
-0.3394232,-0.2196731,0.2084895,0.8905435
-0.3654378,-0.1784849,0.2268817,0.8849425
-0.3581837,-0.179146,0.2398441,0.8843563
-0.3612868,-0.1749751,0.2430609,0.8830498
-0.3580099,-0.1755831,0.2425699,0.8843977
-0.3392634,-0.2037998,0.2314105,0.8887155
-0.3256443,-0.2328864,0.2148781,0.8908126
-0.3027132,-0.2662146,0.1983742,0.8933881
-0.275228,-0.3001405,0.1831589,0.8947727
-0.2434139,-0.3369828,0.165745,0.8942711
-0.2131357,-0.3642363,0.1514325,0.8938531
-0.1766996,-0.3915758,0.1379476,0.8924215
-0.156809,-0.3966951,0.1215509,0.8962529
-0.1493347,-0.4041815,0.1290685,0.8931282
-0.1400782,-0.4066529,0.1175699,0.8950915
-0.1515604,-0.3996866,0.1175139,0.8963652
-0.1699139,-0.400685,0.1305101,0.8908131
-0.1793083,-0.3982714,0.1299944,0.8901291
-0.1979029,-0.3888169,0.1399389,0.8888605
-0.2288846,-0.367108,0.1535075,0.8884138
-0.2614402,-0.3438808,0.1568752,0.8881358
-0.2962741,-0.3219294,0.1640829,0.8841153
-0.3205752,-0.3011731,0.1744836,0.8809551
-0.331885,-0.2851494,0.1811187,0.88076
-0.3681086,-0.2510978,0.1953841,0.8736539
-0.3752311,-0.2438751,0.1968476,0.8723403
-0.3640001,-0.2515742,0.1976377,0.8747306
-0.3326283,-0.2844338,0.1853815,0.8798236
-0.2864239,-0.3277094,0.1690545,0.8843011
-0.2713578,-0.3392619,0.165828,0.8853063
-0.2569011,-0.3578926,0.1629187,0.8828206
-0.2207606,-0.3890429,0.1369568,0.8838288
-0.1929308,-0.4001248,0.1205214,0.8877795
-0.1741544,-0.4073045,0.1078257,0.8900263
-0.1767893,-0.4043249,0.1019336,0.8915584
-0.1743356,-0.4044175,0.09664202,0.8925884
-0.184521,-0.3990109,0.09705497,0.8929292
-0.2096711,-0.388028,0.1082274,0.8909317
-0.2895032,-0.3358305,0.131042,0.8866982
-0.3114137,-0.3084105,0.146579,0.8868027
-0.344448,-0.2734184,0.1633951,0.8831195
-0.3769334,-0.2395558,0.1805129,0.8763272
-0.3939459,-0.2173521,0.1967825,0.871115
-0.3990136,-0.2154251,0.1942674,0.8698508
-0.391752,-0.2314059,0.1788231,0.8723554
-0.389337,-0.244203,0.1739557,0.8709311
-0.3725018,-0.2643499,0.1651233,0.8741258
-0.3556541,-0.2834443,0.1589309,0.876305
-0.3365387,-0.3062099,0.1540198,0.8770719
-0.3126933,-0.3355708,0.1460456,0.8765191
-0.280925,-0.3644953,0.1281807,0.878518
-0.2597245,-0.3823449,0.1205447,0.8785354
-0.239824,-0.4006757,0.1123773,0.8771059
-0.2378911,-0.4048219,0.1065399,0.8764567
-0.2342282,-0.4070484,0.1040279,0.8767138
-0.2423569,-0.3998551,0.108535,0.877268
-0.2553867,-0.3864195,0.1112454,0.8792508
-0.2764631,-0.3673543,0.1128817,0.8808386
-0.3058708,-0.3396038,0.1191632,0.8814263
-0.3298433,-0.3077163,0.1257387,0.8835745
-0.3533781,-0.2797484,0.1348118,0.8824344
-0.3824235,-0.2415451,0.1583577,0.8776852
-0.3911793,-0.2240119,0.1733299,0.875645
-0.3937492,-0.2174233,0.1810903,0.8745827
-0.3914196,-0.2213846,0.1830722,0.8742219
-0.3781,-0.2392332,0.1751851,0.8769938
-0.3645864,-0.2522044,0.1718788,0.8797314
-0.3432097,-0.2765121,0.159941,0.8832706
-0.3221514,-0.2963414,0.145058,0.8873323
-0.2999487,-0.3186887,0.1358832,0.8888218
-0.2653147,-0.344441,0.1229081,0.8921111
-0.2421101,-0.3628641,0.1093387,0.8931726
-0.2179891,-0.3732329,0.09829468,0.8963906
-0.2037475,-0.3837995,0.08659317,0.8964856
-0.1981132,-0.3830687,0.08212469,0.8984793
-0.2064673,-0.3770083,0.08498381,0.8988959
-0.2357126,-0.3584196,0.09745511,0.8980409
-0.2501841,-0.3367567,0.1070668,0.9014098
-0.2814822,-0.315588,0.1196035,0.8982577
-0.3216592,-0.2826698,0.1356471,0.8934389
-0.3444199,-0.2560852,0.1569941,0.889465
-0.3612247,-0.2351431,0.1677243,0.8866189
-0.3670782,-0.2181692,0.1845048,0.8852196
-0.3714138,-0.2062196,0.1970988,0.8835595
-0.3714607,-0.2137234,0.1896374,0.8833894
-0.3558462,-0.2339438,0.1777969,0.8871483
-0.3306114,-0.2685924,0.1559931,0.8911905
-0.2958524,-0.293838,0.1475804,0.896856
-0.2625332,-0.3205494,0.1388976,0.899462
-0.2109027,-0.3552376,0.1208729,0.9026163
-0.1555246,-0.3873743,0.09845579,0.9033603
-0.1055464,-0.4075637,0.08561501,0.9030071
-0.09457939,-0.4147413,0.08092625,0.9013852
-0.06367873,-0.4249596,0.06782039,0.9004192
-0.06964321,-0.426605,0.06584961,0.8993452
-0.07262072,-0.4290809,0.06981663,0.897631
-0.1039224,-0.4198751,0.07898927,0.8981457
-0.1447679,-0.4009348,0.08971384,0.9001361
-0.1867111,-0.3830742,0.1031058,0.898756
-0.2329319,-0.3574797,0.1175211,0.8967384
-0.2725819,-0.3270051,0.1325376,0.8950981
-0.3042093,-0.2919289,0.1489833,0.8944486
-0.3220648,-0.2671959,0.1655443,0.893015
-0.3319666,-0.2553835,0.1721863,0.8915881
-0.3264749,-0.2591757,0.1723218,0.892495
-0.3139491,-0.2773535,0.1706598,0.8918443
-0.285271,-0.3046308,0.1569785,0.8950857
-0.2529614,-0.3309092,0.1423184,0.897917
-0.218174,-0.3567013,0.1317929,0.8987741
-0.1857427,-0.3779621,0.1187654,0.899188
-0.1697246,-0.3916155,0.1155941,0.8969219
-0.1867528,-0.3874687,0.1162208,0.8952565
-0.18939,-0.3878255,0.1138787,0.8948488
-0.2002703,-0.3863248,0.116642,0.8927708
-0.210624,-0.3773372,0.1252145,0.8930708
-0.215608,-0.3691112,0.1349787,0.8938965
-0.2474319,-0.3484955,0.1457885,0.8922299
-0.2744637,-0.3242449,0.158141,0.8913621
-0.3054106,-0.2981297,0.1731698,0.887612
-0.3275725,-0.2739649,0.1851485,0.8850761
-0.341269,-0.2539767,0.1955097,0.883633
-0.3470223,-0.2424594,0.2030448,0.882928
-0.3519694,-0.2360109,0.2065458,0.8819043
-0.3482484,-0.2398412,0.2071059,0.8822168
-0.3396853,-0.250661,0.2015451,0.8838341
-0.3195695,-0.2730415,0.1890067,0.8874683
-0.2890746,-0.3023666,0.1708737,0.8920832
-0.253736,-0.330177,0.1569953,0.8955187
-0.2204494,-0.3484919,0.1460365,0.8992378
-0.2057192,-0.3673015,0.1397706,0.8962328
-0.1860022,-0.381246,0.1338846,0.8956169
-0.1752688,-0.3907665,0.1197727,0.8956767
-0.1725507,-0.3937714,0.1183774,0.8950738
-0.1722981,-0.3904154,0.1188751,0.8965255
-0.1833673,-0.3767397,0.1301923,0.8986065
-0.2103569,-0.3551995,0.1437104,0.8994058
-0.2418112,-0.3284788,0.1618988,0.8985642
-0.2734047,-0.2970295,0.1804216,0.8969232
-0.3034637,-0.2596814,0.1971918,0.895316
-0.3271299,-0.2266229,0.2115397,0.8926809
-0.3497949,-0.2012046,0.2240631,0.8871053
-0.3617304,-0.186883,0.2336837,0.8829597
-0.3636244,-0.180514,0.2394343,0.8819655
-0.3603781,-0.1764494,0.2471229,0.8819997
-0.3581262,-0.1841684,0.2421893,0.8827072
-0.355256,-0.1966901,0.2312459,0.8840992
-0.3423883,-0.210203,0.2150251,0.8901399
-0.3338153,-0.2315347,0.2087175,0.8896044
-0.3195158,-0.2486026,0.2048525,0.8911464
-0.3164068,-0.2571307,0.1994063,0.8910711
-0.3110741,-0.2645299,0.1901521,0.892804
-0.3094852,-0.2722721,0.1810477,0.8929214
-0.3063201,-0.2756453,0.1740656,0.8943651
-0.3076704,-0.2758626,0.1715771,0.8943154
-0.3060238,-0.2710291,0.1686901,0.8969038
-0.3063078,-0.2630988,0.1705764,0.8988093
-0.30578,-0.2520175,0.1712123,0.9020377
-0.3086737,-0.2411766,0.1712413,0.9040082
-0.3080437,-0.238272,0.1712418,0.9049928
-0.3053066,-0.2331737,0.1691305,0.9076414
-0.3028393,-0.2335314,0.1670365,0.908763
-0.2948182,-0.2436327,0.1622615,0.9096134
-0.2857426,-0.2520552,0.165884,0.9095613
-0.2775216,-0.2578195,0.1631671,0.9109815
-0.267788,-0.2632067,0.162613,0.9124521
-0.2610988,-0.2717691,0.1603519,0.9122809
-0.2584136,-0.2816974,0.1591515,0.9102415
-0.2589428,-0.285383,0.1567816,0.9093541
-0.2637194,-0.2826763,0.1567843,0.9088261
-0.268855,-0.2740711,0.1607954,0.9092562
-0.2796247,-0.2646239,0.168369,0.9074338
-0.2885809,-0.2536995,0.1697605,0.9074905
-0.2986626,-0.243895,0.1714711,0.9065945
-0.3099923,-0.2310237,0.1787044,0.9047639
-0.3157595,-0.2193459,0.1863069,0.9041423
-0.3159911,-0.2133544,0.1870358,0.9053438
-0.3177608,-0.215644,0.1836301,0.9048788
-0.3133596,-0.2185792,0.183345,0.9057668
-0.312544,-0.2270497,0.177856,0.9050591
-0.3035723,-0.2356577,0.1731339,0.9068263
-0.2964549,-0.2428993,0.1662952,0.9085485
-0.2879385,-0.2545199,0.1631107,0.9086837
-0.2743544,-0.2610746,0.1619752,0.9112265
-0.2734013,-0.2695319,0.1524987,0.9106857
-0.2578706,-0.2820911,0.1479519,0.912161
-0.2447202,-0.2909887,0.1456437,0.9133595
-0.2237377,-0.307956,0.1377431,0.9144023
-0.2285027,-0.3038097,0.1392728,0.9143792
-0.248521,-0.2869316,0.1483188,0.9131862
-0.2610206,-0.2735481,0.1535719,0.9129377
-0.2741049,-0.2565628,0.1679279,0.9115055
-0.2939186,-0.2352186,0.1827279,0.9082371
-0.311892,-0.2139172,0.1982975,0.904235
-0.3266863,-0.1940114,0.2147479,0.8997328
-0.3349931,-0.1815329,0.2204328,0.8979058
-0.3412646,-0.1762307,0.2237865,0.8957682
-0.3435997,-0.1769964,0.2211089,0.8953896
-0.3455901,-0.1781621,0.22135,0.8943321
-0.3412128,-0.1829752,0.2209724,0.8951342
-0.3357814,-0.1934649,0.2149464,0.8964487
-0.3272299,-0.2044343,0.2068025,0.8990884
-0.3219282,-0.2205997,0.1952426,0.8997657
-0.3153608,-0.2349485,0.185517,0.9005166
-0.3067291,-0.2461621,0.179956,0.9016303
-0.301618,-0.2555087,0.1821819,0.9003065
-0.2896926,-0.2627701,0.1771107,0.90314
-0.2841535,-0.2695507,0.171785,0.9039298
-0.2845719,-0.2654535,0.1733895,0.904704
-0.2917993,-0.2541541,0.17895,0.9045638
-0.300535,-0.2401679,0.1853075,0.9042451
-0.3125618,-0.2226764,0.1922987,0.9031842
-0.3235594,-0.2149819,0.1922754,0.9011783
-0.3297158,-0.2051596,0.1985476,0.8998755
-0.3358621,-0.1798549,0.2104824,0.9003033
-0.3430541,-0.1649124,0.2210239,0.8979232
-0.3451904,-0.154717,0.2237271,0.8982496
-0.348623,-0.1498556,0.2371819,0.8942874
-0.3491997,-0.1513401,0.239364,0.8932305
-0.3490365,-0.162146,0.2343581,0.8927253
-0.3421691,-0.1774256,0.2256959,0.8947077
-0.3318615,-0.1913524,0.2180493,0.8976117
-0.3184097,-0.2055706,0.2136674,0.90039
-0.2988082,-0.2306188,0.200016,0.9041693
-0.2935348,-0.2432842,0.1915297,0.904415
-0.2749142,-0.2677315,0.1808436,0.9055594
-0.2467427,-0.2995124,0.1631998,0.9070702
-0.2359521,-0.3146738,0.1533367,0.906529
-0.2283003,-0.3207227,0.1466229,0.9074787
-0.2225854,-0.3199407,0.1457346,0.9093158
-0.2290615,-0.3133928,0.1512914,0.9090801
-0.22679,-0.3031399,0.1553308,0.912439
-0.2432363,-0.2777491,0.1679563,0.9140472
-0.2666731,-0.2588803,0.1846702,0.909815
-0.2868422,-0.2378121,0.1945553,0.9073672
-0.3006766,-0.216202,0.2079338,0.9053252
-0.3078198,-0.1985337,0.2221724,0.9035878
-0.3114519,-0.1855759,0.2322175,0.9025709
-0.3135109,-0.1815573,0.2398719,0.9006715
-0.3141666,-0.18015,0.2413958,0.9003185
-0.3120998,-0.1797175,0.2441393,0.900384
-0.308514,-0.1824501,0.2458165,0.9006138
-0.3031795,-0.1895137,0.2461275,0.9008818
-0.2946136,-0.1986195,0.2397896,0.9034677
-0.2789947,-0.206878,0.2327754,0.9083936
-0.261884,-0.2219412,0.2283094,0.9110619
-0.2641677,-0.2259453,0.2250348,0.9102327
-0.2665414,-0.2326373,0.2194602,0.9092154
-0.2612693,-0.2324238,0.2237231,0.9097612
-0.2588022,-0.2332678,0.2251004,0.9099106
-0.2639025,-0.2186365,0.2335151,0.9099584
-0.2704988,-0.2029628,0.2435403,0.909024
-0.2742089,-0.1981447,0.2457063,0.9083923
-0.2761489,-0.1891115,0.250664,0.9083756
-0.2740667,-0.1898776,0.2564548,0.9072292
-0.2832741,-0.185107,0.2596963,0.9044607
-0.2857572,-0.1809892,0.2622387,0.9037791
-0.2887619,-0.1771027,0.2636286,0.9031895
-0.290493,-0.1754006,0.2648615,0.9026057
-0.294402,-0.1767986,0.2644179,0.9011953
-0.2922601,-0.183595,0.2618638,0.9012793
-0.2882552,-0.1868204,0.2626885,0.9016661
-0.2918049,-0.1876712,0.2587121,0.9014973
-0.2940764,-0.1817155,0.2605194,0.9014589
-0.3151888,-0.1683165,0.2643365,0.8957967
-0.3184893,-0.1616694,0.2669457,0.8950797
-0.3172604,-0.1548401,0.2677435,0.8964841
-0.3279895,-0.1415457,0.2711516,0.8937922
-0.341728,-0.1291109,0.2781661,0.8883557
-0.3466786,-0.1272569,0.2782263,0.8866847
-0.3436275,-0.1405632,0.2698551,0.8884483
-0.3340381,-0.1609302,0.2562797,0.8926594
-0.3209367,-0.1920293,0.2308281,0.8982442
-0.3078679,-0.2206883,0.2105853,0.9012035
-0.2972363,-0.2388168,0.2035754,0.9017617
-0.2868696,-0.2509296,0.1985331,0.9029533
-0.2854367,-0.2587081,0.1947828,0.9020286
-0.2844698,-0.2700501,0.1861496,0.9008321
-0.2852447,-0.2726451,0.1783444,0.9013842
-0.2870893,-0.2769963,0.1728057,0.9005503
-0.2884995,-0.2753809,0.168401,0.9014292
-0.2958591,-0.2646987,0.1724721,0.901474
-0.3016766,-0.2453365,0.1815833,0.9032323
-0.3069907,-0.2278008,0.1915835,0.9039686
-0.311487,-0.2124132,0.1946724,0.9055159
-0.320248,-0.1950405,0.1972697,0.9058063
-0.3293571,-0.1838756,0.2018431,0.9038656
-0.3329282,-0.1795692,0.2183397,0.8995785
-0.329927,-0.1827132,0.2196564,0.8997306
-0.322231,-0.1960817,0.2074641,0.902595
-0.3148289,-0.211512,0.199203,0.9035837
-0.303614,-0.2263677,0.1933869,0.9050844
-0.2895683,-0.2361024,0.1944641,0.9069673
-0.2782192,-0.2425067,0.193183,0.9091012
-0.2709302,-0.2507679,0.1921211,0.9092864
-0.2664248,-0.2621731,0.1906519,0.9077086
-0.2613955,-0.2707113,0.1894848,0.9069086
-0.2655709,-0.2735152,0.1949811,0.9036835
-0.2748607,-0.2626898,0.2000494,0.9030094
-0.284523,-0.2411513,0.2079145,0.9042478
-0.3051437,-0.2156355,0.2028845,0.9051113
-0.3220867,-0.1909673,0.2135805,0.9023165
-0.3342957,-0.1696883,0.2168139,0.9013567
-0.3431984,-0.1449403,0.2303068,0.8989806
-0.341634,-0.1282746,0.2513029,0.8964813
-0.3376645,-0.1293305,0.251573,0.8977568
-0.3352215,-0.1392794,0.2475654,0.8982979
-0.3326764,-0.1513005,0.2394987,0.8994859
-0.3235276,-0.1640781,0.2355904,0.9016126
-0.3133309,-0.1817771,0.223898,0.9047931
-0.3010859,-0.2010659,0.2093526,0.9083453
-0.2841371,-0.2142491,0.2060375,0.9115437
-0.284849,-0.2203179,0.2056214,0.9099675
-0.2819901,-0.2306393,0.2039668,0.9086719
-0.2742805,-0.2485026,0.1978069,0.9076834
-0.2779022,-0.2559735,0.1925898,0.9056253
-0.2770029,-0.2603055,0.1874597,0.9057424
-0.2750963,-0.2585912,0.1765648,0.9089981
-0.2729749,-0.2597301,0.1817112,0.9082984
-0.2813244,-0.2564175,0.1852397,0.9059762
-0.2936516,-0.2462713,0.1967827,0.9024388
-0.3054752,-0.2303024,0.20742,0.9003458
-0.327244,-0.2121959,0.209026,0.8967677
-0.3344468,-0.2055883,0.2140417,0.8944635
-0.341486,-0.195857,0.2173502,0.8931888
-0.3589976,-0.1734269,0.2270194,0.8885415
-0.3639817,-0.1671861,0.2382693,0.8847564
-0.3567006,-0.1760688,0.2359322,0.8866231
-0.348696,-0.193159,0.2200833,0.8903168
-0.3371907,-0.2145693,0.2074697,0.8928711
-0.3186589,-0.2446418,0.1938014,0.8950129
-0.2975643,-0.2664318,0.1876246,0.8973665
-0.2795783,-0.2773197,0.1806299,0.9012783
-0.2672916,-0.2920547,0.1719531,0.9020485
-0.269487,-0.2992065,0.1665544,0.9000621
-0.2696944,-0.298551,0.1672142,0.9000954
-0.2644254,-0.3032089,0.1626175,0.9009434
-0.2614618,-0.3041486,0.1594573,0.9020559
-0.2635024,-0.2980788,0.1630524,0.9028451
-0.2715657,-0.2769288,0.170509,0.9058086
-0.2785719,-0.2693737,0.1682292,0.9063854
-0.2832855,-0.258176,0.1706187,0.9077355
-0.304763,-0.2382129,0.1713499,0.9060978
-0.3202473,-0.2273816,0.1755246,0.902735
-0.3286204,-0.2307096,0.1840566,0.897165
-0.33062,-0.2334517,0.1845614,0.8956158
-0.3308149,-0.2364199,0.180307,0.8956318
-0.3245335,-0.2407747,0.180355,0.8967595
-0.298829,-0.2672208,0.1700878,0.9002025
-0.288991,-0.2738122,0.1666455,0.9020756
-0.2794188,-0.2786442,0.1645656,0.9039916
-0.2715109,-0.2822141,0.1655427,0.9051148
-0.2729647,-0.2918262,0.160286,0.902572
-0.2700544,-0.2986811,0.1542102,0.9022635
-0.272875,-0.2997771,0.1526189,0.9013215
-0.273044,-0.2997347,0.1522485,0.901347
-0.2773448,-0.2976971,0.1479174,0.9014304
-0.2830685,-0.2888801,0.1511063,0.9019908
-0.295877,-0.282424,0.1655531,0.8973771
-0.3093575,-0.2679759,0.1728698,0.8958811
-0.3194551,-0.2548896,0.1781742,0.8951166
-0.348328,-0.2299344,0.1895329,0.8887492
-0.3451591,-0.2294902,0.1846465,0.8911258
-0.3438908,-0.2341016,0.1865026,0.8900294
-0.3223349,-0.2580304,0.1730335,0.8941923
-0.3022325,-0.2779701,0.1655494,0.8966502
-0.2869857,-0.2923337,0.1539647,0.8991524
-0.277581,-0.2993062,0.1577397,0.8991567
-0.2691466,-0.3065905,0.1607374,0.8987356
-0.257345,-0.3173074,0.1480128,0.9006562
-0.2511977,-0.3287537,0.1436261,0.898995
-0.2499908,-0.3417663,0.1406539,0.8949396
-0.2420343,-0.3451198,0.1331386,0.8969871
-0.2452119,-0.3452359,0.1344133,0.8958887
-0.2459195,-0.3379095,0.1358354,0.8982703
-0.2580054,-0.3240648,0.1445587,0.8986201
-0.2680303,-0.31953,0.143236,0.8975209
-0.2850786,-0.3013868,0.1540514,0.8967521
-0.3109684,-0.2687506,0.1696246,0.8957117
-0.3164246,-0.2648408,0.1751202,0.8939059
-0.3160515,-0.2692077,0.175953,0.8925689
-0.3142377,-0.2731306,0.1745638,0.8922903
-0.2852385,-0.2947505,0.1703657,0.8959558
-0.2710149,-0.3025822,0.1646922,0.8988167
-0.2624905,-0.3112452,0.1650448,0.8983237
-0.2471548,-0.3243186,0.1412949,0.9020906
-0.2374362,-0.3371992,0.1272567,0.9020679
-0.2372947,-0.3414537,0.1303662,0.9000584
-0.2349588,-0.3404292,0.1286249,0.901309
-0.2386159,-0.3327253,0.1334898,0.902517
-0.2473885,-0.3177049,0.1444142,0.9038845
-0.2621801,-0.3026331,0.1570217,0.9027839
-0.2845152,-0.2858579,0.1757955,0.8980158
-0.3082005,-0.2677055,0.1861159,0.8937041
-0.3256083,-0.2465058,0.1963855,0.8914297
-0.3263967,-0.2435309,0.1893189,0.8934855
-0.3243929,-0.2422708,0.1892424,0.8945733
-0.319564,-0.2535161,0.188689,0.8933111
-0.3237255,-0.252002,0.1936312,0.8911811
-0.3177841,-0.2577517,0.1888263,0.8927049
-0.3104252,-0.265229,0.1833543,0.8942432
-0.2901236,-0.284201,0.1789439,0.8961233
-0.2825491,-0.2915552,0.1789528,0.8961794
-0.2747775,-0.3033882,0.1702592,0.8963619
-0.2680817,-0.3140888,0.1607098,0.8964669
-0.2540075,-0.3347723,0.1454813,0.8956801
-0.2485533,-0.3445125,0.1364892,0.894932
-0.24579,-0.3481406,0.1349177,0.8945292
-0.2553011,-0.3365047,0.1436871,0.8949525
-0.2681035,-0.3208808,0.1533187,0.8953487
-0.2826231,-0.304488,0.157569,0.8958701
-0.2857329,-0.2916575,0.1585825,0.8989684
-0.279903,-0.2934881,0.1538089,0.9010338
-0.2796778,-0.2890608,0.1549833,0.9023328
-0.3049992,-0.2694698,0.1668093,0.8980736
-0.3119497,-0.2724628,0.169342,0.8943012
-0.3099353,-0.2805573,0.167709,0.8928053
-0.3077079,-0.2831028,0.1687989,0.8925669
-0.2865821,-0.2989143,0.1553535,0.8968758
-0.2808674,-0.2999825,0.1539215,0.8985723
-0.2774464,-0.3055857,0.1488563,0.8986005
-0.2770822,-0.310679,0.1476161,0.8971698
-0.2786679,-0.3149039,0.1440416,0.8957855
-0.2773687,-0.3217913,0.1417867,0.8940992
-0.2741113,-0.3247075,0.1399315,0.8943418
-0.2687321,-0.3254707,0.1387338,0.8958821
-0.2675624,-0.3212883,0.1421203,0.8972101
-0.2636496,-0.3191302,0.1420359,0.89915
-0.2681611,-0.3099733,0.1503577,0.8996659
-0.2837913,-0.2976988,0.157179,0.8978489
-0.2920049,-0.2834881,0.16101,0.8991348
-0.3042737,-0.2703696,0.1647194,0.8984349
-0.3149362,-0.2515755,0.1753121,0.8982152
-0.3276195,-0.2371587,0.190197,0.8945649
-0.3278091,-0.2288138,0.2000065,0.8945294
-0.3201907,-0.2383371,0.1961434,0.8956568
-0.3168795,-0.2503797,0.1909884,0.8946624
-0.3162566,-0.2546888,0.1925632,0.893328
-0.3123977,-0.2544839,0.1979272,0.8935717
-0.3160114,-0.2539909,0.2040457,0.8910616
-0.3174638,-0.2542984,0.2128181,0.8884017
-0.319304,-0.2552431,0.2180883,0.8861905
-0.3188177,-0.2570395,0.2163126,0.8862815
-0.321298,-0.2586151,0.2144212,0.8853865
-0.3162068,-0.2515509,0.2171653,0.8885801
-0.3155424,-0.2405062,0.2206534,0.8910117
-0.3148959,-0.2281947,0.2240059,0.8936381
-0.3112874,-0.2189946,0.2206191,0.898036
-0.3123758,-0.2051089,0.2273659,0.8992532
-0.3215443,-0.1898965,0.2416621,0.8956272
-0.3246127,-0.1839003,0.2508124,0.8932528
-0.3246297,-0.18704,0.2517797,0.892322
-0.3233428,-0.1949863,0.2483158,0.892059
-0.314441,-0.2054958,0.2415062,0.8947476
-0.3009265,-0.2190006,0.2331498,0.8984004
-0.2887679,-0.2261379,0.2247676,0.9027482
-0.2847744,-0.2404453,0.2208565,0.9012835
-0.282995,-0.2515106,0.2154031,0.9001433
-0.2782913,-0.2589002,0.2105054,0.9006732
-0.2744445,-0.258778,0.2074326,0.9025995
-0.2728293,-0.2558927,0.2046669,0.9045411
-0.2729217,-0.2500872,0.206475,0.9057252
-0.2744223,-0.2450279,0.2051544,0.9069538
-0.2778807,-0.2405876,0.2060898,0.9068776
-0.2835664,-0.2343425,0.2090124,0.9060836
-0.2895678,-0.2291612,0.2089146,0.9055332
-0.2951197,-0.2321026,0.2042867,0.9040462
-0.2963604,-0.2371282,0.205234,0.9021196
-0.2910548,-0.2450275,0.1985774,0.9032252
-0.2828961,-0.2566117,0.1899959,0.9044455
-0.2754356,-0.2684901,0.1822128,0.9049016
-0.2671764,-0.2830071,0.16904,0.9055104
-0.2617382,-0.2982245,0.1636202,0.9032075
-0.2566924,-0.3024036,0.1634261,0.9033012
-0.259341,-0.3073766,0.1637634,0.9008015
-0.2547712,-0.3178638,0.1538118,0.90022
-0.24688,-0.3249078,0.1475858,0.9009459
-0.2401563,-0.3270445,0.1433232,0.9026768
-0.2401264,-0.3265296,0.1432109,0.9028889
-0.2412211,-0.3208632,0.1459666,0.9041864
-0.2443302,-0.3146252,0.1473921,0.9053116
-0.2544983,-0.303863,0.1558998,0.9047613
-0.2561092,-0.2950072,0.1632875,0.9059338
-0.2578965,-0.2854785,0.1689237,0.9074449
-0.256007,-0.2890377,0.1691241,0.9068156
-0.2547545,-0.2948003,0.1685291,0.905423
-0.2541968,-0.2955626,0.1717398,0.9047276
-0.2603648,-0.2940344,0.1724585,0.9033339
-0.2705962,-0.2925978,0.1788919,0.8995343
-0.2727704,-0.297198,0.1756624,0.8980045
-0.2767563,-0.2973035,0.168209,0.8981771
-0.273391,-0.2986392,0.1672241,0.8989484
-0.2695907,-0.2986794,0.1598258,0.9014251
-0.2647247,-0.2993786,0.1540147,0.9036441
-0.2788316,-0.2886554,0.159162,0.9019969
-0.2951225,-0.2772027,0.1745178,0.8975551
-0.3047787,-0.2642317,0.1869028,0.8957449
-0.3071416,-0.2588806,0.1924552,0.8953245
-0.3008419,-0.2637299,0.191528,0.8962464
-0.2920303,-0.2704038,0.1891188,0.8976827
-0.2845473,-0.2786744,0.1833758,0.8987473
-0.2776733,-0.2850782,0.1802919,0.8995126
-0.2730953,-0.2963285,0.1738398,0.8985478
-0.2681862,-0.301692,0.1678498,0.8993801
-0.2651064,-0.3015573,0.1609503,0.9015968
-0.2642258,-0.304795,0.1489903,0.9028214
-0.2675596,-0.3032465,0.1421004,0.9034716
-0.2744328,-0.3006621,0.1358453,0.9032359
-0.2846635,-0.2901883,0.1405279,0.9027787
-0.2946314,-0.2838643,0.1440611,0.9010326
-0.3021975,-0.274397,0.1553883,0.8995763
-0.2998765,-0.2732032,0.1569197,0.9004501
-0.2977211,-0.2764975,0.1514573,0.9010949
-0.2908391,-0.2762015,0.1499502,0.9036816
-0.2834375,-0.2718295,0.1545849,0.9065735
-0.2808516,-0.2744288,0.1507665,0.907238
-0.2791176,-0.284827,0.1498705,0.9047131
-0.2797187,-0.2940359,0.1416983,0.9028964
-0.2798644,-0.3031841,0.1332084,0.9011164
-0.2771173,-0.3051722,0.1242207,0.902577
-0.2686734,-0.3094955,0.1165692,0.904676
-0.2683826,-0.3067935,0.118023,0.9054938
-0.2703321,-0.3007112,0.1182305,0.906926
-0.2839208,-0.2965431,0.1222923,0.9036015
-0.2999868,-0.2906444,0.1246832,0.8999933
-0.302975,-0.284983,0.1231719,0.9010103
-0.3130546,-0.2806503,0.1249286,0.8986797
-0.3129921,-0.2782963,0.129518,0.8987837
-0.3122538,-0.2819504,0.133627,0.8972989
-0.3088157,-0.2864,0.1324807,0.8972496
-0.2983703,-0.2891618,0.1318297,0.8999898
-0.2973434,-0.29414,0.1285867,0.8991852
-0.2908404,-0.2993097,0.1300738,0.8993922
-0.2860401,-0.3116187,0.1230088,0.8977436
-0.2805023,-0.3224572,0.117454,0.8964064
-0.2819563,-0.3248627,0.1127591,0.8956842
-0.2806465,-0.3192065,0.1171993,0.8975573
-0.2801733,-0.3149579,0.119671,0.8988789
-0.2860917,-0.3070492,0.1254979,0.8989564
-0.2944292,-0.2980148,0.135734,0.8978167
-0.3066152,-0.2860447,0.1471862,0.8958247
-0.3144549,-0.2825076,0.1512799,0.8935446
-0.3196938,-0.2866977,0.1506666,0.8904492
-0.3196328,-0.2893194,0.1509908,0.8895679
-0.3148229,-0.2924201,0.1511612,0.89024
-0.3112799,-0.2956682,0.1487944,0.8908116
-0.3064499,-0.2991922,0.1470494,0.8915991
-0.3050194,-0.3034657,0.1467884,0.8906879
-0.3021333,-0.3094085,0.1417956,0.8904357
-0.3011076,-0.3178491,0.1368137,0.8885877
-0.3042472,-0.3239181,0.1347596,0.8856357
-0.3053127,-0.3250672,0.1325569,0.8851802
-0.3041849,-0.3228554,0.1360829,0.8858427
-0.3000778,-0.3206152,0.1351485,0.8881971
-0.3047756,-0.3220344,0.1326731,0.8864556
-0.303017,-0.3167494,0.1377891,0.8881805
-0.3114187,-0.3034904,0.1543818,0.8871742
-0.3186331,-0.2941725,0.1493725,0.8886075
-0.329515,-0.2767437,0.1568734,0.8889452
-0.3459146,-0.2666968,0.1643699,0.8844198
-0.3510326,-0.2654169,0.169765,0.8817651
-0.35167,-0.2645253,0.1753322,0.8806891
-0.3510411,-0.2636251,0.1768135,0.8809137
-0.3448226,-0.263045,0.1822591,0.8824321
-0.3381818,-0.2636539,0.1861174,0.8840135
-0.3254037,-0.2679139,0.1893229,0.8868435
-0.3135933,-0.2785149,0.1841495,0.8889194
-0.3135836,-0.2920907,0.1793654,0.8855374
-0.314288,-0.3049396,0.1682275,0.8831389
-0.3135168,-0.3078083,0.1660475,0.8828304
-0.3081971,-0.3097675,0.15613,0.8858228
-0.2992774,-0.3160024,0.1489847,0.8879072
-0.2998509,-0.3135523,0.1477917,0.8887812
-0.3038047,-0.3084044,0.1500908,0.8888543
-0.3254925,-0.2949405,0.1598744,0.8840276
-0.329683,-0.2850767,0.1672386,0.8843482
-0.3312664,-0.2818736,0.1737612,0.8835253
-0.3263528,-0.2874883,0.1713521,0.8840151
-0.3235172,-0.2890205,0.1674028,0.8853135
-0.3348224,-0.2819806,0.1764919,0.8816073
-0.3184319,-0.290983,0.1694808,0.8861188
-0.3076707,-0.3010087,0.1571283,0.8888437
-0.3090178,-0.3037262,0.1414283,0.8900879
-0.3161778,-0.3030732,0.1431099,0.8875234
-0.3199337,-0.3022793,0.1437722,0.8863403
-0.3131489,-0.300362,0.139775,0.8900468
-0.3094222,-0.2914728,0.1458716,0.8933214
-0.3081411,-0.2821661,0.1499829,0.8960672
-0.3149319,-0.2747119,0.1401526,0.8976127
-0.3214113,-0.2621306,0.1526178,0.8970452
-0.3317275,-0.2520295,0.1546001,0.8958442
-0.3321067,-0.2477022,0.1723937,0.8936605
-0.327507,-0.2477277,0.1740349,0.8950318
-0.3256575,-0.2460395,0.182354,0.8945159
-0.3055673,-0.2552672,0.1793501,0.8996115
-0.3028242,-0.2596117,0.1608168,0.9027941
-0.3036505,-0.2617806,0.1739016,0.8994585
-0.2953631,-0.2698221,0.1737014,0.8998803
-0.2906644,-0.281139,0.1694589,0.8987541
-0.2870272,-0.2846277,0.151546,0.9020178
-0.2880732,-0.2816317,0.1618413,0.9008356
-0.2884148,-0.2787317,0.1708739,0.8999599
-0.2846463,-0.2752559,0.1697235,0.9024436
-0.2824848,-0.2672393,0.1744218,0.9046339
-0.2729794,-0.2638536,0.1786352,0.9077185
-0.2719221,-0.2625988,0.1778613,0.9085515
-0.2682019,-0.2666357,0.1770265,0.9086444
-0.2714153,-0.2577489,0.1797655,0.9097162
-0.2730849,-0.2558941,0.1868686,0.9083078
-0.2766262,-0.2555209,0.1895246,0.9067897
-0.2776669,-0.270674,0.184655,0.903072
-0.2768536,-0.2742507,0.1827923,0.9026215
-0.2847772,-0.2661108,0.1810478,0.9029444
-0.2791188,-0.2633325,0.1793724,0.9058555
-0.2803832,-0.2655823,0.1812313,0.9044371
-0.2776194,-0.2704597,0.1742065,0.9052244
-0.2797061,-0.2600014,0.1774033,0.9070237
-0.2878581,-0.2420502,0.1887006,0.9071612
-0.290488,-0.2365038,0.1935584,0.9067623
-0.2952734,-0.2366341,0.1947773,0.9049197
-0.2928182,-0.2341046,0.19717,0.9058568
-0.2955536,-0.2395521,0.1931603,0.904407
-0.2960414,-0.2429869,0.1958858,0.9027433
-0.2867088,-0.2490875,0.1929489,0.9047233
-0.2773831,-0.2655743,0.1794904,0.9057108
-0.2832503,-0.268911,0.1780924,0.9031828
-0.2885557,-0.257411,0.1921527,0.9019715
-0.2965623,-0.2519537,0.195404,0.9002152
-0.3001963,-0.2449396,0.1969688,0.9006054
-0.3057706,-0.2329054,0.2012099,0.900985
-0.3116257,-0.2201696,0.2058429,0.9011346
-0.3133374,-0.2047625,0.2114821,0.9028662
-0.3270562,-0.1995067,0.2063593,0.9003595
-0.3332646,-0.1879002,0.2159753,0.8983223
-0.3312654,-0.1780832,0.2215328,0.8997071
-0.3332031,-0.1829726,0.2168603,0.8991487
-0.3271607,-0.1881968,0.2177768,0.9000673
-0.3205494,-0.1983951,0.2137791,0.9012136
-0.3149936,-0.2040101,0.2150807,0.9016093
-0.3090404,-0.2105905,0.2159976,0.9019371
-0.292441,-0.223942,0.2079468,0.9061382
-0.2845732,-0.2323072,0.1965323,0.9090801
-0.287004,-0.2340362,0.1940278,0.9084101
-0.2823929,-0.224743,0.198389,0.9112555
-0.2971243,-0.2205562,0.2000538,0.9072214
-0.2946717,-0.2109941,0.198641,0.9105997
-0.2947864,-0.2012331,0.1991689,0.9126543
-0.3029554,-0.1985139,0.2003835,0.9103059
-0.3007581,-0.1963961,0.1989446,0.9118082
-0.2950299,-0.2023748,0.1921858,0.9138196
-0.2888664,-0.2113716,0.1891313,0.9143893
-0.2821243,-0.2229123,0.1884877,0.9138864
-0.2771119,-0.2385233,0.179674,0.913254
-0.2709481,-0.2532244,0.1831705,0.9104467
-0.2626064,-0.2620628,0.1845351,0.9101142
-0.2582764,-0.2667713,0.1807023,0.9107541
-0.2576106,-0.2693014,0.1757194,0.9111729
-0.262714,-0.2612543,0.1791061,0.9113993
-0.2730276,-0.2438266,0.1885177,0.9112989
-0.2864306,-0.222947,0.1962182,0.9109065
-0.29709,-0.2024725,0.2048849,0.9103652
-0.3069664,-0.1839434,0.2090022,0.9100849
-0.3197557,-0.1651551,0.2188983,0.906953
-0.3193545,-0.1426366,0.2355156,0.9067524
-0.3237681,-0.1331241,0.2394682,0.9055977
-0.3295796,-0.1313561,0.2423476,0.9029897
-0.3272151,-0.1293271,0.2480419,0.9025962
-0.3238814,-0.1308443,0.2518956,0.9025128
-0.3143917,-0.1393754,0.2464049,0.9060998
-0.3065412,-0.1595486,0.2333979,0.9089016
-0.2943108,-0.1809695,0.2245317,0.9111622
-0.2764732,-0.2029222,0.2172695,0.9138814
-0.2676913,-0.2172198,0.2208864,0.912341
-0.2580027,-0.2237052,0.2248367,0.9126002
-0.2488553,-0.2240755,0.2320751,0.9132373
-0.2448462,-0.2196746,0.2404239,0.9132304
-0.2470603,-0.2151258,0.2499243,0.9111641
-0.2516873,-0.2029119,0.2481881,0.9131719
-0.2584422,-0.1875094,0.2508471,0.913851
-0.2630407,-0.1705789,0.2560597,0.9144101
-0.2689871,-0.151156,0.2611787,0.9146494