-0.03257964,-0.03085884,-0.0236303,0.9987131
-0.496803,0.000664629,0.09617378,0.8625178
-0.4672606,-0.01259139,0.09020503,0.8794157
-0.4529704,-0.01906032,0.08631773,0.8871323
-0.4237272,-0.03085067,0.07846232,0.9018576
-0.4271737,-0.02955905,0.07938328,0.9001928
-0.427938,-0.0292675,0.07958972,0.8998211
-0.4231987,-0.03104654,0.07832114,0.9021113
-0.4248979,-0.03041518,0.0787746,0.9012942
-0.4301759,-0.02841438,0.08018458,0.8987278
-0.431736,-0.02781103,0.08060218,0.897961
-0.4302736,-0.02837669,0.08021075,0.89868
-0.4308748,-0.02814478,0.08037164,0.8983849
-0.4198639,-0.03226667,0.07743298,0.903702
-0.4122646,-0.03495714,0.07541391,0.9072643
-0.411928,-0.0350733,0.07532477,0.9074202
-0.4133357,-0.03458542,0.07569817,0.9067675
-0.3989,-0.03938926,0.07187717,0.9133241
-0.3924867,-0.04137888,0.0701904,0.9161415
-0.3924926,-0.04137744,0.07019149,0.9161389
-0.3931125,-0.04118891,0.0703543,0.9158692
-0.3922935,-0.04143779,0.07013912,0.9162256
-0.3901723,-0.0420769,0.06958096,0.9171442
-0.3907947,-0.04189088,0.06974403,0.9168754
-0.3974651,-0.03984091,0.07150073,0.9139594
-0.401906,-0.03842366,0.07267345,0.9119834
-0.410361,-0.03561142,0.0749094,0.9081433
-0.4125304,-0.03486543,0.0754841,0.9071413
-0.4171279,-0.03324968,0.07670543,0.9049945
-0.4502353,-0.02023906,0.08558428,0.8885685
-0.4717012,-0.01048766,0.09141634,0.8769441
-0.4693925,-0.01158176,0.09079222,0.8782331
-0.4687162,-0.01190236,0.09060656,0.8786091
-0.4757886,-0.008499444,0.09254633,0.8746361
-0.4781518,-0.007335491,0.09319654,0.8732876
-0.4758054,-0.008491457,0.09255047,0.8746265
-0.4678112,-0.01232943,0.09035917,0.8791109
-0.448727,-0.02088884,0.08517244,0.8893556
-0.4266133,-0.02976834,0.07923663,0.9004646
-0.4092132,-0.03600246,0.07460506,0.9086707
-0.4004086,-0.03890665,0.07227722,0.9126529
-0.3862747,-0.04322772,0.06855503,0.9188163
-0.3815698,-0.0445726,0.06732159,0.9208071
-0.3688322,-0.04798376,0.06399383,0.9260482
-0.3632262,-0.04938324,0.06252855,0.9282877
-0.375642,-0.04620134,0.06577133,0.9232728
-0.3930662,-0.04120086,0.07034519,0.9158891
-0.4060855,-0.03705664,0.07377244,0.9100983
-0.4276936,-0.02936298,0.07952106,0.8999402
-0.4526372,-0.01919945,0.08623482,0.8873075
-0.4857284,-0.003504679,0.09529932,0.8688922
-0.5084828,0.008807532,0.1016463,0.8550062
-0.5129719,0.01139151,0.1029146,0.8521377
-0.5138561,0.01190856,0.103167,0.8515671
-0.5073412,0.008157827,0.1013238,0.8557289
-0.5078861,0.008467674,0.1014779,0.8553842
-0.5042773,0.006433062,0.1004625,0.857654
-0.5058872,0.0073369,0.1009152,0.8566449
-0.5055676,0.007155776,0.1008242,0.8568457
-0.4992126,0.003631741,0.09904166,0.8607928
-0.4840324,-0.004381537,0.09481972,0.8698866
-0.4544025,-0.01844189,0.08669589,0.8863758
-0.4305394,-0.02825126,0.08031061,0.8985477
-0.4112084,-0.03532446,0.07512959,0.9077529
-0.4040417,-0.03772824,0.07323682,0.9110231
-0.4022954,-0.03829839,0.07277513,0.9118089
-0.3984271,-0.0395355,0.07175733,0.9135336
-0.399904,-0.03906761,0.07214478,0.9128777
-0.4090153,-0.03606941,0.07455281,0.9087614
-0.4254702,-0.03019869,0.07893036,0.9010179
-0.4358099,-0.02621199,0.08169205,0.8959403
-0.4332684,-0.02721392,0.08101183,0.8972039
-0.4415831,-0.02387856,0.08324532,0.893031
-0.4477494,-0.02130253,0.0849108,0.8898634
-0.4600289,-0.01592284,0.08823503,0.8833655
-0.46576,-0.01329049,0.08979781,0.8802428
-0.4748986,-0.008933969,0.09230201,0.875141
-0.4540493,-0.01859106,0.08660711,0.8865624
-0.4563296,-0.01757994,0.08723119,0.8853502
-0.457425,-0.01709211,0.08752871,0.8847649
-0.4581228,-0.01678012,0.08771813,0.884391
-0.457509,-0.01705408,0.0875521,0.8847198
-0.4461698,-0.02197264,0.08448115,0.890681
-0.4295981,-0.02863327,0.08003394,0.8990107
-0.4266254,-0.02976694,0.07923578,0.900459
-0.4276559,-0.02937759,0.0795106,0.8999586
-0.4336167,-0.02707334,0.08111003,0.8970311
-0.433411,-0.02715704,0.08105122,0.8971333
-0.4251667,-0.03031475,0.07884634,0.9011645
-0.424171,-0.03068596,0.07858071,0.9016443
-0.420782,-0.03193649,0.0776761,0.9032658
-0.4193002,-0.03247059,0.07728302,0.9039693
-0.4210485,-0.0318359,0.07774851,0.9031388
-0.4056959,-0.03718621,0.0736692,0.9102752
-0.4270613,-0.0295882,0.07937017,0.9002464
-0.4556013,-0.01789957,0.08703703,0.8857379
-0.4592224,-0.01628598,0.08801709,0.8838001
-0.4355276,-0.02632809,0.08161142,0.8960816
-0.427715,-0.02935294,0.07952917,0.8999297
-0.4176866,-0.03305085,0.07685313,0.9047315
-0.4079791,-0.0364194,0.07427834,0.9092356
-0.4049142,-0.03744109,0.07346737,0.9106289
-0.4034895,-0.03790918,0.07309084,0.9112722
-0.4025851,-0.03820499,0.07285072,0.9116789
-0.4126971,-0.03480728,0.07552876,0.9070639
-0.4217963,-0.03155863,0.07795253,0.902782
-0.4342598,-0.02682574,0.08127584,0.8967123
-0.4335138,-0.02711789,0.08107735,0.8970824
-0.424315,-0.03063233,0.07861915,0.901575
-0.4144896,-0.0341817,0.07600524,0.9062303
-0.4018063,-0.03845769,0.07264479,0.9120282
-0.385769,-0.04337065,0.06842782,0.9190315
-0.3818987,-0.04447931,0.06740902,0.9206688
-0.3819172,-0.04447372,0.06741425,0.920661
-0.3800111,-0.04500767,0.06691401,0.92146
-0.3863295,-0.04321039,0.06857143,0.9187928
-0.3946063,-0.04073077,0.07074755,0.9152167
-0.3946635,-0.04071324,0.07076254,0.9151917
-0.4054524,-0.03726189,0.07361147,0.9103852
-0.4214198,-0.03169933,0.07784864,0.9029619
-0.4334142,-0.02715606,0.08105165,0.8971317
-0.4389178,-0.02496466,0.08252817,0.8943808
-0.4425773,-0.02346854,0.08351409,0.8925245
-0.4459631,-0.02212634,0.08439169,0.8907893
-0.4488736,-0.02082658,0.08521154,0.8892793
-0.4613017,-0.01534558,0.08858103,0.882677
-0.4614315,-0.01528624,0.08861652,0.8826066
-0.4714482,-0.01059862,0.09135874,0.8770848
-0.4682452,-0.01212496,0.09047787,0.8788704
-0.4561915,-0.01764253,0.08719215,0.885424
-0.4563278,-0.01758179,0.08722936,0.8853512
-0.434691,-0.02664961,0.08139893,0.8964975
-0.4154273,-0.03385256,0.07625344,0.9057922
-0.3971961,-0.03992428,0.07143143,0.9140782
-0.3879151,-0.04274786,0.06898588,0.9181152
-0.3945519,-0.04074876,0.07073152,0.9152406
-0.4096221,-0.0358634,0.0747135,0.908483
-0.4144413,-0.03419941,0.07599132,0.9062527
-0.4075364,-0.03656676,0.07416309,0.9094377
-0.407629,-0.03653669,0.07418621,0.9093954
-0.408458,-0.03625795,0.07440515,0.9090167
-0.4085662,-0.03622149,0.07443367,0.9089671
-0.4049765,-0.03741948,0.07348522,0.9106008
-0.4010823,-0.03869042,0.07245484,0.912352
-0.4037219,-0.03783324,0.0731522,0.9111673
-0.4013007,-0.03862,0.07251259,0.9122545
-0.4006866,-0.03881706,0.07235119,0.9125289
-0.3944649,-0.04077406,0.07071066,0.9152786
-0.3949792,-0.04061576,0.07084569,0.9150534
-0.378142,-0.04552536,0.06642175,0.9222386
-0.3681797,-0.04814895,0.0638247,0.9263108
-0.3614807,-0.04980597,0.06207304,0.9289769
-0.3653724,-0.04885567,0.06308821,0.9274352
-0.373878,-0.04667395,0.06530787,0.9239977
-0.3793533,-0.04518704,0.06674601,0.9217343
-0.3924318,-0.04139575,0.07017581,0.9161654
-0.395224,-0.04053991,0.07091033,0.914946
-0.4086461,-0.03619412,0.07445523,0.9089306
-0.4130004,-0.03470178,0.07560947,0.9069232
-0.4072531,-0.03666322,0.07408622,0.9095669
-0.4084935,-0.03624608,0.07441448,0.9090005
-0.4207473,-0.03194704,0.0776666,0.9032823
-0.4207884,-0.031931,0.07767898,0.9032627
-0.4179255,-0.03296534,0.07691675,0.9046189
-0.4080655,-0.03639034,0.0743012,0.9091961
-0.4050717,-0.03738912,0.07350904,0.9105577
-0.3973357,-0.0398808,0.07146776,0.9140165
-0.4027739,-0.03814054,0.07290466,0.9115938
-0.3999185,-0.03906351,0.07214789,0.9128712
-0.4008052,-0.03877971,0.07238139,0.9124759
-0.3950904,-0.04057568,0.0708828,0.9150043
-0.3864424,-0.04317828,0.06860001,0.9187447
-0.3863831,-0.04319481,0.06858544,0.91877
-0.3983437,-0.03956462,0.07173155,0.9135707
-0.4039863,-0.0377467,0.07322183,0.9110482
-0.4090163,-0.03606934,0.07455277,0.908761
-0.416622,-0.03342967,0.07657091,0.9052323
-0.4273753,-0.02948218,0.07943776,0.9000948
-0.4427271,-0.02340622,0.08355513,0.892448
-0.4453424,-0.02232011,0.08425798,0.8911075
-0.4433887,-0.02313381,0.08373161,0.89211
-0.4529522,-0.01906699,0.08631445,0.8871418
-0.4465564,-0.0218175,0.0845761,0.8904821
-0.4214147,-0.03169087,0.07786023,0.9029635
-0.3973151,-0.03988801,0.07146125,0.9140257
-0.3868872,-0.04304872,0.06871657,0.918555
-0.3780246,-0.04555404,0.06639607,0.9222873
-0.3651945,-0.04889948,0.06304233,0.927506
-0.3569203,-0.05087975,0.0608862,0.9307589
-0.3469327,-0.05308593,0.05829204,0.9345703
-0.3459748,-0.05328623,0.05804518,0.9349293
-0.3700866,-0.04766052,0.06432395,0.9255414
-0.3795593,-0.04513286,0.06679598,0.9216485
-0.3896445,-0.0422297,0.06944884,0.9173716
-0.4006748,-0.03882266,0.07234551,0.9125342
-0.4053389,-0.03729915,0.0735818,0.9104366
-0.4021618,-0.03834159,0.07274006,0.9118688
-0.3961762,-0.04024529,0.07115975,0.9145278
-0.3872801,-0.04292874,0.06882679,0.9183867
-0.3709134,-0.04744989,0.06453541,0.9252064
-0.3689733,-0.0479496,0.0640278,0.9259914
-0.3607686,-0.04997593,0.06188832,0.9292568
-0.3538964,-0.05156957,0.06009868,0.931926
-0.3445489,-0.05358356,0.05767326,0.9354618
-0.3486114,-0.05272977,0.05872636,0.9339383
-0.3396343,-0.05457371,0.05639919,0.9372777
-0.3282084,-0.05669512,0.05343788,0.9413869
-0.3333037,-0.0557797,0.05475923,0.9395737
-0.3335388,-0.05573718,0.05481853,0.9394892
-0.3444305,-0.05360869,0.0576414,0.9355059
-0.3457775,-0.05332134,0.05800386,0.9350029
-0.3561902,-0.05104857,0.06069498,0.9310417
-0.3575022,-0.0507449,0.06103776,0.9305329
-0.3622499,-0.04962058,0.06227363,0.9286737
-0.3718107,-0.04721562,0.06477107,0.9248416
-0.3875552,-0.04285086,0.0688953,0.9182692
-0.3884262,-0.04259581,0.06912202,0.9178959
-0.3832048,-0.04410969,0.06775114,0.9201186
-0.3833565,-0.0440663,0.06779123,0.9200544
-0.3825467,-0.04429694,0.06757787,0.9203961
-0.3917253,-0.04161023,0.06998929,0.9164722
-0.3891235,-0.04238846,0.06930657,0.9175962
-0.3813996,-0.04462044,0.06727699,0.9208785
-0.3737391,-0.04670907,0.06527416,0.9240544
-0.3728299,-0.04694993,0.06503525,0.9244263
-0.3626488,-0.04952361,0.06237821,0.9285161
-0.3610943,-0.0498969,0.061975,0.9291288
-0.3629544,-0.04944998,0.06245697,0.9283955
-0.371494,-0.04729978,0.06468609,0.9249706
-0.375887,-0.046132,0.06584039,0.9231715
-0.3968618,-0.04003094,0.07134068,0.9142257
-0.4130737,-0.03467489,0.07563083,0.9068891
-0.4154068,-0.03385967,0.07624814,0.9058019
-0.4195504,-0.03238117,0.07734826,0.9038507
-0.4295964,-0.02862743,0.08004154,0.8990109
-0.4305428,-0.0282716,0.08028443,0.8985478
-0.4238278,-0.03081331,0.07848924,0.9018093
-0.4174602,-0.03313107,0.07679373,0.9048381
-0.4225534,-0.03128472,0.0781489,0.9024204
-0.4176287,-0.03307008,0.07683961,0.9047587
-0.414845,-0.03405743,0.07609893,0.9060643
-0.4071112,-0.03671084,0.07404847,0.9096316
-0.4004195,-0.03890503,0.07227758,0.9126482
-0.3858097,-0.04336118,0.06843516,0.9190143
-0.3637557,-0.04925402,0.06266664,0.928078
-0.3725557,-0.04702201,0.06496362,0.9245382
-0.3769347,-0.04585304,0.06610824,0.9227391
-0.3804924,-0.04487314,0.06704093,0.9212586
-0.3815395,-0.04458035,0.06731484,0.9208197
-0.395049,-0.04059758,0.0708594,0.915023
-0.4160884,-0.0336128,0.07643781,0.9054822
-0.4612187,-0.01536006,0.08858528,0.8827196
-0.4548556,-0.01823198,0.08683111,0.8861346
-0.4608815,-0.01552646,0.08847822,0.8829036
-0.472829,-0.009940021,0.09173088,0.8763101
-0.478621,-0.007099234,0.09332996,0.8730183
-0.4805428,-0.006144099,0.09385598,0.8719128
-0.4833564,-0.00472226,0.09463599,0.8702806
-0.4904993,-0.001037501,0.09661139,0.8660691
-0.483425,-0.004689775,0.09465258,0.8702409
-0.478251,-0.007286556,0.09322407,0.8732309
-0.4587503,-0.01650278,0.08788352,0.8840545
-0.4258744,-0.03002356,0.07906789,0.9008207
-0.3857209,-0.04338589,0.0684137,0.9190519
-0.3650122,-0.04894491,0.06299424,0.9275786
-0.3790477,-0.04527599,0.06665938,0.921862
-0.3857443,-0.0433784,0.06842055,0.9190421
-0.3989255,-0.03937947,0.07188617,0.9133127
-0.4087986,-0.0361428,0.07449539,0.9088607
-0.4137257,-0.03445514,0.0757945,0.9065865
-0.4367878,-0.02577748,0.08200951,0.8954476
-0.4675717,-0.01245932,0.09027439,0.8792451
-0.5029257,0.005679734,0.100083,0.8584968
-0.5261341,0.01925756,0.1066537,0.8434674
-0.5188525,0.01485917,0.1045886,0.8483115
-0.5040196,0.006290294,0.1003915,0.8578148
-0.5080628,0.008568436,0.1015278,0.8552724
-0.4897453,-0.001435839,0.09639864,0.8665189
-0.4873982,-0.002653979,0.09575076,0.86791
-0.47893,-0.006948136,0.09341237,0.8728413
-0.4699351,-0.01132419,0.09094033,0.8779309
-0.4418865,-0.02374995,0.08333196,0.8928762
-0.4225685,-0.0312855,0.07814494,0.9024136
-0.411347,-0.03527064,0.07517441,0.9076884
-0.4067084,-0.03684541,0.07394204,0.909815
-0.3974802,-0.03983663,0.07150415,0.9139528
-0.3943176,-0.04081984,0.07067132,0.9153431
-0.389586,-0.04225148,0.06942732,0.9173971
-0.3900324,-0.04211882,0.06954409,0.9172046
-0.4058776,-0.03712064,0.07372403,0.9101923
-0.4181111,-0.03289986,0.07696469,0.9045315
-0.4220977,-0.03145209,0.0780277,0.9026383
-0.4165264,-0.0334636,0.07654549,0.9052771
-0.4110441,-0.03537778,0.07509007,0.9078285
-0.4122272,-0.03497029,0.07540365,0.9072817
-0.4041933,-0.03767798,0.07327752,0.9109547
-0.4110378,-0.03537965,0.07508871,0.9078314
-0.4047951,-0.03748018,0.07343628,0.9106829
-0.4029628,-0.03808101,0.07295187,0.9115091
-0.3996956,-0.03913393,0.07209001,0.9129704
-0.3933509,-0.04111614,0.07041706,0.9157652
-0.3888524,-0.04246866,0.06923558,0.9177127
-0.3804109,-0.04489682,0.06701821,0.9212928
-0.3780663,-0.04554455,0.06640419,0.9222701
-0.3687959,-0.04799481,0.06398149,0.9260629
-0.3792135,-0.04522268,0.0667139,0.9217924
-0.3615725,-0.04978636,0.06209323,0.9289409
-0.3661634,-0.04866021,0.06329247,0.9271196
-0.3820988,-0.04442281,0.06746145,0.9205846
-0.3796135,-0.04511517,0.0668141,0.9216257
-0.3957286,-0.04038521,0.07104085,0.9147246
-0.4094528,-0.03591909,0.07467116,0.9085606
-0.4131691,-0.03464336,0.07565397,0.9068449
-0.3989478,-0.03937403,0.07188977,0.9133029
-0.4017188,-0.0384858,0.07262194,0.9120674
-0.3914509,-0.0416913,0.06991947,0.9165911
-0.3960879,-0.04027186,0.07113775,0.9145666
-0.3990418,-0.03934264,0.07191669,0.9132612
-0.3954693,-0.04046431,0.07097444,0.9148384
-0.3911398,-0.04178677,0.06983529,0.916726
-0.3838991,-0.04391155,0.0679335,0.9198252
-0.3650782,-0.04892775,0.06301282,0.9275523
-0.3495619,-0.05252741,0.05896948,0.9335791
-0.3347543,-0.05550907,0.05513682,0.9390517
-0.33246,-0.05593538,0.05453923,0.9398761
-0.3419406,-0.05411586,0.05699537,0.9364292
-0.3376135,-0.05496819,0.05587378,0.9380158
-0.3386806,-0.0547647,0.05614485,0.9376268
-0.3613734,-0.04983128,0.06204572,0.929019
-0.3670108,-0.04843627,0.06353159,0.9267797
-0.3426096,-0.05398549,0.05716136,0.9361821
-0.3377515,-0.05494139,0.05590986,0.9379656
-0.3404701,-0.05440969,0.05661409,0.936971
-0.3448542,-0.05352074,0.05775199,0.935348
-0.3358327,-0.05530842,0.0554123,0.9386622
-0.3374174,-0.05500576,0.05582321,0.9380872
-0.3430297,-0.05389562,0.05727775,0.9360263
-0.3332407,-0.05579197,0.05474175,0.9395963
-0.320219,-0.05802474,0.05137626,0.9441681
-0.3177949,-0.05840585,0.05074755,0.9449973
-0.326099,-0.0570579,0.05289369,0.9421285
-0.3440312,-0.05369371,0.05753304,0.9356545
-0.3570271,-0.05084687,0.06092678,0.9307171
-0.366486,-0.04857923,0.06337722,0.9269904
-0.3639047,-0.04921755,0.06270535,0.9280189
-0.366687,-0.0485273,0.06343207,0.92691
-0.3575234,-0.05073992,0.06104338,0.9305246
-0.3585167,-0.05050828,0.06130197,0.9301381
-0.364597,-0.04904743,0.06288595,0.9277439
-0.3591691,-0.0503554,0.06147134,0.9298834
-0.3543906,-0.05145717,0.06022868,0.9317361
-0.3485332,-0.05274838,0.05870287,0.9339679
-0.3296207,-0.05644622,0.05380447,0.9408874
-0.3240393,-0.05740445,0.05236131,0.9428475
-0.3219582,-0.05774692,0.05182269,0.9435691
-0.3287426,-0.05660238,0.05357508,0.9411983
-0.3477811,-0.05290705,0.05851087,0.9342514
-0.3610596,-0.04990767,0.0619621,0.9291425
-0.3723857,-0.04706351,0.06492375,0.9246075
-0.3831867,-0.04411489,0.06774627,0.9201262
-0.3849017,-0.04362385,0.06819654,0.9194003
-0.3901858,-0.04207361,0.06958362,0.9171385
-0.3830078,-0.04416149,0.06770551,0.9202014
-0.3800275,-0.04500302,0.06691845,0.9214531
-0.3852654,-0.04351898,0.06829198,0.9192459
-0.3950332,-0.04060078,0.07085751,0.9150298
-0.3844872,-0.04373367,0.06810105,0.9195755
-0.372923,-0.04692787,0.06505603,0.9243883
-0.3587357,-0.05045704,0.0613588,0.9300526
-0.34829,-0.05279821,0.05864352,0.9340596
-0.3447022,-0.05355238,0.05771229,0.9354046
-0.344763,-0.05354005,0.05772773,0.9353819
-0.3438381,-0.05373056,0.05748744,0.9357262
-0.3432604,-0.05384896,0.05733722,0.9359408
-0.3364054,-0.05519719,0.05556489,0.9384547
-0.3314517,-0.05611881,0.0542779,0.9402364
-0.3315763,-0.05609596,0.0543106,0.9401918
-0.3330187,-0.05583255,0.05468459,0.939676
-0.3472214,-0.05302472,0.05836752,0.9344618
-0.3636632,-0.04927624,0.06264313,0.9281147
-0.3761659,-0.04606074,0.06590763,0.9230568
-0.381827,-0.04449877,0.06739117,0.9206989
-0.3887049,-0.04251488,0.06919329,0.9177762
-0.4000889,-0.03900905,0.07219282,0.9127953
-0.3838081,-0.04393754,0.0679097,0.9198636
-0.37398,-0.04664531,0.06533681,0.9239557
-0.3587543,-0.05045089,0.06136661,0.9300454
-0.3510413,-0.05220341,0.05935692,0.9330175
-0.3486092,-0.05273027,0.05872585,0.9339392
-0.3359687,-0.05528291,0.05544716,0.938613
-0.3279248,-0.05674377,0.05336574,0.9414869
-0.3230169,-0.05757369,0.05209703,0.9432027
-0.3248983,-0.05726095,0.05258334,0.9425483
-0.3334281,-0.05575549,0.0547937,0.939529
-0.3465649,-0.05316805,0.05818913,0.9347085
-0.3629337,-0.04945244,0.06245561,0.9284033
-0.3844675,-0.04374861,0.06808266,0.9195845
-0.4054048,-0.03726635,0.07361378,0.910406
-0.439429,-0.0247598,0.08266265,0.8941231
-0.4486881,-0.02090752,0.0851593,0.8893761
-0.455322,-0.01802625,0.08695753,0.8858867
-0.4469662,-0.02163769,0.0846952,0.8902695
-0.4441704,-0.02281223,0.08393857,0.8917099
-0.4254683,-0.03019687,0.07893306,0.9010186
-0.4094261,-0.03593018,0.07466154,0.908573
-0.3842846,-0.04380162,0.06803417,0.9196619
-0.3665404,-0.04856591,0.06339106,0.9269687
-0.3592685,-0.05033185,0.06149735,0.9298446
-0.3556294,-0.05117618,0.06055039,0.9312585
-0.3418956,-0.05412609,0.05698179,0.9364458
-0.3382344,-0.05485107,0.05602994,0.9377897
-0.3623042,-0.04958664,0.06232023,0.9286512
-0.368415,-0.04809194,0.06388197,0.9262164
-0.3656013,-0.04880035,0.06314583,0.927344
-0.3840814,-0.04386311,0.06797689,0.9197481
-0.4291494,-0.02878904,0.07993446,0.8992288
-0.4600467,-0.01591393,0.08824118,0.8833556
-0.4637603,-0.01420658,0.089265,0.8813378
-0.4625867,-0.01470409,0.08899311,0.8819737
-0.423777,-0.03083569,0.07847147,0.901834
-0.402899,-0.03810192,0.07293481,0.9115378
-0.3731455,-0.04687236,0.06510974,0.9242976
-0.360249,-0.05009859,0.06175465,0.9294606
-0.3499205,-0.05244741,0.05906631,0.9334431
-0.3459024,-0.05330325,0.05802312,0.9349564
-0.3414362,-0.05421709,0.0568646,0.9366153
-0.3434205,-0.05381607,0.05737904,0.9358813
-0.3460958,-0.05326262,0.0580737,0.9348841
-0.3496604,-0.05250382,0.05899881,0.9335416
-0.3586442,-0.0504791,0.061334,0.9300883
-0.3632846,-0.04936798,0.06254553,0.9282647
-0.3652467,-0.04888872,0.06305258,0.9274853
-0.38094,-0.04474849,0.06715766,0.9210712
-0.3970109,-0.03997771,0.07138884,0.9141596
-0.4170764,-0.03327202,0.07668637,0.9050191
-0.4108077,-0.03545803,0.07502843,0.9079375
-0.3962148,-0.04023223,0.07117127,0.9145108
-0.3885583,-0.04255661,0.06915701,0.9178392
-0.3791751,-0.04523944,0.06669478,0.9218088
-0.3671024,-0.04842263,0.063541,0.9267435
-0.3599624,-0.0501678,0.0616782,0.9295731
-0.3348638,-0.05549394,0.05515616,0.9390125
-0.3268136,-0.0569357,0.05307854,0.9418778
-0.329464,-0.05647438,0.05376305,0.940943
-0.3446168,-0.05357032,0.05768959,0.9354364
-0.3531101,-0.05174505,0.05989545,0.9322276
-0.3576185,-0.05071851,0.0610671,0.9304878
-0.3632557,-0.04937567,0.06253698,0.9282761
-0.3703555,-0.04759482,0.06438874,0.9254327
-0.3877274,-0.04280299,0.06893662,0.9181955
-0.404823,-0.03746951,0.07344565,0.9106701
-0.427114,-0.02957936,0.07937009,0.9002216
-0.4386294,-0.02508092,0.08245105,0.8945261
-0.4360335,-0.02612189,0.08175351,0.8958285
-0.4211235,-0.03180329,0.07777517,0.9031027
-0.4023705,-0.03827475,0.07279395,0.9117752
-0.385057,-0.04357899,0.06823735,0.9193343
-0.3656426,-0.04878867,0.0631586,0.9273274
-0.3535326,-0.05165191,0.0600031,0.9320657
-0.3574984,-0.05074624,0.06103603,0.9305345
-0.3714145,-0.04732037,0.06466532,0.9250029
-0.3645477,-0.04906094,0.06287096,0.9277636
-0.34545,-0.05338703,0.05792307,0.9351252
-0.3264148,-0.05700672,0.0529706,0.9420179
-0.3079298,-0.05983477,0.04820248,0.9483014
-0.3006297,-0.06077363,0.04631989,0.9506749
-0.2968826,-0.0612164,0.04535438,0.9518698
-0.2875813,-0.06220217,0.04295786,0.9547683
-0.2681894,-0.0637397,0.03796944,0.9605051
-0.2572183,-0.06430507,0.03514657,0.9635705
-0.2616377,-0.06410465,0.03628092,0.9623513
-0.2460776,-0.06465478,0.03228386,0.9665524
-0.2269197,-0.0647412,0.02734841,0.9713744
-0.2293546,-0.06476641,0.02797588,0.9707827
-0.2387769,-0.06476494,0.03040326,0.9684352
-0.2361205,-0.06478205,0.02971678,0.9691064
-0.2508035,-0.06453434,0.03349669,0.9653035
-0.2662357,-0.06385776,0.03746338,0.9610605
-0.2785371,-0.06300025,0.04064278,0.9574947
-0.2870965,-0.06224887,0.04283372,0.9549167
-0.2847522,-0.06246915,0.04223138,0.9556308
-0.2785764,-0.06300218,0.04064145,0.9574832
-0.2719752,-0.06349292,0.03894532,0.9594172
-0.2746381,-0.06330431,0.03963002,0.9586427
-0.2730152,-0.06342161,0.03921099,0.9591156
-0.271996,-0.06349131,0.03895094,0.9594111
-0.283605,-0.0625741,0.04193462,0.9559782
-0.2763157,-0.06317818,0.04006295,0.9581509
-0.2761016,-0.06319571,0.04000514,0.9582139
-0.2757843,-0.06321968,0.03992349,0.9583071
-0.2746495,-0.06330413,0.03963153,0.9586394
-0.274722,-0.06329935,0.03964898,0.9586182
-0.2861179,-0.06234178,0.04258285,0.9552156
-0.265582,-0.06389283,0.03730124,0.9612454
-0.2473351,-0.0646285,0.03260194,0.9662223
-0.2390692,-0.06476457,0.03047196,0.968361
-0.2619,-0.0640904,0.03635154,0.9622782
-0.2608003,-0.06414466,0.03606799,0.962584
-0.2660607,-0.06386913,0.03741597,0.9611101
-0.2945898,-0.06147146,0.04477029,0.9525932
-0.328045,-0.0567228,0.05339694,0.9414445
-0.3224628,-0.05766302,0.05195633,0.9433945
-0.3103434,-0.05950268,0.0488241,0.9475033
-0.3077562,-0.05985864,0.04815706,0.9483586
-0.301286,-0.06069309,0.04648957,0.9504641
-0.2948583,-0.0614452,0.04483163,0.9525089
-0.2836607,-0.06256462,0.04195863,0.9559612
-0.2601996,-0.06417261,0.03591487,0.9627503
-0.2438421,-0.06469952,0.03170543,0.9671349
-0.2309558,-0.06477673,0.02838995,0.9703904
-0.2338623,-0.06478269,0.02914581,0.9696711
-0.2217906,-0.06465708,0.02601601,0.9726004
-0.2538076,-0.06443612,0.03426962,0.9644974
-0.2767636,-0.06314709,0.0401703,0.9580193
-0.2828189,-0.06264353,0.04173366,0.9562153
-0.2958933,-0.06132931,0.04509875,0.9521828
-0.3158771,-0.05869795,0.05025298,0.9456484
-0.3235556,-0.05748472,0.05223636,0.9430158
-0.3213259,-0.05784877,0.05166,0.9437872
-0.3327668,-0.0558784,0.05462016,0.9397661
-0.339784,-0.05454539,0.05643623,0.9372227
-0.3539516,-0.05155725,0.06011279,0.9319047
-0.3560441,-0.05108115,0.06065844,0.9310982
-0.3517883,-0.05203869,0.05955146,0.9327328
-0.3453793,-0.05341232,0.05788743,0.9351521
-0.3367614,-0.05513106,0.05565403,0.9383256
-0.3200159,-0.05805611,0.05132542,0.9442378
-0.3075371,-0.05988804,0.04810083,0.9484307
-0.3037967,-0.06037866,0.04713668,0.9496527
-0.2951103,-0.06141486,0.04490148,0.9524295
-0.2807399,-0.06282403,0.04119723,0.9568391
-0.2825138,-0.06267458,0.04164626,0.9563072
-0.3146903,-0.05887537,0.04994663,0.9460492
-0.3155589,-0.05874576,0.0501708,0.945756
-0.3097799,-0.05958077,0.04867981,0.9476902
-0.3169269,-0.05853692,0.05052747,0.9452924
-0.3239474,-0.0574198,0.05233756,0.9428796
-0.3268284,-0.05693129,0.05308574,0.9418726
-0.3434112,-0.05381757,0.05737715,0.9358847
-0.3507261,-0.05227254,0.05927483,0.9331373
-0.3583077,-0.0505574,0.0612474,0.9302195
-0.3689255,-0.04796268,0.06401406,0.9260107
-0.3681997,-0.04814676,0.06382543,0.926303
-0.362598,-0.04953563,0.0623653,0.9285361
-0.3559707,-0.05109805,0.06063931,0.9311266
-0.3436632,-0.05376737,0.05744058,0.9357913
-0.3354725,-0.05537558,0.05532047,0.9387925
-0.3239008,-0.0574271,0.05232635,0.9428957
-0.3227814,-0.05761229,0.05203617,0.9432843
-0.3170957,-0.05851315,0.05056725,0.945235
-0.3152254,-0.05879489,0.05008636,0.9458687
-0.3128782,-0.05914148,0.04947826,0.9466581
-0.3208456,-0.05792581,0.05153609,0.9439527
-0.32565,-0.05713392,0.05277816,0.9422857
-0.3355645,-0.05535897,0.05534302,0.9387593
-0.3283817,-0.05666192,0.05348794,0.9413255
-0.3264543,-0.05699718,0.05298564,0.942004
-0.322672,-0.05763041,0.0520075,0.9433221
-0.3320824,-0.05600701,0.05443698,0.9400113
-0.3594429,-0.05028225,0.06155605,0.9297759
-0.3690359,-0.04793357,0.06404418,0.9259661
-0.3611948,-0.0498745,0.06199858,0.9290893
-0.3628406,-0.04947714,0.06242801,0.9284403
-0.3650698,-0.04893075,0.0630092,0.9275557
-0.3619233,-0.04969906,0.06218904,0.9288025
-0.3591692,-0.0503537,0.06147398,0.9298832
-0.3429139,-0.05391833,0.05724917,0.9360691
-0.3309861,-0.05620266,0.05415757,0.9404023
-0.3221228,-0.05771967,0.05186604,0.9435121
-0.3011522,-0.06070871,0.04645665,0.950507
-0.3057426,-0.06011949,0.04765242,0.9490186
-0.2948366,-0.06144731,0.04482665,0.9525157
-0.2958318,-0.06133553,0.04508428,0.9522022
-0.30236,-0.0605523,0.04678157,0.9501175
-0.3282148,-0.056697,0.05343394,0.9413847
-0.3319197,-0.05603942,0.05438998,0.9400694
-0.3620442,-0.04966986,0.0622205,0.9287549
-0.3575175,-0.05074164,0.06104136,0.930527
-0.3605041,-0.05003845,0.06182016,0.9293606
-0.3683913,-0.04809888,0.06387436,0.9262259
-0.3825064,-0.04430773,0.06756832,0.9204131
-0.4049172,-0.0374415,0.07346619,0.9106277
-0.41045,-0.03558158,0.07493221,0.9081024
-0.3998788,-0.03907537,0.07213856,0.9128889
-0.4041645,-0.03768794,0.07326923,0.9109678
-0.4041216,-0.0377002,0.07326032,0.910987
-0.3893626,-0.04231739,0.06936948,0.9174932
-0.3882456,-0.04265081,0.0690722,0.9179735
-0.3736022,-0.04674608,0.06523716,0.9241105
-0.3525776,-0.05186517,0.05975455,0.9324315
-0.3294908,-0.05646839,0.05377196,0.9409333
-0.2950034,-0.06142491,0.0448776,0.9524631
-0.2669089,-0.0638169,0.03764009,0.9608696
-0.2571844,-0.06430655,0.03513757,0.9635798
-0.2666204,-0.06383576,0.03756149,0.9609515
-0.2907024,-0.06188475,0.04377205,0.9538063
-0.3071082,-0.05994549,0.04799046,0.9485716
-0.3233748,-0.05749564,0.05222311,0.9430777
-0.3477861,-0.05290821,0.05850834,0.9342496
-0.3411453,-0.05427608,0.0567879,0.9367226
-0.351645,-0.05207021,0.05951454,0.9327874
-0.3744397,-0.04652526,0.06545375,0.9237674
-0.3921567,-0.04147772,0.07010524,0.9162849
-0.3863742,-0.04319384,0.06858816,0.9187735
-0.3787688,-0.04535114,0.06658889,0.921978
-0.3835373,-0.0440149,0.06783843,0.9199781
-0.3834939,-0.04402718,0.06782719,0.9199964
-0.381213,-0.04467257,0.06722854,0.9209568
-0.3723277,-0.04708187,0.06490395,0.9246312
-0.3694581,-0.04782302,0.06415839,0.9257956
-0.3525479,-0.05187041,0.05974922,0.9324427
-0.3471467,-0.0530441,0.05834213,0.93449
-0.3659197,-0.04871968,0.06323093,0.9272168
-0.3575137,-0.05073876,0.06104633,0.9305283
-0.3500858,-0.05240978,0.05911213,0.9333804
-0.3539035,-0.05156775,0.06010094,0.9319232
-0.3458613,-0.0533118,0.05801249,0.9349718
-0.3352889,-0.05540456,0.05528259,0.9388586
-0.3212795,-0.05785718,0.05164647,0.9438033
-0.3320383,-0.05601195,0.05443055,0.9400269
-0.3342119,-0.05561237,0.0549928,0.9392473
-0.3283515,-0.05666905,0.05347676,0.9413363
-0.3184036,-0.05831092,0.05090601,0.9447896
-0.3218783,-0.05775929,0.05180319,0.9435967
-0.3121744,-0.05924256,0.0492974,0.9468934
-0.2791882,-0.06295691,0.0407893,0.9573017
-0.2852321,-0.06242515,0.04235394,0.9554852
-0.2770392,-0.06312328,0.04024697,0.9579378
-0.2666034,-0.06383488,0.03756154,0.9609562
-0.2685928,-0.06371421,0.0380744,0.96039
-0.2744355,-0.06332006,0.0395759,0.958702
-0.2760346,-0.06320071,0.03998808,0.9582335
-0.2758362,-0.06321579,0.03993688,0.9582918
-0.2749306,-0.06327901,0.03971391,0.9585571
-0.2888994,-0.0620742,0.04329361,0.9543634
-0.3031149,-0.06046001,0.0469714,0.9498736
-0.3028714,-0.06049596,0.0468981,0.9499525
-0.2959605,-0.06132137,0.04511677,0.9521616
-0.3025567,-0.06053575,0.04681642,0.9500543
-0.319318,-0.05816713,0.05114353,0.9444771
-0.3065229,-0.06002354,0.0478396,0.9487635
-0.3051629,-0.06020164,0.04749046,0.9492081
-0.2841042,-0.06252494,0.04207198,0.9558271
-0.2674409,-0.06378558,0.03777593,0.9607184
-0.2591278,-0.06422205,0.03563837,0.9630464
-0.2438453,-0.06470089,0.03170232,0.967134
-0.232748,-0.06477944,0.02886486,0.9699479
-0.2185265,-0.06457483,0.02518316,0.9733663
-0.2104038,-0.06429528,0.02309049,0.9752247
-0.2181711,-0.06456425,0.02509439,0.9734491
-0.233382,-0.06478438,0.02901571,0.9697906
-0.2461269,-0.0646553,0.03229229,0.9665394
-0.2584083,-0.06425411,0.03545325,0.9632444
-0.2876285,-0.06219813,0.04296856,0.9547538
-0.3015063,-0.06066708,0.04654429,0.9503931
-0.3048882,-0.0602383,0.04741767,0.9492976
-0.2988422,-0.06098787,0.04585987,0.9512469
-0.2966311,-0.06124308,0.04529388,0.9519495
-0.2806866,-0.06282893,0.04118248,0.956855
-0.2655532,-0.06389433,0.03729418,0.9612535
-0.2602087,-0.06417246,0.03591642,0.9627478
-0.2612704,-0.06411359,0.03621038,0.9624531
-0.2264097,-0.06473748,0.0272083,0.9714975
-0.2087962,-0.06422619,0.02267685,0.9755844
-0.2180485,-0.06456091,0.0250622,0.9734777
-0.2144491,-0.06444865,0.0241338,0.9743077
-0.2167276,-0.06452207,0.02472232,0.9737839
-0.2245913,-0.06470728,0.02674865,0.9719343
-0.2306948,-0.0647758,0.02832082,0.9704545
-0.2398838,-0.06475464,0.0306874,0.9681534
-0.2542667,-0.0644186,0.03439034,0.9643735
-0.2565404,-0.06433344,0.03497049,0.9637558
-0.2710273,-0.06355779,0.03869957,0.9596911
-0.2895221,-0.06200936,0.04345883,0.9541715
-0.2971419,-0.06118764,0.04541911,0.9517877
-0.3072276,-0.05992767,0.04802468,0.9485323
-0.3150345,-0.05882413,0.05003553,0.9459331
-0.3071015,-0.05994627,0.04798899,0.9485738
-0.2991318,-0.06095375,0.04593399,0.9511545
-0.2923214,-0.06172209,0.0441745,0.9533033
-0.2665199,-0.06383973,0.03754003,0.9609798
-0.2413754,-0.06473503,0.03107747,0.9677714
-0.2035401,-0.06396872,0.02132615,0.9767418
-0.1754218,-0.06179377,0.01404447,0.9824518
-0.1656554,-0.06072428,0.01150885,0.9842451
-0.1558508,-0.05949006,0.008958658,0.9859469
-0.1556605,-0.05946445,0.008909188,0.9859789
-0.1638511,-0.06050924,0.01103966,0.9845657
-0.1795048,-0.0621933,0.01510205,0.9816731
-0.1984203,-0.06367455,0.01999631,0.977842
-0.2149337,-0.0644649,0.02425885,0.9741967
-0.2279553,-0.06475309,0.02761546,0.9711235
-0.237496,-0.06477478,0.030072,0.9687599
-0.2574255,-0.0642975,0.0351969,0.9635139
-0.2525073,-0.06447885,0.03393984,0.9648474
-0.2629535,-0.06403267,0.03663272,0.961984
-0.2617502,-0.06409784,0.03631304,0.9623199
-0.247545,-0.06462127,0.03266163,0.966167
-0.2263452,-0.06473464,0.027197,0.971513
-0.2033935,-0.06396177,0.02128311,0.9767738
-0.1801679,-0.06225555,0.01527383,0.981545
-0.1726655,-0.06150828,0.01332838,0.9829678
-0.1660069,-0.06076544,0.01160047,0.9841823
-0.1583555,-0.05982073,0.009608569,0.9855216
-0.1396095,-0.05709536,0.004725189,0.9885479
-0.1363769,-0.05656708,0.003877909,0.9890331
-0.1504314,-0.05874,0.007549024,0.986845
-0.1956314,-0.06349041,0.01929761,0.9784299
-0.2183195,-0.06456847,0.02513206,0.9734145
-0.2139146,-0.0644302,0.0239951,0.9744299
-0.2207678,-0.06463065,0.02576489,0.9728415
-0.2499491,-0.06455646,0.03328476,0.965531
-0.2670741,-0.06380703,0.03768265,0.9608226
-0.2728916,-0.06342915,0.0391817,0.9591516
-0.2834173,-0.06259195,0.04188401,0.9560348
-0.2957101,-0.06135315,0.04504553,0.9522407
-0.3314356,-0.05612149,0.0542741,0.9402421
-0.3535109,-0.0516523,0.06000438,0.9320738
-0.3671532,-0.04841465,0.06354702,0.9267235
-0.3509096,-0.05222932,0.05932735,0.9330674
-0.3375619,-0.05497813,0.05586043,0.9380347
-0.3164451,-0.05861013,0.0504032,0.945456
-0.2797243,-0.06290244,0.04095056,0.9571419
-0.2458253,-0.064662,0.03221428,0.9666184
-0.2197822,-0.0646071,0.02550908,0.9730729
-0.1985617,-0.06368411,0.02003005,0.9778121
-0.1959197,-0.06351375,0.01935076,0.9783695
-0.1973298,-0.06360622,0.01971292,0.9780728
-0.2104238,-0.06429608,0.02309561,0.9752202
-0.2240442,-0.06469808,0.02660704,0.972065
-0.2426893,-0.06471676,0.03141403,0.967433
-0.2605375,-0.06415812,0.03599808,0.9626568
-0.280876,-0.06281177,0.0412337,0.9567984
-0.3175529,-0.05842695,0.050714,0.9450791
-0.3642537,-0.04913836,0.06278516,0.9278808
-0.3738237,-0.04668908,0.06529257,0.9240201
-0.3662436,-0.04863895,0.06331538,0.9270874
-0.3452992,-0.05343308,0.05785982,0.9351822
-0.3196513,-0.05810264,0.05125128,0.9443625
-0.2844171,-0.06249902,0.04214709,0.9557324
-0.2679358,-0.06375524,0.03790423,0.9605774
-0.2569291,-0.06431716,0.0350718,0.9636497
-0.2539443,-0.06443128,0.03430466,0.9644606
-0.2509097,-0.06453127,0.03352379,0.9652752
-0.256848,-0.06432009,0.03505191,0.9636718
-0.2518003,-0.06450368,0.03375281,0.9650372
-0.2763575,-0.06316776,0.04009031,0.9581383
-0.280947,-0.06280539,0.04125284,0.9567772
-0.2764198,-0.06317145,0.04008699,0.9581203
-0.2772667,-0.06310606,0.04030457,0.9578707
-0.293575,-0.06158175,0.04450992,0.9529114
-0.3140842,-0.05896399,0.04979181,0.9462532
-0.3147526,-0.05886608,0.04996272,0.9460281
-0.309738,-0.05956165,0.0487157,0.9477032
-0.3272723,-0.05683326,0.05323887,0.9417157
-0.3333946,-0.05579899,0.05471351,0.9395429
-0.2423445,-0.06472399,0.03131976,0.967522
-0.2200323,-0.06461352,0.02557274,0.9730143
-0.2258412,-0.06472542,0.02707442,0.9716343
-0.2073274,-0.06415945,0.02229748,0.9759107
-0.195287,-0.06347148,0.01918659,0.978502
-0.1832827,-0.06253804,0.01608022,0.9809374
-0.1787444,-0.06212117,0.01490457,0.9818193
-0.177605,-0.06201112,0.01460879,0.9820375
-0.1872995,-0.06287771,0.01712057,0.9801388
-0.2039565,-0.06399277,0.02142372,0.9766513
-0.2010824,-0.06383389,0.02068416,0.9772733
-0.200926,-0.0638248,0.02064372,0.977307
-0.2019901,-0.06388543,0.02091856,0.9770778
-0.2117543,-0.06434954,0.0234391,0.9749204
-0.2259427,-0.06472949,0.0270925,0.97161
-0.2512749,-0.06452637,0.03360333,0.9651778
-0.3041383,-0.0603349,0.04722478,0.9495417
-0.3283201,-0.05667859,0.05346138,0.9413476
-0.3187588,-0.05825441,0.05099969,0.9446683
-0.2970212,-0.06119813,0.04539509,0.9518259
-0.2995855,-0.06089947,0.04605138,0.9510095
-0.2971769,-0.06118129,0.04543294,0.9517766
-0.288651,-0.06209676,0.04323407,0.9544399
-0.289858,-0.06197511,0.04354586,0.9540677
-0.2898394,-0.06197711,0.04354091,0.9540734
-0.2889746,-0.06206419,0.04331823,0.9543402
-0.294157,-0.06152121,0.04465365,0.9527291
-0.3026622,-0.06052229,0.04684428,0.9500201
-0.3107269,-0.05944838,0.04892388,0.9473758
-0.3183446,-0.05832075,0.05088948,0.9448099
-0.3151335,-0.05880865,0.05006244,0.9458996
-0.3195964,-0.05812412,0.05121413,0.9443816
-0.3094087,-0.05963241,0.04858385,0.9478131
-0.2806813,-0.06282718,0.0411862,0.9568566
-0.2937125,-0.06156971,0.04453925,0.9528685
-0.2727931,-0.06343938,0.03914807,0.9591803
-0.2399139,-0.06475469,0.03069434,0.9681456
-0.2320275,-0.06478246,0.02866299,0.9701262
-0.2261247,-0.06472939,0.02714815,0.9715661
-0.2270754,-0.06474266,0.02738998,0.9713367
-0.227231,-0.06474501,0.0274286,0.9712991
-0.2111944,-0.06432802,0.023292,0.9750468
-0.2137592,-0.06442461,0.02395529,0.9744653
-0.2241631,-0.06469939,0.02664023,0.9720367
-0.2270572,-0.06474289,0.02738386,0.971341
-0.2217848,-0.06465395,0.02602454,0.9726018
-0.2278932,-0.06475071,0.0276052,0.9711385
-0.2356277,-0.06478352,0.02959029,0.9692302
-0.2388374,-0.06476491,0.03041728,0.9684198
-0.250599,-0.06454056,0.03344353,0.9653581
-0.2638946,-0.06398647,0.0368659,0.9617205
-0.2810327,-0.06279829,0.04127449,0.9567515
-0.2964857,-0.06126151,0.04525273,0.9519956
-0.304521,-0.06028607,0.04732248,0.9494172
-0.3203669,-0.0579984,0.0514197,0.9441171
-0.3398045,-0.05454078,0.05644234,0.9372153
-0.3349299,-0.05547836,0.05517868,0.9389885
-0.3460174,-0.05327955,0.05805245,0.9349135
-0.3480254,-0.05285532,0.05857383,0.9341594
-0.3395251,-0.05459687,0.05636784,0.9373177
-0.3230751,-0.05756402,0.05211211,0.9431825
-0.3120271,-0.05926443,0.04925788,0.9469427
-0.3042993,-0.06031264,0.04726938,0.9494893
-0.2980396,-0.06108312,0.04565113,0.9515026
-0.2851315,-0.06243411,0.042329,0.9555156
-0.2718783,-0.06350116,0.03891651,0.9594452
-0.2668924,-0.06381682,0.03763838,0.9608742
-0.2571468,-0.06430776,0.03512885,0.9635901
-0.2552307,-0.06438392,0.03463581,0.9641123
-0.2597531,-0.06419321,0.0358005,0.9628738
-0.2664438,-0.06384478,0.03751933,0.9610015
-0.2721868,-0.06347896,0.03899854,0.959356
-0.2796648,-0.06291313,0.04092205,0.9571598
-0.2708844,-0.06356705,0.03866335,0.9597323
-0.2629496,-0.06403711,0.03662104,0.9619853
-0.2623105,-0.06406976,0.03645701,0.9621638
-0.2589946,-0.06422809,0.03560417,0.963083
-0.261958,-0.06408695,0.03636799,0.9622621
-0.2755116,-0.06324136,0.03985088,0.958387
-0.2944221,-0.06149076,0.04472484,0.9526458
-0.3094473,-0.05962699,0.04859376,0.9478005
-0.3269237,-0.05691818,0.05310424,0.9418393
-0.3298527,-0.05640522,0.05386404,0.9408051
-0.3364272,-0.05519494,0.05556732,0.9384468
-0.3377162,-0.05494842,0.05590038,0.9379785
-0.3404995,-0.05440411,0.05662134,0.9369602
-0.335412,-0.05538665,0.0553054,0.9388144
-0.3256694,-0.05713115,0.05278218,0.9422789
-0.3160254,-0.05867559,0.05029127,0.9455982
-0.3049878,-0.06022578,0.04744255,0.9492652
-0.298316,-0.06104966,0.04572483,0.9514146
-0.2877607,-0.06218427,0.04300503,0.9547133
-0.2734299,-0.06339221,0.03931767,0.9589951
-0.272266,-0.06347369,0.03901827,0.959333
-0.2730761,-0.06341708,0.0392271,0.959098
-0.2753198,-0.06325483,0.03980334,0.9584433
-0.2826574,-0.06265773,0.04169223,0.9562639
-0.2852637,-0.06242196,0.04236277,0.9554756
-0.2909375,-0.06186344,0.04382599,0.9537334
-0.2988288,-0.06098953,0.04585633,0.9512512
-0.2991177,-0.06095516,0.04593083,0.951159
-0.2887516,-0.06208694,0.0432597,0.9544089
-0.2936741,-0.0615737,0.04452956,0.9528805
-0.3012998,-0.06069173,0.04649257,0.9504595
-0.3108611,-0.05942947,0.04895851,0.9473313
-0.3168337,-0.05855327,0.05049943,0.9453241
-0.3189159,-0.05823112,0.05103799,0.9446147
-0.3268608,-0.05692733,0.05309122,0.9418613
-0.3302606,-0.05633233,0.0539701,0.9406603
-0.3260933,-0.05705884,0.05289223,0.9421305
-0.3149319,-0.05883799,0.05001184,0.9459677
-0.3032198,-0.06045178,0.0469882,0.9498397
-0.3018132,-0.06062811,0.04662543,0.9502943
-0.308855,-0.05970859,0.04844115,0.9479963
-0.3020264,-0.06060178,0.04668013,0.9502255
-0.3018034,-0.0606292,0.04662287,0.9502974
-0.2995307,-0.06090604,0.04603723,0.951027
-0.300307,-0.06081072,0.04624109,0.9507784
-0.317337,-0.05847599,0.05062991,0.9451532
-0.3223831,-0.05767794,0.05193226,0.9434222
-0.3139898,-0.05897893,0.04976581,0.9462849
-0.3139185,-0.05898925,0.04974749,0.946309
-0.3149535,-0.05883649,0.05001403,0.9459605
-0.3209188,-0.0579142,0.05155484,0.9439275
-0.3318401,-0.05604827,0.05437877,0.9400977
-0.3281782,-0.05669858,0.05343319,0.9413975
-0.3389555,-0.0547086,0.05622009,0.9375262
-0.3478106,-0.05290107,0.05851816,0.9342402
-0.3610681,-0.04990445,0.06196618,0.9291391
-0.3647109,-0.04901896,0.06291617,0.9276985
-0.3637868,-0.04924536,0.06267627,0.9280656
-0.3722319,-0.0471069,0.06487913,0.9246703
-0.3709766,-0.04743413,0.06455091,0.9251808
-0.3722651,-0.04709659,0.06489009,0.9246566
-0.3654402,-0.04883935,0.0631052,0.9274082
-0.3627086,-0.04950869,0.0623944,0.9284925
-0.3593051,-0.05032314,0.06150708,0.9298302
-0.3493319,-0.052575,0.05891311,0.9336661
-0.3510194,-0.05220504,0.05935624,0.9330257
-0.3540539,-0.05153374,0.06014017,0.9318655
-0.3459359,-0.0532963,0.05803183,0.9349439
-0.3399773,-0.05450743,0.05648598,0.937152
-0.3408268,-0.05433865,0.05670675,0.9368398
-0.3411742,-0.05426954,0.05679658,0.9367118
-0.3437111,-0.05375648,0.05745463,0.9357734
-0.3453233,-0.05342401,0.05787282,0.9351729
-0.3460988,-0.0532622,0.05807414,0.934883
-0.350838,-0.05224758,0.05930448,0.9330948
-0.3594363,-0.05029223,0.0615412,0.9297789
-0.3533045,-0.05170199,0.05994543,0.9321532
-0.3580438,-0.0506128,0.06118831,0.9303219
-0.3603573,-0.05007343,0.06178186,0.9294182
-0.3616497,-0.04976489,0.06211777,0.9289103
-0.3657633,-0.04875876,0.06318992,0.9272791
-0.3664856,-0.04857872,0.0633781,0.9269906
-0.3612142,-0.04986949,0.06200418,0.9290817
-0.3511408,-0.05218115,0.05938343,0.9329796
-0.3480351,-0.05285303,0.05857672,0.9341557
-0.3482255,-0.05281423,0.05862315,0.9340841
-0.3319147,-0.05603206,0.05440274,0.940071
-0.3166127,-0.05858673,0.05044287,0.9453992
-0.3068263,-0.0599784,0.04792719,0.9486639
-0.2910532,-0.06185458,0.04384942,0.9536977
-0.2868588,-0.06227208,0.04277176,0.9549894
-0.2674569,-0.06378422,0.03778104,0.9607138
-0.2681317,-0.06374334,0.03795444,0.9605215
-0.2726558,-0.06344359,0.03912589,0.9592199
-0.2850378,-0.06244479,0.04230046,0.9555442
-0.3054394,-0.0601663,0.04756019,0.9491179
-0.3292184,-0.05652427,0.05368847,0.9410301
-0.3605585,-0.04998876,0.06189143,0.9293375
-0.3960204,-0.04029718,0.07111353,0.9145966
-0.3840675,-0.04386338,0.0679777,0.9197538
-0.3545566,-0.05142022,0.06027136,0.9316722
-0.3330715,-0.05582505,0.05469466,0.9396571
-0.323581,-0.05748064,0.05224269,0.9430069
-0.3175521,-0.058443,0.05068536,0.9450799
-0.2938062,-0.06156117,0.04456004,0.9528392
-0.2710888,-0.06355062,0.03872283,0.9596733
-0.2536308,-0.06444261,0.03422347,0.9645451
-0.2562005,-0.06434625,0.03488529,0.9638485
-0.2637426,-0.06399524,0.03682499,0.9617632
-0.2649341,-0.06393003,0.03713227,0.9614282
-0.2657191,-0.06388675,0.03733221,0.9612066
-0.2518612,-0.06450161,0.03376887,0.9650209
-0.2776502,-0.0630774,0.04039975,0.9577577
-0.2855349,-0.06239722,0.04243143,0.9553931
-0.2813171,-0.06277429,0.04134701,0.9566664
-0.2713448,-0.06353657,0.03878133,0.9595996
-0.2568921,-0.06431887,0.03506173,0.9636598
-0.2564345,-0.06433653,0.0349463,0.9637848
-0.2550471,-0.06439105,0.03458792,0.964162
-0.2651585,-0.06391766,0.03718985,0.9613648
-0.2632885,-0.06401939,0.03670833,0.9618905
-0.2713115,-0.06353888,0.03877257,0.9596091
-0.2902191,-0.06193638,0.04364312,0.953956
-0.29794,-0.06109386,0.04562746,0.9515343
-0.2941754,-0.06151967,0.04465745,0.9527234
-0.294282,-0.06150867,0.0446836,0.95269
-0.2844497,-0.06249566,0.04215603,0.9557225
-0.2753753,-0.0632504,0.03981829,0.958427
-0.2466496,-0.06464428,0.03242587,0.9664024
-0.229053,-0.06476515,0.02789405,0.9708563
-0.2418561,-0.06472881,0.03120061,0.9676477
-0.2309446,-0.06477727,0.02838507,0.9703931
-0.2237209,-0.06469216,0.02652387,0.9721421
-0.2266394,-0.06473758,0.02727604,0.971442
-0.2231796,-0.06468199,0.026385,0.972271
-0.2263869,-0.06473427,0.02721118,0.971503
-0.2134235,-0.06441256,0.02386859,0.9745418
-0.2113943,-0.06433605,0.02334334,0.9750018
-0.1966271,-0.06355909,0.01953946,0.9782209
-0.2051024,-0.06405134,0.02172221,0.9764009
-0.2127796,-0.06438887,0.02370291,0.9746882
-0.221127,-0.06463861,0.02585763,0.972757
-0.228971,-0.06476397,0.02787424,0.9708764
-0.2453744,-0.06467068,0.03209978,0.9667361
-0.2639473,-0.06398451,0.0368774,0.9617057
-0.2841882,-0.06251776,0.04209264,0.9558017
-0.2962568,-0.06128834,0.04519186,0.952068
-0.2872176,-0.06223672,0.04286595,0.9548796
-0.2873982,-0.06221702,0.04291725,0.9548243
-0.2658794,-0.06387893,0.03736974,0.9611614
-0.2389641,-0.06476276,0.03045229,0.9683876
-0.2071034,-0.06414907,0.02223879,0.9759603
-0.205539,-0.06407322,0.02183509,0.9763051
-0.203521,-0.06396922,0.02131319,0.9767461
-0.2109629,-0.06431828,0.02323446,0.975099
-0.2247594,-0.06471014,0.02679172,0.971894
-0.2300458,-0.06477069,0.02815705,0.9706137
-0.2475618,-0.06462206,0.03266251,0.9661626
-0.2578858,-0.06427713,0.03531771,0.9633878
-0.270384,-0.06360027,0.03853408,0.9598764
-0.284338,-0.06250778,0.04212312,0.9557564
-0.280056,-0.06288081,0.04102246,0.9570433
-0.2766243,-0.06315564,0.04013979,0.9580601
-0.2729777,-0.06342418,0.03920142,0.9591265
-0.273308,-0.06340067,0.0392868,0.9590306
-0.2762604,-0.06318402,0.04004516,0.9581673
-0.2828162,-0.06264323,0.04173417,0.956216
-0.2914708,-0.06180904,0.04396104,0.9535679
-0.3008851,-0.06074353,0.0463836,0.9505929
-0.2870292,-0.06224839,0.0428314,0.9549371
-0.267599,-0.06377704,0.03781402,0.9606733
-0.2486367,-0.06459507,0.0329393,0.965879
-0.2304675,-0.06477407,0.02826371,0.9705102
-0.2174788,-0.06454559,0.02491225,0.9736099
-0.2078279,-0.0641822,0.02242779,0.9757997
-0.2065588,-0.06412313,0.02209827,0.9760806
-0.2261924,-0.06473266,0.02715734,0.9715499
-0.2285793,-0.06475943,0.02777616,0.9709718
-0.2322516,-0.06478289,0.02872164,0.9700708
-0.2356732,-0.06478317,0.02960277,0.9692187
-0.2420546,-0.06374058,0.03150098,0.967654
-0.2486972,-0.06459366,0.03295445,0.965863
-0.2502582,-0.06455043,0.03335638,0.9654489
-0.2478157,-0.06461579,0.03272811,0.9660957
-0.2304932,-0.06477544,0.02826628,0.970504
-0.2181519,-0.06456254,0.02509362,0.9734535
-0.2169701,-0.06453068,0.02478048,0.9737277
-0.1971477,-0.06359416,0.01966752,0.9781113
-0.1994917,-0.06374011,0.02027316,0.9776141
-0.1997796,-0.06375738,0.0203476,0.9775526
-0.1983318,-0.06366917,0.01997286,0.9778609
-0.2072372,-0.06415544,0.02227332,0.9759306
-0.2121652,-0.06436488,0.02354733,0.9748275
-0.2227864,-0.06467488,0.0262815,0.9723645
-0.2311322,-0.06477804,0.02843458,0.970347
-0.2376756,-0.06477354,0.03011827,0.9687144
-0.2482665,-0.06460458,0.03284413,0.9659769
-0.2616765,-0.06410105,0.03629521,0.9623404
-0.2747563,-0.06329623,0.03965907,0.9586083
-0.2848992,-0.06245556,0.04226922,0.9555863
-0.2930516,-0.0616408,0.04436962,0.9530753
-0.3023639,-0.06056058,0.04676525,0.9501166
-0.2936546,-0.06157559,0.04452512,0.9528866
-0.2805963,-0.06283538,0.04116175,0.9568821
-0.2670385,-0.06380883,0.03767445,0.9608327
-0.2503091,-0.06454857,0.03337043,0.9654353
-0.2366989,-0.06477925,0.02986679,0.9689609
-0.2448791,-0.06468047,0.0319723,0.9668653
-0.2437996,-0.06469774,0.03170228,0.9671457
-0.2322976,-0.06478317,0.02873326,0.9700595
-0.240318,-0.06475072,0.03079694,0.9680425
-0.2531314,-0.06445964,0.03409564,0.9646797
-0.26768,-0.06377151,0.03783648,0.9606503
-0.2742125,-0.06333593,0.03951917,0.9587671
-0.2858383,-0.06236751,0.04251207,0.9553007
-0.2933537,-0.06160907,0.04444598,0.9529809
-0.2971436,-0.0611865,0.04542168,0.9517871
-0.3069211,-0.05997021,0.04794287,0.948633
-0.326425,-0.05700195,0.05297887,0.9420142
-0.346869,-0.05310024,0.05827401,0.9345942
-0.3356351,-0.05534603,0.05536078,0.9387337
-0.3319855,-0.05602199,0.05441622,0.9400458
-0.3314758,-0.05611461,0.05428385,0.9402277
-0.3400228,-0.05449823,0.05649809,0.9371352
-0.3542291,-0.05149413,0.06018599,0.9317982
-0.3578933,-0.0506542,0.06113914,0.9303809
-0.3635238,-0.04930969,0.06260779,0.9281698
-0.3734228,-0.04679365,0.06519018,0.924184
-0.3605456,-0.05002879,0.06183076,0.9293444
-0.3476964,-0.05292515,0.05848871,0.9342833
-0.339427,-0.05461591,0.05634291,0.9373537
-0.3287376,-0.05660172,0.05357617,0.9412
-0.2994452,-0.06091639,0.04601521,0.9510544
-0.2822553,-0.06269476,0.04158496,0.9563848
-0.2816896,-0.0627428,0.04144159,0.9565547
-0.2696125,-0.06365024,0.03833558,0.960098
-0.2455572,-0.06466599,0.03214977,0.9666883
-0.2272207,-0.06474605,0.02742212,0.9713016
-0.2287396,-0.06476161,0.02781562,0.9709328
-0.2434863,-0.06470577,0.03161387,0.9672271
-0.278186,-0.06303488,0.04053728,0.957599
-0.3049955,-0.06022278,0.04744828,0.9492627
-0.3277115,-0.05677947,0.05331298,0.9415619
-0.3330778,-0.05582219,0.05469908,0.9396547
-0.3339671,-0.05565384,0.05493641,0.9393352
-0.3145124,-0.05890624,0.04989202,0.9461094
-0.2914379,-0.06180812,0.04396161,0.953578
-0.2745172,-0.06331382,0.0395975,0.9586781
-0.3134253,-0.05903143,0.04967461,0.9464736
-0.356419,-0.05101543,0.06072251,0.9309542
-0.3356887,-0.0553368,0.05537244,0.9387144
-0.2975669,-0.06113731,0.04553121,0.9516528
-0.26631,-0.06385297,0.03748418,0.9610394
-0.2565784,-0.06433177,0.03498091,0.9637454
-0.2696728,-0.06364641,0.03835122,0.9600807
-0.2831787,-0.06261153,0.04182637,0.9561068
-0.3079416,-0.05983189,0.04820769,0.9482975
-0.3393005,-0.05463335,0.05632229,0.9373997
-0.3525409,-0.05187357,0.05974467,0.9324455
-0.347136,-0.0530438,0.0583434,0.934494
-0.3176416,-0.05843142,0.05070474,0.9450495
-0.3026668,-0.06052843,0.04683252,0.9500189
-0.3257765,-0.05713315,0.05277902,0.942242
-0.4011779,-0.03865966,0.0724801,0.9123094
-0.4186493,-0.03270439,0.07711072,0.9042772
-0.4005374,-0.03886967,0.07230531,0.9125957
-0.3797063,-0.04509803,0.0668252,0.9215876
-0.3365166,-0.05517837,0.05558961,0.9384145
-0.3302552,-0.05633333,0.0539687,0.9406622
-0.328521,-0.05663988,0.05351979,0.9412765
-0.3243187,-0.05735756,0.05243433,0.9427503
-0.3211147,-0.05788271,0.0516056,0.9438601
-0.3351277,-0.05544124,0.05522983,0.9389172
-0.3489679,-0.0526529,0.05881951,0.9338037
-0.3618039,-0.04972709,0.06215902,0.9288495
-0.3618176,-0.04972442,0.06216155,0.9288442
-0.3747826,-0.04643267,0.0655452,0.9236265
-0.3874604,-0.04287826,0.0688709,0.9183097
-0.394915,-0.04063599,0.07082821,0.9150816
-0.3908621,-0.04187023,0.06976235,0.9168462
-0.3946874,-0.04070593,0.07076864,0.9151812
-0.3915412,-0.0416635,0.06994404,0.9165519
-0.3848343,-0.04364365,0.06817813,0.9194289
-0.3774827,-0.04570349,0.06625222,0.9225121
-0.3692285,-0.04788597,0.06409207,0.9258884
-0.3595856,-0.05025895,0.06157638,0.9297207
-0.3207913,-0.05792261,0.05154353,0.943971
-0.3043287,-0.06031035,0.04727389,0.9494798
-0.2885115,-0.06210961,0.04320037,0.9544827
-0.2784841,-0.06301009,0.04061662,0.9575106
-0.2801918,-0.06286994,0.04105628,0.9570028
-0.2926981,-0.06167933,0.04427719,0.9531857
-0.3063348,-0.06004915,0.04778988,0.9488252
-0.3152357,-0.05879537,0.05008535,0.9458652
-0.3318162,-0.05605242,0.05437303,0.9401063
-0.3537953,-0.05159163,0.06007351,0.9319648
-0.3691525,-0.04790199,0.06407733,0.9259189
-0.384832,-0.04364751,0.06817311,0.91943
-0.4018051,-0.03845355,0.07265064,0.9120284
-0.4137816,-0.03443012,0.07581641,0.9065602
-0.4088034,-0.03614152,0.07449628,0.9088585
-0.4064647,-0.03692766,0.07387631,0.9099259
-0.3963997,-0.04017303,0.07122222,0.9144292
-0.3898213,-0.04218171,0.06948875,0.9172956
-0.3764859,-0.04597564,0.06598936,0.9229248
-0.3798066,-0.0450643,0.06686062,0.9215454
-0.3862533,-0.04323213,0.06855202,0.9188253
-0.3849044,-0.04362299,0.0681973,0.9193991
-0.3728932,-0.04693156,0.06505446,0.9244004
-0.3574803,-0.0507508,0.06103084,0.9305414
-0.3503287,-0.05236,0.05917025,0.9332884
-0.3349018,-0.05548363,0.05517137,0.9389986
-0.3082294,-0.05979083,0.0482864,0.9482026
-0.2879574,-0.06216807,0.04304949,0.9546531
-0.2955088,-0.06137391,0.04499687,0.9523041
-0.3211883,-0.05787089,0.05162465,0.9438347
-0.3416468,-0.05417548,0.05691816,0.9365376
-0.3490926,-0.05262834,0.05884807,0.9337566
-0.3342758,-0.05559764,0.05501435,0.9392241
-0.3312131,-0.0561616,0.05421659,0.9403213
-0.3168623,-0.05854783,0.05050888,0.9453144
-0.2978738,-0.06109959,0.0456144,0.9515553