-0.5142913,-0.5142901,0.4852886,0.4852886
-0.4605484,-0.6971335,0.3905514,0.3864835
-0.4479613,-0.7032838,0.4006988,0.379688
-0.4302762,-0.7109064,0.4068191,0.3794374
-0.4183732,-0.7169564,0.408554,0.3795009
-0.4085045,-0.7209045,0.4099647,0.3812477
-0.3973439,-0.7255548,0.4150438,0.378717
-0.4033357,-0.7198453,0.4187858,0.3791589
-0.4064152,-0.7176437,0.4222548,0.3761851
-0.414491,-0.7116819,0.4268589,0.3734937
-0.4224091,-0.7028172,0.43866,0.3676901
-0.4382618,-0.6894774,0.4515153,0.358722
-0.4377838,-0.6819203,0.4695553,0.3504966
-0.4631287,-0.6637989,0.4724992,0.3487511
-0.4867622,-0.6464406,0.4687531,0.3541861
-0.496817,-0.6372601,0.4632771,0.3639322
-0.5005959,-0.6432238,0.4482823,0.3670284
-0.4982964,-0.6506754,0.435938,0.3718606
-0.4846874,-0.6634868,0.4291563,0.3750843
-0.4592193,-0.684739,0.4236622,0.3751805
-0.4353298,-0.7020956,0.4215236,0.3739886
-0.4098687,-0.7185143,0.4220104,0.3710147
-0.3884968,-0.7327517,0.4232486,0.3646997
-0.3722134,-0.740153,0.4260866,0.3634295
-0.3681677,-0.7465854,0.4199166,0.3615701
-0.3721996,-0.7444198,0.4166869,0.3656209
-0.375128,-0.7437626,0.4150452,0.365833
-0.4016694,-0.7273377,0.4068925,0.3795786
-0.3981673,-0.7336136,0.403263,0.3750371
-0.4099615,-0.726971,0.4006196,0.3780855
-0.413225,-0.7250812,0.3989171,0.3799573
-0.4181758,-0.7211166,0.397856,0.3831846
-0.4144435,-0.7224126,0.3989737,0.3836361
-0.4028281,-0.7267894,0.4040564,0.3824202
-0.3838955,-0.7349215,0.4119529,0.3779013
-0.3594592,-0.7435305,0.4230034,0.3728533
-0.3303938,-0.7525598,0.4359786,0.3666281
-0.3083415,-0.7603942,0.4425673,0.3617465
-0.2917415,-0.7651494,0.4445041,0.3631107
-0.2583706,-0.775726,0.4471381,0.3627138
-0.2461527,-0.7793178,0.445245,0.3658272
-0.2453343,-0.7790794,0.4441449,0.3682141
-0.2485514,-0.7785342,0.4406426,0.3714036
-0.2596346,-0.7754358,0.4326372,0.3796238
-0.2848495,-0.7670128,0.4216177,0.3908844
-0.3142674,-0.7575308,0.409469,0.3996477
-0.3484717,-0.7439866,0.3998342,0.4064285
-0.387781,-0.726782,0.3974021,0.4043333
-0.4154737,-0.7103391,0.3983176,0.4051458
-0.4256768,-0.7033661,0.401682,0.4033944
-0.4249107,-0.7026068,0.4073334,0.3998426
-0.4344809,-0.6943721,0.4089009,0.4023353
-0.4569776,-0.6795948,0.4063562,0.4052123
-0.4697767,-0.6719727,0.4044067,0.4052379
-0.4803212,-0.6647872,0.4019259,0.4071917
-0.4762055,-0.6657397,0.4042385,0.408179
-0.471423,-0.6680725,0.407049,0.4071248
-0.4504057,-0.681134,0.410215,0.4060971
-0.4206956,-0.698926,0.4118333,0.4060924
-0.3840406,-0.720024,0.4145069,0.4028178
-0.3638434,-0.7326559,0.4120821,0.4012748
-0.3312593,-0.7487217,0.4123694,0.399543
-0.2847894,-0.7675725,0.4142905,0.3976065
-0.2478562,-0.7823969,0.4126787,0.3951186
-0.2278384,-0.7904875,0.4121003,0.3916535
-0.2129595,-0.7955892,0.4109737,0.3908793
-0.2010061,-0.7993613,0.4114479,0.3890099
-0.2080016,-0.7985573,0.4070723,0.3915786
-0.2186867,-0.7988865,0.397171,0.3952363
-0.2244735,-0.8002387,0.3869173,0.3994054
-0.2278652,-0.8020411,0.3788766,0.401572
-0.2317804,-0.8028229,0.3742639,0.4020943
-0.2367839,-0.8032726,0.3717718,0.4005897
-0.2238636,-0.8071311,0.3759453,0.3963454
-0.2256498,-0.8072159,0.3734066,0.3975577
-0.2304273,-0.8078199,0.3676176,0.398983
-0.2421869,-0.8087164,0.357348,0.3995318
-0.2277976,-0.8125873,0.3531561,0.4038452
-0.2049949,-0.8168896,0.3540137,0.4066235
-0.1752386,-0.821618,0.3570873,0.4083185
-0.1413278,-0.8252206,0.3617459,0.4100942
-0.09879956,-0.8289837,0.3664978,0.410736
-0.06326406,-0.8305258,0.370796,0.4107735
-0.02753097,-0.8304058,0.3748492,0.4112862
0.005406827,-0.830184,0.3716211,0.4155274
0.02947536,-0.8280458,0.368982,0.4210981
0.03829736,-0.8273618,0.3648683,0.4252963
0.03676781,-0.8294806,0.3565775,0.428325
0.0444719,-0.8294028,0.3533199,0.4304396
0.04285401,-0.8308831,0.3443423,0.4350002
0.03276031,-0.8335737,0.3309432,0.4410877
0.01420966,-0.8364455,0.3201009,0.4446262
-0.003791496,-0.8375648,0.3170001,0.4449514
-0.0298516,-0.8383858,0.3123762,0.4456895
-0.04156242,-0.8380349,0.3142231,0.4441102
-0.05990875,-0.8374966,0.3095271,0.446322
-0.08638418,-0.8365358,0.2987149,0.4511264
-0.1087336,-0.834291,0.2908801,0.4555481
-0.1243462,-0.8314645,0.2902484,0.4571223
-0.1231339,-0.8228436,0.2952933,0.469647
-0.1338612,-0.8129058,0.2987403,0.4816841
-0.1493604,-0.8036803,0.2976445,0.4931501
-0.1251385,-0.8020206,0.3010933,0.5004459
-0.09807784,-0.8011609,0.3137913,0.500057
-0.09336793,-0.7984725,0.3301283,0.4947114
-0.0850095,-0.7990461,0.3409383,0.4879138
-0.08184794,-0.8000275,0.3439488,0.4847227
-0.08353575,-0.8005911,0.351424,0.4780972
-0.08307478,-0.8024258,0.3561606,0.4715517
-0.08116078,-0.8033623,0.3633577,0.4647506
-0.07484718,-0.8070003,0.3664357,0.4570265
-0.07887965,-0.8102769,0.3632525,0.453075
-0.08523525,-0.8111352,0.3672764,0.4471047
-0.09223551,-0.813541,0.3672457,0.4413323
-0.09364925,-0.8161315,0.3661278,0.4371606
-0.1028379,-0.8186249,0.3631045,0.4329352
-0.1138681,-0.820827,0.3587507,0.4296218
-0.1302553,-0.8204944,0.3536332,0.4298443
-0.1509992,-0.818655,0.3493615,0.430058
-0.165825,-0.8158141,0.3547702,0.4255436
-0.1816681,-0.813395,0.3594062,0.4197767
-0.1992892,-0.8094571,0.3629012,0.4163722
-0.2016459,-0.8082348,0.367619,0.4134632
-0.2133493,-0.8089736,0.3617857,0.4112846
-0.1996619,-0.8144313,0.3647365,0.4047271
-0.1827091,-0.8158945,0.3732105,0.4020541
-0.1493478,-0.8174497,0.3912087,0.3955083
-0.1125358,-0.8164043,0.4131026,0.3875125
-0.07400146,-0.8141891,0.4350611,0.377282
-0.05124973,-0.8125874,0.4470539,0.3704294
-0.0214863,-0.8096616,0.4524126,0.3732417
0.007998854,-0.8062217,0.4576294,0.3748575
0.02228111,-0.8035253,0.4621739,0.3744941
0.01871665,-0.8039023,0.4632982,0.3724855
0.01823573,-0.8038153,0.4645727,0.3711074
0.005980298,-0.8058617,0.4590051,0.3739861
-0.01216128,-0.8083973,0.452874,0.375834
-0.04077309,-0.8121744,0.4433195,0.3770651
-0.07115868,-0.8161611,0.4283675,0.3812072
-0.07824968,-0.8171319,0.4194954,0.3875512
-0.1053348,-0.8149185,0.4000972,0.4058752
-0.109342,-0.8184605,0.38401,0.4131624
-0.1372578,-0.8136066,0.3619419,0.4338233
-0.1435927,-0.8143883,0.3490396,0.4408222
-0.1551261,-0.8100264,0.3376538,0.4536332
-0.1490574,-0.8077974,0.3322017,0.4635594
-0.1338114,-0.8050846,0.3304394,0.4740707
-0.1003008,-0.8048744,0.3318605,0.4816487
-0.06071039,-0.8039698,0.3305574,0.4905902
-0.02407309,-0.8024039,0.3228827,0.5013136
0.01903664,-0.7977282,0.3153297,0.5136482
0.06507169,-0.7918843,0.3099651,0.5221174
0.08746015,-0.787841,0.3041099,0.5283695
0.1060359,-0.7829148,0.2971209,0.5362089
0.1116713,-0.782937,0.2942924,0.536592
0.1193554,-0.7811531,0.2927265,0.5383914
0.1042611,-0.7836728,0.2873549,0.5407529
0.07274321,-0.7888901,0.2789069,0.5427448
0.04242951,-0.7948553,0.2716512,0.5409349
-0.01378677,-0.7990285,0.2638088,0.5401558
-0.05212751,-0.802274,0.2594803,0.5350785
-0.08302229,-0.802335,0.2512375,0.5350194
-0.1082457,-0.804157,0.2414,0.5322974
-0.1288009,-0.8063896,0.2266791,0.5308133
-0.1495256,-0.806805,0.2096142,0.5317609
-0.1265611,-0.8115711,0.1971,0.5352441
-0.1307852,-0.8113256,0.1860246,0.5385544
-0.07560834,-0.8164254,0.1833271,0.542332
-0.02921101,-0.8181289,0.1793551,0.5455671
0.01939104,-0.816017,0.1735125,0.5510296
0.05351006,-0.8130916,0.165936,0.5554134
0.08695625,-0.808545,0.1602056,0.5594889
0.1067818,-0.8060129,0.1523622,0.5618954
0.1399071,-0.8000271,0.1478525,0.5643778
0.1573516,-0.7961286,0.1486158,0.5650956
0.1705936,-0.7937514,0.1492929,0.5644185
0.1819799,-0.7914109,0.1529842,0.5631589
0.1932886,-0.7895523,0.1559759,0.5611758
0.1864326,-0.7934683,0.1571432,0.5576352
0.1806821,-0.7988699,0.15897,0.5512617
0.1789849,-0.8031955,0.1568316,0.5461184
0.1657564,-0.8101894,0.1521351,0.5412697
0.1626486,-0.8143171,0.1438624,0.538272
0.1557273,-0.8196952,0.1377936,0.5337244
0.1543855,-0.8218101,0.1289946,0.5330606
0.1617855,-0.8203863,0.1237613,0.5342985
0.1893085,-0.8126343,0.1238692,0.5370699
0.2300816,-0.8019042,0.1310727,0.5355672
0.2517814,-0.795146,0.1296359,0.5362308
0.2744099,-0.7880272,0.1212221,0.5376036
0.2985133,-0.7798927,0.1216088,0.5365337
0.3192672,-0.7703122,0.1329587,0.5357327
0.3226061,-0.7675623,0.146322,0.5341941
0.312457,-0.771843,0.1533676,0.5320783
0.3031472,-0.7766939,0.1591453,0.5286976
0.2881764,-0.7833258,0.1611373,0.5266781
0.2651316,-0.7925429,0.1644614,0.5239592
0.2439471,-0.8016241,0.1673628,0.5194981
0.2292445,-0.8068427,0.1625987,0.5196282
0.2179991,-0.811909,0.1515962,0.5199026
0.2178257,-0.8130043,0.1402931,0.5214346
0.2473381,-0.8025541,0.1415151,0.5241224
0.2761164,-0.7890036,0.1456141,0.5291781
0.2988979,-0.7752894,0.1486818,0.5361717
0.325228,-0.7596875,0.1518757,0.5422504
0.3596883,-0.7368525,0.1533452,0.5515052
0.3701659,-0.7290034,0.1569613,0.5539805
0.3874207,-0.7167596,0.1608244,0.5570425
0.4006799,-0.7067127,0.1651436,0.5592319
0.4021851,-0.7043026,0.1651793,0.5611779
0.3985142,-0.7056464,0.162951,0.5627579
0.3873752,-0.7129664,0.159806,0.5622112
0.3659196,-0.7258297,0.1542763,0.5616698
0.3447529,-0.7378106,0.1514751,0.5602108
0.3159257,-0.7527941,0.1512832,0.5573198
0.2900316,-0.7645071,0.1538783,0.5547361
0.2780651,-0.7690645,0.1592551,0.5530437
0.2494912,-0.7812796,0.1600896,0.5492975
0.2300128,-0.7885365,0.1600542,0.5474366
0.2208328,-0.7882175,0.159584,0.5517961
0.2290034,-0.7810488,0.1650218,0.5570349
0.2382409,-0.7731386,0.1711867,0.5623106
0.2507101,-0.7627852,0.1790044,0.5685601
0.259653,-0.7530092,0.189539,0.5741362
0.2717965,-0.743257,0.1915031,0.5805362
0.2910435,-0.7320313,0.1960366,0.5839464
0.2879145,-0.732443,0.2011979,0.5832254
0.2797348,-0.7341374,0.2047885,0.5838256
0.2521922,-0.7454144,0.1988402,0.5841395
0.2384337,-0.7520117,0.195549,0.5825704
0.2028665,-0.7642108,0.1876809,0.5827545
0.1589326,-0.7770795,0.1854346,0.5800878
0.1207544,-0.7868243,0.1926972,0.5737541
0.09660217,-0.7932262,0.2042392,0.5654613
0.06203861,-0.7993373,0.2059123,0.5610803
0.03891666,-0.803153,0.1994066,0.5600606
0.01199391,-0.8082035,0.1844902,0.5591303
0.009095676,-0.8091521,0.1727594,0.5615551
0.03070941,-0.8093701,0.1707753,0.5610818
0.07491668,-0.8055065,0.1732976,0.561707
0.1218066,-0.797501,0.1790471,0.5631139
0.1486963,-0.7916897,0.1838384,0.5633117
0.1636755,-0.7882008,0.1844715,0.563844
0.1802938,-0.7843247,0.1856297,0.5638001
0.2015162,-0.7781739,0.1862435,0.5649335
0.2260945,-0.7692195,0.1986188,0.5636782
0.2268987,-0.7683594,0.206347,0.561749
0.2190385,-0.7712202,0.2045912,0.5615907
0.2013187,-0.7779161,0.2030901,0.5595282
0.1782944,-0.7847958,0.201663,0.5582461
0.1643084,-0.7872325,0.2075711,0.5569399
0.1597214,-0.7852511,0.2252086,0.5542119
0.1408443,-0.7870347,0.2486836,0.5467135
0.1399207,-0.783639,0.2651379,0.54409
0.1260858,-0.7871708,0.266118,0.5418909
0.1249098,-0.7887223,0.2618499,0.5419866
0.1176451,-0.7911726,0.2556909,0.5429804
0.116284,-0.7917713,0.2533424,0.5435017
0.1365931,-0.78566,0.2576472,0.5456176
0.1531933,-0.7780913,0.2632787,0.5493544
0.1794308,-0.7680903,0.268747,0.5528263
0.2011232,-0.7596052,0.2720993,0.555438
0.2179303,-0.7548065,0.2678228,0.5577137
0.2281613,-0.7545614,0.2611559,0.557115
0.2289036,-0.7578177,0.2556243,0.5549518
0.210304,-0.7663005,0.2492797,0.553548
0.1933099,-0.7725149,0.2427189,0.5540212
0.1723216,-0.779952,0.2368987,0.5530454
0.1388485,-0.7888404,0.2277365,0.553704
0.07923099,-0.7997259,0.2134084,0.5555339
0.02804427,-0.8059795,0.2008247,0.5561293
-0.01086818,-0.8086646,0.1959913,0.5545546
-0.04522005,-0.8095152,0.1962084,0.5514911
-0.06537552,-0.8108109,0.1955353,0.5477933
-0.09099405,-0.8106872,0.1916341,0.5456946
-0.1130553,-0.8112352,0.1817445,0.5441369
-0.1351193,-0.8085692,0.1718075,0.5462975
-0.1302686,-0.8107359,0.1676601,0.5455525
-0.1201979,-0.8132737,0.1642309,0.5451298
-0.1141652,-0.817387,0.1583458,0.542007
-0.1095096,-0.8209733,0.1528622,0.5391136
-0.09627748,-0.8244594,0.1485986,0.5375091
-0.07483104,-0.8284861,0.1489697,0.5346205
-0.0729887,-0.8296385,0.1472581,0.5335612
-0.06113659,-0.8309161,0.1496574,0.5323941
-0.05345142,-0.8308187,0.150815,0.533046
-0.0469356,-0.8304716,0.1547399,0.5330755
-0.04467893,-0.8292724,0.1589939,0.5338839
-0.04161742,-0.8279595,0.1647867,0.5344122
-0.04413248,-0.8257306,0.1685687,0.5364755
-0.05279837,-0.8226042,0.170894,0.5397499
-0.06933405,-0.8198442,0.1717696,0.5417966
-0.07040694,-0.818871,0.170798,0.5434347
-0.06731419,-0.819084,0.1689585,0.5440803
-0.05446195,-0.8194903,0.164255,0.5463422
-0.04874425,-0.8198892,0.155402,0.5488678
-0.04227922,-0.8186642,0.1503554,0.5526254
-0.0238843,-0.8177277,0.1499984,0.5552039
-0.01165394,-0.8141229,0.1503429,0.5607719
0.03346047,-0.8092682,0.1588601,0.5645608
0.0834229,-0.8008682,0.167468,0.5688632
0.1336384,-0.789404,0.1732148,0.5735666
0.1767589,-0.77723,0.1749605,0.5779781
0.2498121,-0.7522975,0.1763886,0.5835491
0.2851839,-0.7350627,0.1780458,0.5887722
0.3146673,-0.7184317,0.1817659,0.5931285
0.333007,-0.7061805,0.1867352,0.5962763
0.3344252,-0.7037752,0.1890011,0.597611
0.336455,-0.7040017,0.1885895,0.5963334
0.317901,-0.7162987,0.1830084,0.5936019
0.3093964,-0.7238,0.1748956,0.591438
0.2804329,-0.7414987,0.1655354,0.5866305
0.2654926,-0.7509258,0.1561872,0.5841487
0.2385587,-0.7622311,0.1445837,0.5841138
0.2336615,-0.7647855,0.1343315,0.5852013
0.239286,-0.7641956,0.1249572,0.5857757
0.2345955,-0.7679791,0.1088809,0.5859333
0.2469209,-0.767498,0.09724145,0.5835418
0.2459458,-0.7685336,0.08838003,0.5839999
0.2484748,-0.7696416,0.08261993,0.5823109
0.2458255,-0.7729236,0.08206407,0.5791584
0.254034,-0.7717592,0.08895799,0.5761431
0.2598583,-0.768213,0.106586,0.575293
0.2643187,-0.7635009,0.125071,0.5758117
0.2708075,-0.7589161,0.1353472,0.5765334
0.2667051,-0.7621748,0.1347515,0.5742822
0.2670148,-0.7648513,0.1379167,0.5698108
0.2677312,-0.7674632,0.1329496,0.5671371
0.2574919,-0.7753827,0.1260904,0.5626551
0.2438184,-0.7818518,0.1172986,0.561695
0.2427416,-0.7816809,0.1205054,0.5617206
0.2351031,-0.7828746,0.1270429,0.5618665
0.2392149,-0.7808208,0.1403162,0.5598273
0.2386493,-0.7803092,0.1450318,0.5595801
0.2410501,-0.7797821,0.1554942,0.5564677
0.2423622,-0.7770929,0.1645765,0.5570474
0.2359182,-0.7781097,0.1688068,0.5571285
0.235324,-0.7782381,0.1743393,0.5554944
0.2368668,-0.7787717,0.1760601,0.5535444
0.2288494,-0.7820261,0.17484,0.5527153
0.2374416,-0.7802233,0.1730347,0.5522066
0.2461428,-0.7766524,0.1821854,0.5504847
0.2439622,-0.7764425,0.1771181,0.5533972
0.2464144,-0.7764323,0.1725174,0.5537785
0.2494691,-0.7763082,0.1668375,0.5543248
0.249171,-0.7770686,0.1611163,0.5550855
0.25776,-0.7715446,0.1613914,0.558777
0.2409832,-0.77345,0.1583831,0.5644617
0.218999,-0.7778701,0.1541846,0.5684934
0.2161698,-0.7783242,0.1529038,0.5692999
0.2271683,-0.7714047,0.1528228,0.5744341
0.2222742,-0.7698162,0.1589124,0.5768223
0.1952667,-0.7765429,0.160255,0.5772092
0.1889974,-0.7776456,0.1643049,0.5766724
0.1932373,-0.7749311,0.1751743,0.5757214
0.1880006,-0.7770898,0.1835929,0.5719098
0.1775821,-0.7844309,0.184985,0.5647242
0.175326,-0.7886131,0.1873196,0.5588037
0.1761128,-0.7920583,0.186528,0.5539272
0.1752383,-0.7960852,0.1903601,0.5470858
0.1818504,-0.7971991,0.196536,0.5410894
0.1971628,-0.7929097,0.2065658,0.5382859
0.2104169,-0.7893443,0.2178966,0.5340239
0.2111158,-0.788568,0.2276828,0.5308021
0.2251188,-0.7841592,0.2266466,0.5320217
0.2289447,-0.7838709,0.2209029,0.5332285
0.232817,-0.7837739,0.2135078,0.5347046
0.2311908,-0.7829825,0.2112338,0.5374658
0.2398245,-0.7797412,0.2118566,0.5381492
0.2199361,-0.7856343,0.2150867,0.5367908
0.1970675,-0.7905298,0.2082888,0.5411496
0.1604228,-0.7989321,0.1941767,0.5461386
0.122919,-0.8062679,0.1774435,0.5507603
0.1018886,-0.8109856,0.1667372,0.5514704
0.1141658,-0.8088318,0.1728951,0.5503313
0.09759518,-0.809369,0.1779511,0.5511174
0.08893755,-0.8094695,0.1788374,0.5521471
0.08314718,-0.8115592,0.1830685,0.5485839
0.0851137,-0.8146974,0.1900045,0.5412227
0.09069232,-0.8141271,0.1989539,0.537949
0.0983767,-0.8132219,0.2111081,0.5333155
0.1040392,-0.8124139,0.2158918,0.5315546
0.1106214,-0.8119952,0.2141956,0.5315515
0.1289129,-0.8090744,0.2214597,0.5289004
0.1428904,-0.8069043,0.2284462,0.5256426
0.1539104,-0.803319,0.2300102,0.5273381
0.1714235,-0.7992694,0.228988,0.5285328
0.1806258,-0.7969543,0.2246525,0.5308195
0.1835576,-0.7966568,0.2178054,0.5331092
0.1783748,-0.7989681,0.2084688,0.5351384
0.1701333,-0.800898,0.1998888,0.5382022
0.1584438,-0.8029991,0.196869,0.5397503
0.1236731,-0.8048223,0.1901553,0.5484586
0.07635012,-0.8109928,0.1802851,0.5513244
0.03877899,-0.8153578,0.1676532,0.5527931
0.0490586,-0.8183328,0.1704894,0.5466791
0.0406121,-0.8182132,0.183401,0.5433617
0.02118839,-0.8201687,0.1940488,0.5377913
0.01729029,-0.821967,0.2043858,0.5313171
0.02252875,-0.8242578,0.2192332,0.5215632
0.01451742,-0.8244202,0.2316666,0.5161892
0.002984218,-0.8260542,0.2389438,0.5104228
-0.002097666,-0.8265986,0.2402912,0.508911
-0.01357818,-0.827508,0.2456526,0.5046789
-0.01432057,-0.8279842,0.2510434,0.5012128
-0.02212939,-0.8283728,0.2573982,0.4970462
-0.01750006,-0.826538,0.2646338,0.4964853
-0.01961175,-0.8248339,0.2697067,0.4965106
-0.02932802,-0.8236303,0.2724646,0.4965239
-0.03360777,-0.8227171,0.2808329,0.4930923
-0.04658844,-0.8213504,0.2934151,0.4869502
-0.05875355,-0.819763,0.3148773,0.4747513
-0.07401276,-0.8199796,0.3281012,0.463147
-0.09922519,-0.8201294,0.3492331,0.4422424
-0.1154768,-0.8193287,0.3675312,0.4246017
-0.1374518,-0.8181485,0.3791635,0.4098475
-0.1693251,-0.8164416,0.3809448,0.3995412
-0.1988563,-0.8151366,0.3792319,0.3901175
-0.2111239,-0.8126924,0.3784357,0.3895437
-0.21267,-0.8110625,0.3852546,0.3853935
-0.2156517,-0.8103597,0.3916262,0.3787353
-0.215302,-0.8091331,0.3945813,0.3784894
-0.2158805,-0.8060625,0.3968319,0.3823393
-0.2158976,-0.8020529,0.3977056,0.3897816
-0.2182159,-0.7979534,0.3994837,0.3950503
-0.2259842,-0.7917923,0.4011296,0.4013615
-0.2159137,-0.7872803,0.4144366,0.4022604
-0.2248184,-0.7827168,0.42129,0.3991564
-0.2217726,-0.7745631,0.4403735,0.3961568
-0.2254152,-0.7686822,0.4561229,0.3876435
-0.2485656,-0.7626421,0.4607943,0.3798167
-0.2689318,-0.7585399,0.4667358,0.366675
-0.273886,-0.7536529,0.4836605,0.3508081
-0.2858974,-0.7504865,0.491695,0.3365542
-0.2925683,-0.7489018,0.5002733,0.3213665
-0.30119,-0.747277,0.5028876,0.3129947
-0.3038086,-0.7476676,0.5033735,0.3087211
-0.31064,-0.7450683,0.5047664,0.3059199
-0.3002298,-0.75025,0.5048135,0.3035626
-0.2844249,-0.7557042,0.5090065,0.2982048
-0.2784564,-0.7588918,0.5094032,0.2950485
-0.254043,-0.7662867,0.5109481,0.2952944
-0.2391496,-0.7731829,0.5045201,0.3007575
-0.2225415,-0.7781203,0.5045152,0.3007796
-0.2112357,-0.7806996,0.5081416,0.2961074
-0.215743,-0.7806086,0.5104837,0.2889837
-0.2310844,-0.7779622,0.5115967,0.2822118
-0.2468523,-0.7742734,0.5137678,0.2749676
-0.2823399,-0.7679417,0.5088202,0.2676786
-0.3198749,-0.7600083,0.5029328,0.2590868
-0.3468298,-0.7537428,0.5001803,0.2477915
-0.3732881,-0.7467471,0.4952418,0.2403337
-0.3853068,-0.7446945,0.4911424,0.23611
-0.3923133,-0.7443805,0.4879867,0.2320711
-0.385222,-0.7482467,0.4893995,0.2285153
-0.3704039,-0.7537006,0.4940271,0.2251081
-0.3623395,-0.7575742,0.4947574,0.2236213
-0.3444607,-0.763235,0.4990737,0.2230347
-0.3300007,-0.7680798,0.5004125,0.2252563
-0.3129436,-0.772546,0.5031683,0.228168
-0.2933393,-0.7754296,0.5084082,0.2327707
-0.2834975,-0.7763724,0.5124077,0.2330526
-0.2798867,-0.7752754,0.5166286,0.2317461
-0.2813031,-0.7742862,0.519768,0.2262534
-0.282198,-0.7746232,0.5223129,0.2179737
-0.2702417,-0.7752928,0.5274148,0.2184585
-0.2661104,-0.775564,0.5305845,0.2148625
-0.2656234,-0.7760708,0.5327682,0.2081257
-0.277609,-0.7743825,0.5290011,0.2083815
-0.2845894,-0.7737727,0.5245739,0.2123839
-0.289218,-0.7741578,0.5188003,0.2188127
-0.2966119,-0.7731116,0.5119157,0.2286095
-0.3156786,-0.7689633,0.5014783,0.2399207
-0.3143013,-0.7679489,0.4985954,0.2507427
-0.3185596,-0.7654794,0.4942886,0.2612275
-0.3201045,-0.761904,0.4929487,0.2720976
-0.3237461,-0.7576712,0.4911472,0.2826611
-0.3309504,-0.7531977,0.4847686,0.2969252
-0.3336866,-0.7474835,0.4820803,0.3122824
-0.3228206,-0.746787,0.4850715,0.3206273
-0.3047597,-0.7480279,0.4924246,0.3241816
-0.277977,-0.7521029,0.5018634,0.3243504
-0.2532928,-0.7559583,0.5103493,0.3223559
-0.2216715,-0.7640237,0.5151447,0.3189914
-0.2127689,-0.7657899,0.513297,0.3237613
-0.2108008,-0.7647626,0.5148689,0.3249788
-0.219021,-0.7603942,0.5187093,0.3236836
-0.2319782,-0.7599013,0.5195802,0.314281
-0.2414236,-0.7603392,0.521458,0.3027879
-0.2467124,-0.7612543,0.5238201,0.2919546
-0.2429901,-0.763125,0.5299084,0.2789141
-0.2700953,-0.7590706,0.5297585,0.2649838
-0.2839344,-0.7564959,0.5267037,0.2639669
-0.2916171,-0.7527305,0.5236027,0.27239
-0.3222022,-0.7451643,0.5112456,0.2820352
-0.3430051,-0.7410892,0.5027927,0.2834319
-0.3500362,-0.7402811,0.499288,0.2831432
-0.3503912,-0.7403228,0.5006033,0.2802578
-0.3560522,-0.7346408,0.5055462,0.2792005
-0.3621369,-0.7339381,0.5054088,0.2734112
-0.3704143,-0.7296215,0.5053599,0.2739655
-0.3797558,-0.7262261,0.5027322,0.2750301
-0.3796621,-0.7261024,0.5028349,0.2752983
-0.3738114,-0.7266356,0.5058184,0.27643
-0.3698825,-0.7240615,0.5117612,0.2775292
-0.3607167,-0.7230714,0.5193583,0.2780614
-0.3487996,-0.7224461,0.5291955,0.2763376
-0.3299647,-0.7245801,0.538995,0.2749389
-0.3284227,-0.7218917,0.5408615,0.2801426
-0.2966591,-0.7301725,0.5494598,0.2773722
-0.3126358,-0.7280703,0.5467753,0.2705721
-0.2972175,-0.728383,0.5547029,0.2709697
-0.2776985,-0.7295217,0.5619812,0.2736033
-0.2751641,-0.7340504,0.5626106,0.2625338
-0.2707585,-0.7401108,0.5633676,0.2480783
-0.3092356,-0.7267883,0.5578198,0.2549296
-0.3375466,-0.7145911,0.5530488,0.2637402
-0.3616273,-0.7017214,0.5533336,0.2657717
-0.3864956,-0.6860151,0.5559103,0.266398
-0.4364597,-0.6594395,0.5532526,0.2618282
-0.4576664,-0.6496382,0.5493366,0.2583428
-0.4826274,-0.6365771,0.540805,0.2633826
-0.5043711,-0.6277072,0.5288631,0.2681367
-0.5162408,-0.6247275,0.5199581,0.2699158
-0.5222437,-0.6273522,0.5122719,0.2669612
-0.5112083,-0.640313,0.5095653,0.2626946
-0.5098248,-0.6444625,0.5095322,0.2551933
-0.5083467,-0.6526958,0.5047552,0.2465644
-0.500035,-0.6561482,0.5076972,0.2483507
-0.4780112,-0.6698286,0.5169486,0.2357946
-0.4720154,-0.6740253,0.526008,0.2149579
-0.474596,-0.6690276,0.5355082,0.2009768
-0.4774384,-0.6718896,0.5351551,0.1850026
-0.487416,-0.6668062,0.5356534,0.1756999
-0.5001464,-0.6588361,0.5372123,0.1648985
-0.5124964,-0.6515304,0.5376953,0.1540756
-0.5308897,-0.6394395,0.5372213,0.143759
-0.5416719,-0.6329275,0.5371095,0.1323172
-0.5473257,-0.6301198,0.5367641,0.1235636
-0.5481719,-0.6289399,0.538044,0.1202113
-0.5599904,-0.6197951,0.5362793,0.1211173
-0.5650977,-0.616369,0.5339239,0.1252157
-0.5624291,-0.6167488,0.5347674,0.131599
-0.5602306,-0.6170048,0.5366685,0.1320366
-0.5480759,-0.6218714,0.5442388,0.1292013
-0.5383646,-0.6253682,0.5505157,0.1265333
-0.5287697,-0.6315269,0.5542607,0.1198806
-0.4907831,-0.6547341,0.5637872,0.1122461
-0.4715624,-0.6622959,0.5722324,0.1074391
-0.4654164,-0.6619599,0.5779855,0.1054958
-0.4582272,-0.6634549,0.5819427,0.1058204
-0.4598787,-0.6595714,0.5837653,0.1126734
-0.4611221,-0.6578281,0.5829146,0.1218167
-0.4562567,-0.6612682,0.5813991,0.1285657
-0.4845107,-0.6458539,0.5730817,0.1403545
-0.5055585,-0.6341769,0.5659525,0.1480811
-0.5318878,-0.615972,0.5603741,0.1538009
-0.5523951,-0.5985655,0.5578354,0.1593696
-0.5661811,-0.5848501,0.5577648,0.162135
-0.5672595,-0.5789762,0.562285,0.1638251
-0.5720472,-0.5710876,0.5648356,0.1660772
-0.578522,-0.5642647,0.564323,0.1686925
-0.5779064,-0.5617636,0.5656103,0.1747307
-0.5646558,-0.5721365,0.5672656,0.1789789
-0.5433455,-0.589176,0.5699948,0.1809783
-0.5430871,-0.5898485,0.5680776,0.1855345
-0.5517483,-0.5827962,0.5649064,0.1918418
-0.5428651,-0.5903047,0.5630417,0.1995539
-0.5425211,-0.5926427,0.5595202,0.2034275
-0.5461327,-0.5921785,0.556919,0.2022499
-0.556949,-0.5865204,0.553905,0.1974612
-0.5586414,-0.5885419,0.5529782,0.1890854
-0.5629734,-0.5888745,0.551642,0.1788268
-0.5671729,-0.5871934,0.5527682,0.1672311
-0.5682986,-0.5866974,0.5562729,0.1529161
-0.5721986,-0.5847561,0.5579927,0.1389
-0.5834571,-0.576624,0.5575017,0.1275708
-0.5926298,-0.5689161,0.5588188,0.1133397
-0.6066599,-0.5564199,0.5587905,0.1005674
-0.6094034,-0.5517094,0.5625587,0.08815914
-0.6063674,-0.5510355,0.5686616,0.0728185
-0.6032513,-0.5501851,0.5740405,0.06214342
-0.6009787,-0.5519148,0.5753608,0.05634344
-0.6021165,-0.5509212,0.5749918,0.05767214
-0.5969267,-0.5535836,0.5772997,0.06283921
-0.583312,-0.5635332,0.5815175,0.06336178
-0.5654919,-0.5765299,0.5865061,0.06199142
-0.5574813,-0.5823132,0.5882599,0.06384556
-0.5495728,-0.5896957,0.5876778,0.06973763
-0.533828,-0.6023576,0.5886336,0.0755211
-0.5203924,-0.6128412,0.5897593,0.07616672
-0.50821,-0.6207871,0.5916486,0.07935905
-0.5005186,-0.6247785,0.5938523,0.08045141
-0.4899342,-0.629265,0.5983923,0.07691978
-0.4912042,-0.6270636,0.5988089,0.08329205
-0.496369,-0.6219358,0.598371,0.09362486
-0.5116599,-0.6101664,0.5955171,0.1061159
-0.5423365,-0.5860694,0.5891762,0.1235527
-0.5845595,-0.5504148,0.5794939,0.1397164
-0.6245995,-0.5137509,0.5694831,0.1470524
-0.6679967,-0.4642257,0.5600935,0.1567487
-0.6933087,-0.432836,0.553679,0.1594229
-0.7164994,-0.3943355,0.551282,0.1649736
-0.7210263,-0.389027,0.5485306,0.1670126
-0.7307874,-0.3732803,0.5464783,0.1672513
-0.7336919,-0.3681825,0.5464894,0.1657928
-0.7290422,-0.3766935,0.5478087,0.162804
-0.7233376,-0.3897886,0.5464804,0.1618846
-0.7283365,-0.3811791,0.5443556,0.1670494
-0.7016229,-0.4345692,0.541183,0.1612325
-0.6821895,-0.4656768,0.5399812,0.1618113
-0.6587072,-0.4990034,0.5392251,0.1622857
-0.6400105,-0.5220871,0.5399932,0.1619224
-0.6293755,-0.5354915,0.5391297,0.1627098
-0.6241064,-0.5434095,0.5359259,0.1672746
-0.6059248,-0.5627664,0.5354826,0.1714864
-0.586551,-0.5824317,0.5360233,0.1714945
-0.5762314,-0.5943631,0.5345905,0.1700086
-0.5624543,-0.6076118,0.5358203,0.1653772
-0.551182,-0.6180019,0.5373065,0.159918
-0.5442051,-0.6253576,0.5364568,0.1580593
-0.5304248,-0.6362674,0.538348,0.1549031
-0.5252628,-0.6415693,0.5375718,0.1533115
-0.5214322,-0.6435862,0.538146,0.1558976
-0.5379828,-0.63269,0.5338095,0.1591396
-0.5325786,-0.6361707,0.5341002,0.1624305
-0.5196924,-0.6424697,0.538595,0.1645238
-0.513574,-0.6436946,0.5410701,0.1707108
-0.5089813,-0.6433009,0.5432029,0.1789765
-0.5018967,-0.6432409,0.5452396,0.1924958
-0.4907145,-0.6469699,0.5458712,0.2065283
-0.4816783,-0.6524302,0.5410395,0.2227041
-0.4406366,-0.6853412,0.5346264,0.2243246
-0.4162807,-0.6979231,0.5326126,0.2365112
-0.4164836,-0.6989452,0.5310301,0.236694
-0.4139285,-0.7038691,0.5282015,0.2328836
-0.419511,-0.7067167,0.5257351,0.2194648
-0.4275407,-0.7082046,0.5251587,0.1996584
-0.452567,-0.6927398,0.525238,0.1985438
-0.4624941,-0.6932815,0.5211565,0.1839996
-0.4718913,-0.6889391,0.5203394,0.178685
-0.4845554,-0.6846103,0.5195295,0.1631071
-0.4915491,-0.682436,0.5168924,0.1596337
-0.4902765,-0.6861231,0.5139362,0.1572691
-0.4879778,-0.6886805,0.5110519,0.1625512
-0.4793887,-0.6952718,0.5091066,0.1661146
-0.4724039,-0.6990329,0.5098459,0.1680619
-0.4604115,-0.7065902,0.5100456,0.1691301
-0.4601407,-0.7081974,0.5051225,0.1777029
-0.4542205,-0.7131667,0.5012515,0.1839132
-0.4456954,-0.7141399,0.5009862,0.200929
-0.4334372,-0.7237678,0.4973646,0.2022892
-0.4214056,-0.7329425,0.4942277,0.2023654
-0.4016129,-0.7449871,0.4960555,0.1939848
-0.3898879,-0.7514669,0.495838,0.193467
-0.3580398,-0.7605791,0.5047736,0.1962923
-0.3645573,-0.7624972,0.4978293,0.1945815
-0.3531564,-0.7663519,0.501405,0.1912546
-0.3481561,-0.7671281,0.5041028,0.1902163
-0.3502607,-0.7663161,0.5038651,0.1902555
-0.3636987,-0.7632689,0.4968748,0.1955996
-0.3636835,-0.7620825,0.4967737,0.2004507
-0.3654186,-0.7605743,0.4941736,0.2092567
-0.3639577,-0.7596424,0.4911451,0.221934
-0.3574938,-0.7608543,0.4838217,0.243342
-0.346922,-0.7613227,0.4796999,0.2644256
-0.3292919,-0.7607602,0.4801089,0.2868902
-0.3241018,-0.7544165,0.4775155,0.3127183
-0.3216581,-0.7496562,0.4688606,0.3387056
-0.3074056,-0.7527116,0.45714,0.3604859
-0.2858124,-0.7589281,0.4544545,0.3685248
-0.2828877,-0.7577868,0.4511646,0.3770731
-0.2617158,-0.7639579,0.4507911,0.3803426
-0.2515483,-0.7673227,0.4489533,0.3825967
-0.2419542,-0.771708,0.4497935,0.3789603
-0.2288085,-0.7780414,0.4526477,0.3706862
-0.2154721,-0.7832621,0.4553548,0.3643136
-0.2361186,-0.7842264,0.4479678,0.3585552
-0.2430161,-0.7858415,0.4444247,0.3547999
-0.252223,-0.7853197,0.4454668,0.3481607
-0.2623856,-0.7875299,0.4376514,0.3455602
-0.2654248,-0.7889922,0.4348544,0.343428
-0.2600315,-0.7910008,0.4388565,0.3377964
-0.2534258,-0.7931404,0.4387953,0.3378792
-0.232957,-0.7970271,0.4404348,0.3413152
-0.2165941,-0.7995844,0.4425108,0.3434182
-0.2104045,-0.8003123,0.4417326,0.3465579
-0.1985177,-0.8020626,0.4407963,0.3506917
-0.2024301,-0.8058896,0.4273118,0.3563265
-0.1896806,-0.8094058,0.4237288,0.3596349
-0.1758636,-0.8119522,0.4207243,0.3644131
-0.1628421,-0.8127865,0.41996,0.369451
-0.1498497,-0.8125811,0.4217588,0.3733318
-0.1299427,-0.8128687,0.4295774,0.3712448
-0.09493387,-0.8098746,0.4445462,0.3707686
-0.08884698,-0.8096843,0.452275,0.3632696
-0.07973221,-0.8099306,0.4563818,0.3596816
-0.07146516,-0.810476,0.4567072,0.3597776
-0.06992674,-0.8111655,0.453999,0.3619471
-0.0751788,-0.8143937,0.4453413,0.3643929
-0.06835672,-0.8143569,0.4403021,0.3718661
-0.06309921,-0.8143116,0.4329336,0.3814232
-0.06127314,-0.8126067,0.4211424,0.3981895
-0.05129668,-0.8106611,0.411826,0.4130334
-0.04232162,-0.8079762,0.4041569,0.4266619
-0.03380738,-0.8050864,0.39644,0.4399184
-0.02962758,-0.8042766,0.3876201,0.4494575
-0.0285055,-0.8042936,0.3794364,0.4564288
-0.03318042,-0.8049127,0.3708622,0.4620344
-0.03338824,-0.8061363,0.3603268,0.4681817
-0.03044713,-0.8080935,0.3492078,0.4734044
-0.02809615,-0.8098838,0.343363,0.4747638
-0.03199458,-0.8123107,0.3383629,0.4739601
-0.03128441,-0.8141996,0.3368911,0.4718102
-0.03062584,-0.8168629,0.3374353,0.4668345
-0.02557249,-0.8202076,0.3418067,0.4580106
-0.02382909,-0.8246858,0.3479024,0.4452969
-0.01388147,-0.8296239,0.3492782,0.4353576
-0.002254725,-0.8347043,0.3532459,0.42247
0.004171699,-0.8397532,0.3584703,0.4077944
0.008901253,-0.8440807,0.356109,0.4007928
0.008435339,-0.8478389,0.3515927,0.3968384
0.008872151,-0.850188,0.3457352,0.3969494
0.01781924,-0.8506881,0.3420283,0.3987844
0.03334915,-0.8504226,0.3379755,0.4017982
0.04747695,-0.8490639,0.3319208,0.4082464
0.06525614,-0.8466538,0.3280984,0.4138482
0.08006811,-0.8441872,0.3294985,0.415172
0.08503675,-0.8430774,0.331279,0.4150223
0.08836018,-0.8431787,0.3338247,0.4120718
0.08737438,-0.8439556,0.3354153,0.4093915
0.09082724,-0.8441129,0.339939,0.4045557
0.0918083,-0.8436574,0.3440098,0.4018341
0.1071021,-0.8430107,0.3495968,0.3945175
0.1076584,-0.8446999,0.3440981,0.3955861
0.1022594,-0.8472183,0.3310001,0.4027445
0.09784425,-0.8523511,0.3235154,0.3990763
0.1024739,-0.8519384,0.3166408,0.4042754
0.09979354,-0.8500593,0.3058149,0.4170344
0.1118457,-0.8471816,0.29966,0.4242378
0.1270843,-0.8434994,0.2859206,0.4365866
0.1463613,-0.838205,0.2700394,0.4506323
0.1654681,-0.8322753,0.2592939,0.4611994
0.173264,-0.8284351,0.2553922,0.4673861
0.1731385,-0.8273452,0.2541547,0.4700301
0.171568,-0.8264645,0.2549788,0.471706
0.1662465,-0.827496,0.2575797,0.4703884
0.1602394,-0.8279697,0.261003,0.4697522
0.1552899,-0.8297806,0.2619565,0.4676835
0.1507936,-0.832421,0.2612762,0.4648347
0.1493281,-0.8332425,0.2577568,0.4657999
0.1489627,-0.8329298,0.2595623,0.4654734
0.1485133,-0.8314413,0.2627453,0.4664914
0.1424145,-0.8307065,0.2643003,0.4688178
0.1401277,-0.8290903,0.2671137,0.4707692
0.1362906,-0.82885,0.2646201,0.473718
0.1369321,-0.8273896,0.2636887,0.4765965
0.1435033,-0.8227778,0.2647187,0.4820451
0.1479976,-0.8169588,0.2652892,0.4902005
0.1578294,-0.8089174,0.265186,0.5004187
0.1660258,-0.7996632,0.2622511,0.5140025
0.1802358,-0.7889723,0.2560569,0.5286519
0.195594,-0.7785725,0.2512174,0.5407935
0.2022991,-0.773834,0.2427989,0.5489122
0.2009571,-0.772241,0.2342579,0.5553228
0.1867794,-0.7754464,0.2212609,0.561106
0.1842425,-0.7762345,0.216194,0.5628275
0.1867425,-0.7743734,0.2167554,0.5643494
0.1839066,-0.7735286,0.2205261,0.5649781
0.1751235,-0.7747728,0.2271279,0.5634464
0.1622619,-0.7786543,0.2298984,0.5608167
0.1513857,-0.783375,0.2320933,0.556362
0.1402768,-0.7896626,0.2360847,0.5486525
0.121556,-0.7975154,0.2374386,0.5411251
0.09969243,-0.8061034,0.2352503,0.5337754
0.0783866,-0.813911,0.226667,0.5291753
0.06792023,-0.8189119,0.219295,0.5260036
0.04888606,-0.8253989,0.2067082,0.5230665
0.04574537,-0.8277188,0.1987111,0.5227837
0.04114972,-0.8290905,0.1951744,0.5223241
0.04834613,-0.8293734,0.1948235,0.5213889
0.06214909,-0.8264104,0.1976402,0.5235665
0.07315837,-0.8234564,0.2039414,0.5243809
0.08676475,-0.8189204,0.2116845,0.5263373
0.1079148,-0.8140238,0.2206606,0.5263351
0.1215418,-0.8101611,0.2245103,0.5276948
0.1398591,-0.8064954,0.2248124,0.5286435
0.1512856,-0.8036513,0.2227438,0.5307
0.1647128,-0.7986382,0.2240043,0.5337311
0.1919098,-0.7889175,0.2332186,0.5351531
0.2090672,-0.7810614,0.2437302,0.5355647
0.2238787,-0.7729048,0.2531561,0.5370367
0.2321424,-0.7694192,0.2584586,0.5360066
0.2418655,-0.7666528,0.2616152,0.5341366
0.2477823,-0.7640132,0.2666354,0.5327225
0.2530366,-0.7620464,0.2738176,0.5294164
0.2582559,-0.7584521,0.2841609,0.5265993
0.2661083,-0.7547696,0.2945924,0.5222304
0.2738528,-0.7494238,0.2995835,0.5230854
0.2768444,-0.7477107,0.3016046,0.5228009
0.2714048,-0.7508529,0.2989048,0.5226998
0.2618716,-0.7574912,0.291171,0.5223503
0.247095,-0.7653131,0.2797149,0.524404
0.2385821,-0.7712247,0.2656894,0.5269726
0.2292929,-0.7767095,0.2532489,0.5291617
0.2249474,-0.7803189,0.2434629,0.5303084
0.2202614,-0.7839717,0.2329158,0.5316234
0.2204021,-0.7841688,0.2263203,0.5341173
0.2139497,-0.785857,0.2226328,0.5358067
0.2205853,-0.7822085,0.2301494,0.5352786
0.2254309,-0.7786795,0.2378371,0.5350445
0.2341467,-0.7748159,0.2381877,0.5367514
0.2421206,-0.7691191,0.2460193,0.5378736
0.2561649,-0.7638301,0.2481667,0.5379186
0.2668454,-0.7558295,0.2562701,0.5402231
0.2884089,-0.7421272,0.2707337,0.541083
0.3037337,-0.7291995,0.2864111,0.5422016
0.3231211,-0.7138907,0.30311,0.5422887
0.3285297,-0.7080848,0.3118777,0.5416793
0.3359461,-0.7026114,0.319296,0.539933
0.3387802,-0.6987987,0.320315,0.5425004
0.339861,-0.6966032,0.3187943,0.5455353
0.3406053,-0.6942062,0.3193239,0.5478119
0.3341343,-0.6954969,0.3181384,0.5508417
0.321043,-0.703091,0.3159214,0.5502619
0.3121653,-0.7098179,0.3132209,0.5482737
0.2943437,-0.7211524,0.3044191,0.5482975
0.2771896,-0.7305852,0.2942759,0.5502845
0.254307,-0.7429528,0.2816937,0.55136
0.2064584,-0.7615376,0.266912,0.5533474
0.165984,-0.7756457,0.2569169,0.5521021
0.1372959,-0.7842067,0.2445312,0.5535108
0.1047044,-0.7914101,0.2306253,0.5563442
0.08123952,-0.7960283,0.222951,0.5568051
0.05087635,-0.7993674,0.2162962,0.5582466
0.04392266,-0.7996647,0.2156861,0.5586471
0.04310039,-0.7984079,0.2186476,0.5593572
0.02629892,-0.7987995,0.2233677,0.5579737
0.0167762,-0.7982492,0.2315941,0.5557706
0.01932222,-0.798721,0.2380398,0.552276
0.02749452,-0.800403,0.2421125,0.5477048
0.03589921,-0.8032359,0.2446737,0.5419024
0.04484794,-0.8043693,0.2471907,0.5384007
0.04874119,-0.8057728,0.2526887,0.5333881
0.05568077,-0.8067822,0.258375,0.5284359
0.04919926,-0.8085772,0.258879,0.5260837
0.06565605,-0.8087913,0.2620004,0.5224
0.07167622,-0.8088108,0.2717065,0.5165882
0.07237784,-0.8091784,0.2815665,0.5105998
0.07528674,-0.8076699,0.294004,0.5055323
0.08238041,-0.8050424,0.3046871,0.5022808
0.09855944,-0.8024295,0.3127504,0.4985781
0.09947594,-0.8012506,0.3156266,0.4984796
0.09788137,-0.8025802,0.316045,0.4963869
0.0939924,-0.802418,0.3120295,0.4999284
0.07159092,-0.8053185,0.3047725,0.5034387
0.06045699,-0.807442,0.3003399,0.5041611
0.04347949,-0.8087425,0.2943917,0.5073251
0.03049544,-0.8102127,0.2931218,0.5066606
0.02189039,-0.8103842,0.2915491,0.5077375
0.02047542,-0.8099752,0.2888722,0.5099743
0.01190665,-0.8093303,0.2847249,0.5135897
0.01156472,-0.8085083,0.2801624,0.5173872
0.01452482,-0.8078451,0.275484,0.5208492
0.01957152,-0.8066071,0.2716047,0.5246264
0.02747089,-0.8020849,0.273083,0.5304062
0.04894514,-0.7944598,0.2789194,0.5372541
0.07470059,-0.7860346,0.2883739,0.5416731
0.112172,-0.7755319,0.2977113,0.545285
0.1208857,-0.7718322,0.3016369,0.5465134
0.1269425,-0.769552,0.302675,0.5477802
0.12597,-0.7700178,0.3022732,0.5475719
0.1145885,-0.7710541,0.3017952,0.5488759
0.1157473,-0.7706014,0.3050254,0.5474811
0.1067133,-0.772128,0.3070523,0.5460308
0.08297452,-0.7763109,0.3091833,0.5430121
0.06324514,-0.7805614,0.3117316,0.538096
0.04391273,-0.7855772,0.3112909,0.5329524
0.0324771,-0.7903103,0.3059286,0.5298703
0.02042516,-0.7949398,0.2948658,0.5298186
-0.002653405,-0.8007501,0.2818907,0.5285168
-0.04774232,-0.8054692,0.2688446,0.5259872
-0.08762504,-0.8073488,0.2535352,0.5255756
-0.1124822,-0.8080055,0.2429568,0.5248303
-0.1261826,-0.8074517,0.2371425,0.5252268
-0.124245,-0.8075386,0.2419157,0.5233749
-0.1238287,-0.8068202,0.2521467,0.5197402
-0.1216144,-0.8078486,0.262612,0.5134448
-0.1191784,-0.8089765,0.2725763,0.5070065
-0.1098272,-0.8094817,0.2804347,0.5040175
-0.09455089,-0.8096385,0.2912396,0.5007246
-0.07264742,-0.8085672,0.3076771,0.4962622
-0.0485995,-0.8073431,0.3258761,0.4895302
-0.03121543,-0.8022853,0.3418193,0.4883886
-0.01804426,-0.7993144,0.3572612,0.4828408
-0.01127481,-0.7967587,0.3674824,0.4795887
-0.009851143,-0.7939099,0.3796702,0.4748268
-0.01794769,-0.7918676,0.3897816,0.4697806
-0.02435072,-0.7907202,0.4005227,0.4623314
-0.05041203,-0.7915831,0.404123,0.4555649
-0.06821874,-0.7926419,0.4054942,0.4501548
-0.09369843,-0.7954751,0.4040031,0.4418387
-0.1139531,-0.7972733,0.4017633,0.4358397
-0.1513977,-0.7964028,0.3924662,0.4345016
-0.1822427,-0.7944319,0.3831087,0.4346182
-0.2071885,-0.792071,0.3751847,0.4346642
-0.2358941,-0.7863147,0.3671057,0.4373746
-0.2562278,-0.7813802,0.3611639,0.4397191
-0.2711537,-0.7750616,0.3603559,0.4426045
-0.2846579,-0.7692331,0.3609064,0.4438433
-0.2985105,-0.762832,0.361299,0.4454682
-0.3083361,-0.7580796,0.36182,0.4464645
-0.3180763,-0.752632,0.3648328,0.4463964
-0.3287713,-0.7434002,0.3738906,0.4466223
-0.3260943,-0.7437367,0.3841564,0.4392515
-0.3262162,-0.7403919,0.3967264,0.4336024
-0.3142987,-0.7432199,0.4103283,0.4248191
-0.3016488,-0.7437796,0.4229439,0.4206167
-0.2908379,-0.7440522,0.4356771,0.414711
-0.2767424,-0.7455003,0.4511568,0.4050932
-0.2764339,-0.7458949,0.4594039,0.3951874
-0.2660697,-0.7479774,0.4710245,0.384542
-0.2723424,-0.7494277,0.4838985,0.3605969
-0.2745858,-0.7497345,0.4908915,0.348606
-0.2763307,-0.7501996,0.4975587,0.3365669
-0.287201,-0.7498423,0.4993486,0.3254278
-0.3024886,-0.7491301,0.5035489,0.3061752
-0.3298567,-0.7450224,0.4983097,0.2963504
-0.3505208,-0.7426878,0.4934116,0.2865222
-0.3683534,-0.7399642,0.4896959,0.2774284
-0.3790645,-0.7395179,0.483404,0.275216
-0.395005,-0.7355198,0.4752808,0.2776508
-0.4019405,-0.7348842,0.4700597,0.2782677
-0.4099419,-0.7322174,0.46661,0.2794288
-0.4118639,-0.7313824,0.466522,0.2789361
-0.407912,-0.731966,0.4687308,0.2795085
-0.3982602,-0.7348899,0.4714373,0.2811985
-0.3975086,-0.73351,0.4720358,0.284837
-0.3951408,-0.7335003,0.4716911,0.2887014
-0.3959797,-0.7302103,0.4691497,0.2998189
-0.3979092,-0.7229756,0.4692647,0.3142692
-0.400309,-0.7173041,0.4642964,0.3311441
-0.3767556,-0.726161,0.4636202,0.3402964
-0.3584253,-0.7337874,0.4606273,0.347721
-0.3248923,-0.7404515,0.4678783,0.3567445
-0.3250458,-0.7370623,0.4687485,0.362435
-0.3139982,-0.7394379,0.4716274,0.363599
-0.3120477,-0.7401661,0.4737394,0.361042
-0.3141386,-0.7423994,0.4737815,0.3545294
-0.3181198,-0.743956,0.4730848,0.3485973
-0.3351236,-0.7425546,0.467862,0.3426514
-0.3439334,-0.7432487,0.464301,0.3372176
-0.3574156,-0.7410024,0.4590564,0.3353158
-0.3635684,-0.7402037,0.4570543,0.3331934
-0.3767954,-0.7347728,0.4546759,0.3337721
-0.388047,-0.7309254,0.4508273,0.3345479
-0.3868917,-0.7309261,0.4524654,0.3336717
-0.3772513,-0.7348463,0.4560816,0.3311675
-0.3741121,-0.7349559,0.458566,0.3310548
-0.3651059,-0.7354781,0.4585913,0.3397996
-0.3639096,-0.7333046,0.4543086,0.351337
-0.3473684,-0.7341116,0.4579763,0.3614872
-0.3642805,-0.7271906,0.447238,0.3721177
-0.3753867,-0.7187938,0.4387925,0.3871454
-0.3843494,-0.7101735,0.4295475,0.40425
-0.3739294,-0.7114726,0.4216059,0.4198
-0.3474074,-0.71827,0.4201164,0.4323176
-0.3291923,-0.7219616,0.4203746,0.4401014
-0.3357159,-0.716171,0.4196818,0.4452651
-0.3360677,-0.7162451,0.4242714,0.4405057
-0.3261069,-0.7245665,0.4294799,0.4291907
-0.3150436,-0.7346932,0.4336646,0.4158224
-0.3123583,-0.7432929,0.4322149,0.4039038
-0.3078392,-0.7548463,0.4298186,0.3881984
-0.3166883,-0.7601703,0.4250646,0.3757257
-0.331993,-0.7604483,0.4191967,0.368474
-0.3339591,-0.7647834,0.4121914,0.3656172
-0.3435065,-0.7657502,0.4031213,0.3648604
-0.3405395,-0.768083,0.4023832,0.3635506
-0.3416319,-0.7707127,0.3983861,0.3613558
-0.3224402,-0.7778456,0.401418,0.36035
-0.3074875,-0.7809257,0.4045944,0.3631942
-0.2940787,-0.7846596,0.4035667,0.3673704
-0.2870481,-0.7856066,0.3988066,0.376004
-0.2751407,-0.7881574,0.3937967,0.3847462
-0.2609777,-0.7913854,0.3896475,0.3921413
-0.2421408,-0.7952579,0.3864473,0.3994887
-0.2137332,-0.8025529,0.3860318,0.4015052
-0.1798727,-0.809414,0.3873557,0.4030514
-0.1484034,-0.8136659,0.3886847,0.4060152
-0.1194233,-0.8181654,0.3883212,0.4068784
-0.09474623,-0.8216578,0.3886562,0.4060149
-0.07455194,-0.8245261,0.3911681,0.4019778
-0.06141394,-0.8263161,0.3943659,0.3973733
-0.0562207,-0.8281946,0.3985784,0.3899593
-0.05361862,-0.8299905,0.4030843,0.3817903
-0.04981434,-0.8311017,0.4050541,0.3777824
-0.05023515,-0.8327847,0.406224,0.3727306
-0.05757764,-0.834179,0.4038204,0.3711593
-0.06941508,-0.8363612,0.397938,0.3705766
-0.07731067,-0.839846,0.3881958,0.3714644
-0.07765853,-0.8422399,0.3814401,0.3729674
-0.08273911,-0.8436754,0.3737032,0.3764464
-0.08819735,-0.845031,0.3646809,0.3809876
-0.08527863,-0.8463746,0.3565671,0.3863126
-0.08330612,-0.8462431,0.3516908,0.3914668
-0.08086161,-0.8442166,0.3518509,0.3961827
-0.07569006,-0.8426763,0.3517066,0.4005872
-0.07265595,-0.8418157,0.3549,0.4001419
-0.0736661,-0.8415228,0.3541316,0.4012523
-0.07363826,-0.8424305,0.3508391,0.402244
-0.07431658,-0.8423674,0.3494527,0.4034562
-0.07202446,-0.8431383,0.3494469,0.4022653
-0.07047614,-0.8437489,0.3521841,0.3988577
-0.07014069,-0.844503,0.3520761,0.3974133
-0.05892722,-0.8461124,0.3566837,0.3916607
-0.04660855,-0.8478074,0.3609646,0.3856875
-0.03581658,-0.8478687,0.3663561,0.3816004
-0.02471928,-0.8479914,0.3732869,0.3754416
-0.01671405,-0.8469945,0.378085,0.3733265
-0.01446132,-0.8459969,0.3823484,0.3713352
-0.01119028,-0.8459448,0.3845206,0.3693183
-0.01362626,-0.8470109,0.3802322,0.3712282
-0.01129478,-0.8481417,0.3765267,0.3724995
-0.01850599,-0.8494657,0.3679764,0.377702
-0.02484377,-0.8505405,0.354712,0.3874831
-0.03911005,-0.850507,0.3390001,0.4002337
-0.04436776,-0.8493743,0.3333037,0.4068213
-0.05324902,-0.8482114,0.3327166,0.4086582
-0.07228178,-0.8478867,0.331239,0.4076079
-0.09557602,-0.8481028,0.3296103,0.4036631
-0.1152723,-0.84661,0.3304397,0.4009658
-0.1215592,-0.8456001,0.3352898,0.397196
-0.1360075,-0.8420457,0.3418652,0.394448
-0.1531922,-0.8396423,0.3454916,0.3900876
-0.1669686,-0.8365152,0.3445557,0.3919761
-0.1732235,-0.8336423,0.345033,0.3949513
-0.1853577,-0.8290256,0.3410271,0.4025663
-0.1672668,-0.8305324,0.3422124,0.40636
-0.1518232,-0.8282351,0.3459216,0.4139018
-0.1255987,-0.8268258,0.3537259,0.418882
-0.09456936,-0.8260645,0.360535,0.4227158
-0.07280685,-0.8239617,0.3619782,0.429835
-0.05595298,-0.8245868,0.3569133,0.4353606
-0.0504187,-0.8255316,0.3464579,0.4426315
-0.03797573,-0.826418,0.3341711,0.4515759
-0.04644589,-0.8247647,0.3243049,0.4609039
-0.03338937,-0.8232515,0.3188316,0.468496
-0.02567473,-0.8210787,0.3165753,0.4742898
-0.02218443,-0.8188681,0.3195335,0.4762995
-0.002911434,-0.8184961,0.3290977,0.4709038
-0.004167318,-0.8190736,0.3334816,0.4667882
-0.01702173,-0.8213937,0.334073,0.4619716
-0.04328385,-0.8251179,0.3263734,0.4591159
-0.0655027,-0.8257712,0.3216161,0.458666
-0.06544821,-0.8265155,0.3285448,0.4523793
-0.07614805,-0.8279477,0.3309903,0.4462618
-0.1005557,-0.8288025,0.327745,0.4422198
-0.1018895,-0.8292636,0.3357348,0.4349973
-0.08910364,-0.83084,0.3423451,0.4296106
-0.08303905,-0.8329781,0.3448662,0.4246402
-0.08567011,-0.8361124,0.3449486,0.4178361
-0.07809894,-0.8381948,0.3453716,0.4147871
-0.0618954,-0.8413814,0.3472658,0.4094542
-0.03890526,-0.8435506,0.350917,0.4046803
-0.01384789,-0.8432161,0.3491459,0.4085241
0.002641112,-0.8421726,0.3407768,0.417863
0.01814586,-0.8421562,0.3312294,0.4251245
0.02695673,-0.8432662,0.3157353,0.4341506
0.03517921,-0.8450468,0.3011563,0.4404125
0.04834876,-0.8446112,0.291849,0.4462269
0.06123722,-0.841774,0.2924277,0.4496137
0.07289576,-0.8382462,0.2994544,0.4498405
0.07448706,-0.836603,0.3084554,0.4465448
0.0773873,-0.8350265,0.3196457,0.4410993
0.07800111,-0.8342465,0.3279419,0.4363515
0.08387954,-0.8331612,0.3349618,0.4319806
0.08995617,-0.8351681,0.3315904,0.4294766
0.1017709,-0.8362362,0.3259573,0.429073
0.1157735,-0.8355596,0.3192291,0.4318904
0.1328655,-0.833227,0.3109779,0.4374611
0.1474732,-0.8302096,0.3001938,0.4459676
0.1668579,-0.8255988,0.2897063,0.4545495
0.1787917,-0.8211682,0.2788263,0.4647279
0.1941173,-0.815223,0.2715714,0.473264
0.2000781,-0.8104959,0.2740908,0.4774301
0.1939327,-0.8111272,0.2744051,0.4787114
0.1896037,-0.8101799,0.2840409,0.4764238
0.1752325,-0.8122081,0.2926981,0.4732225
0.1681766,-0.812847,0.308683,0.4644473
0.1555665,-0.8152072,0.318839,0.4577968
0.1551378,-0.8156009,0.3287496,0.450168
0.1597334,-0.8155702,0.3306364,0.4472248
0.1643642,-0.8159164,0.3317129,0.4441074
0.169199,-0.8145337,0.3321232,0.4445229
0.1778864,-0.8101839,0.3313155,0.4496536
0.1869903,-0.807992,0.332824,0.4487894
0.1909585,-0.8058947,0.3283282,0.4541688
0.1930561,-0.8042712,0.3218614,0.460741
0.1945812,-0.8026826,0.3167706,0.4663636
0.1991924,-0.8001148,0.3114499,0.4723745
0.2022359,-0.7986092,0.3082626,0.4757079
0.2084073,-0.7950121,0.3073329,0.4796547
0.2056894,-0.794274,0.3057587,0.483045
0.2010891,-0.7945901,0.3049778,0.484952
0.1948025,-0.7947653,0.3029509,0.4884884
0.1857864,-0.7975746,0.3011474,0.4885368
0.1705064,-0.8024011,0.2993736,0.487294
0.1543781,-0.808107,0.2936053,0.4867508
0.135575,-0.8141588,0.2883147,0.4854271
0.1293317,-0.8163269,0.2901307,0.4823981
0.1149555,-0.819899,0.2923993,0.4785954
0.1012945,-0.822237,0.2953101,0.4758757
0.09114882,-0.8222287,0.3003644,0.4747769
0.1003808,-0.8169915,0.3071394,0.4776127
0.09641531,-0.8124268,0.3113382,0.4834617
0.1103298,-0.8021932,0.3182564,0.4929771
0.135088,-0.7885116,0.3288211,0.501874
0.1725757,-0.7719838,0.3364435,0.5109446
0.184161,-0.7632568,0.3380575,0.5188842
0.1886538,-0.7616624,0.3296363,0.5249952
0.1645853,-0.7717113,0.3134242,0.5283358
0.13764,-0.7801418,0.2961161,0.5336191
0.1241231,-0.7853711,0.2819328,0.5369353
0.1332214,-0.7842059,0.278854,0.5380647
0.1388298,-0.7828431,0.2820824,0.5369474
0.13614,-0.7825457,0.2865494,0.5357027
0.1200443,-0.7850505,0.2915692,0.5331721
0.1084561,-0.7880404,0.2965631,0.5284693
0.08509745,-0.7947453,0.2961867,0.522888
0.0557411,-0.801258,0.2907314,0.5199555
0.01509364,-0.8100234,0.2809464,0.5144933
-0.0264216,-0.8182107,0.275693,0.5038118
-0.05427247,-0.8247364,0.2680243,0.4950024
-0.05832568,-0.83013,0.2670792,0.4859539
-0.06254693,-0.8338143,0.260803,0.4825177
-0.05758611,-0.8359916,0.2582245,0.4807516
-0.03547757,-0.8368688,0.2626868,0.4789442
-0.009204514,-0.8360484,0.2666363,0.4794201
0.01283094,-0.8336504,0.2686054,0.4824038
0.03966065,-0.8306675,0.2693508,0.4856632
0.06062867,-0.8279641,0.2662774,0.4897917
0.07164361,-0.8265309,0.2588998,0.4946563
0.07308675,-0.8258343,0.2500691,0.5001213
0.07355422,-0.8260036,0.2414986,0.5039707
0.07137741,-0.8251539,0.2396172,0.5065667
0.07295112,-0.8232999,0.2454264,0.506578
0.06941414,-0.8204674,0.253616,0.5076357
0.05918413,-0.8186448,0.2650952,0.5060064
0.05255809,-0.8151409,0.2767044,0.5061793
0.04616594,-0.8112946,0.2837399,0.5090791