0.4010027,0.4625631,0.07934752,0.7867249
0.3580095,0.6583208,0.01481973,0.6619843
0.2178006,0.7026285,0.02968632,0.6767531
0.1064389,0.7237425,0.03491726,0.6809173
-0.1277533,0.7152572,0.04188965,0.6858073
-0.3024226,0.6566648,0.04565801,0.6893817
-0.6578876,0.2799873,0.06059432,0.6965051
-0.7036951,0.06601906,0.07221001,0.7037332
-0.6958581,-0.04289532,0.08673656,0.7116307
-0.6710325,-0.1296555,0.09886369,0.7232778
-0.6420527,-0.1766452,0.1135277,0.7373441
-0.6113367,-0.2010255,0.1284512,0.7545572
-0.5613725,-0.246727,0.1316741,0.7788766
-0.5480378,-0.2517731,0.1329706,0.786501
-0.5761124,-0.2216596,0.137119,0.7746999
-0.6283036,-0.1995847,0.1150304,0.7430804
-0.6835535,-0.1160637,0.08059976,0.7160918
-0.6928927,-0.1089383,0.05853713,0.710356
-0.4364479,-0.5456044,0.04143621,0.7142213
-0.6806555,0.1858396,0.02938551,0.7080313
-0.7050609,-0.07972017,0.01888898,0.7043984
-0.7018906,0.06293619,0.006752104,0.7094667
-0.672246,0.1770271,-0.006043375,0.7188256
-0.7062206,-0.1009958,-0.01380867,0.7006153
-0.6679574,-0.2998818,-0.02523974,0.680637
-0.6088886,-0.4415316,-0.03435984,0.6581215
-0.5574533,-0.5211476,-0.03194237,0.6454693
-0.5352078,-0.5342988,-0.01632652,0.6540725
-0.5174999,-0.5317031,0.003534883,0.6704276
-0.4520833,-0.5782132,0.01817212,0.6789404
-0.2140261,-0.6956306,0.03332364,0.6849675
0.3666797,-0.6225358,0.04929021,0.6896127
0.5814555,-0.4274718,0.0624575,0.6894029
0.5809088,-0.430762,0.06481588,0.6875958
0.5796052,-0.4352593,0.06726903,0.6856253
0.5505986,-0.4781921,0.06970696,0.6806719
0.4957976,-0.5378091,0.0653594,0.6787299
0.5133684,-0.5252358,0.07139513,0.6748949
0.5900767,-0.4298087,0.07851261,0.6789033
0.6487536,-0.322843,0.08788848,0.683496
0.662472,-0.2863808,0.08750066,0.6866298
0.6580953,-0.3016365,0.09246156,0.6836495
0.6511859,-0.3219631,0.09599984,0.6805004
0.6605272,-0.2981222,0.09807387,0.682062
0.6808583,-0.2324117,0.105066,0.6865698
0.6949342,-0.007189721,0.1126259,0.710162
0.5994752,0.2571397,0.1084806,0.7501604
0.5353569,0.3344239,0.1040159,0.7685925
0.5668633,0.2781909,0.1175228,0.7664621
0.5864435,0.2451185,0.1236855,0.7620385
0.6018206,0.2192487,0.1272101,0.7573372
0.6052263,0.2204102,0.1239756,0.7548182
0.588479,0.2661598,0.1109655,0.7553397
0.5536954,0.314894,0.1050424,0.7636945
0.5073501,0.3633002,0.09941003,0.7750654
0.4033713,0.4605259,0.07996266,0.7866469
0.2938856,0.5161054,0.06513322,0.8018879
0.2833382,0.5084006,0.06530344,0.8105454
0.3205543,0.4904118,0.07139808,0.8072444
0.30954,0.4963048,0.06952569,0.8081045
0.3134477,0.4892451,0.07097924,0.8107722
0.3506637,0.4715127,0.07703236,0.8054668
0.5037373,0.3885721,0.09016183,0.766245
0.6344382,0.2327532,0.08973992,0.7316153
0.6789258,0.09817395,0.1021057,0.720414
0.6868527,0.04132339,0.1147482,0.7164905
0.6918559,0.01690623,0.1127432,0.7129787
0.6908312,0.0350711,0.1071506,0.7141716
0.6857082,0.07085288,0.1021768,0.7171778
0.6745211,0.118732,0.09943947,0.7218281
0.6613036,0.156877,0.09998035,0.7266849
0.6586565,0.154824,0.1053664,0.7287655
0.6580511,0.1504486,0.1088853,0.7297108
0.6560806,0.1546299,0.1093041,0.7305481
0.654227,0.1614808,0.1078999,0.7309368
0.6515904,0.1716101,0.1056301,0.7313154
0.6578751,0.1601499,0.10359,0.7285749
0.6623836,0.1459425,0.1052155,0.7272403
0.6750178,0.100538,0.1096341,0.7226503
0.6818519,0.06359509,0.1159458,0.7194375
0.687229,0.02658385,0.1219754,0.7156336
0.6884546,0.01392901,0.1247738,0.7143303
0.6908699,-0.002229393,0.1251139,0.7120676
0.6934757,-0.02361757,0.1252656,0.7091137
0.6943719,-0.04444197,0.1289032,0.7065809
0.6951217,-0.05973992,0.1299604,0.7045192
0.6953934,-0.05532649,0.1278662,0.7049944
0.6942239,-0.03097856,0.1254092,0.7080721
0.6923608,-0.01485306,0.1260149,0.7103071
0.6912173,-0.01391411,0.1293506,0.71084
0.6903031,-0.01168293,0.1313179,0.7114075
0.689117,-0.007971317,0.1333198,0.712236
0.6885141,-0.006921023,0.1346411,0.7125813
0.6874182,-0.0006633699,0.1349751,0.7136087
0.687109,-0.0005132258,0.1357731,0.7137552
0.686995,-0.00226137,0.1368076,0.7136641
0.6870515,-0.001477599,0.1363414,0.713701
0.6848358,0.01580563,0.1341872,0.7160614
0.6691814,0.09366888,0.1256608,0.7263826
0.6308147,0.1961319,0.117974,0.7414089
0.5815672,0.2831051,0.1095034,0.7547451
0.5461202,0.3401338,0.09936681,0.7590705
0.5630687,0.3201871,0.100789,0.7551658
0.5642164,0.3256491,0.09721136,0.7524377
0.5625007,0.3297991,0.09596181,0.7520751
0.5599465,0.3358416,0.09423098,0.7515256
0.5691934,0.3190269,0.09770279,0.7514617
0.5693228,0.3155041,0.09942369,0.7526245
0.5667593,0.3154047,0.1008527,0.7544087
0.565854,0.3081408,0.1049856,0.75752
0.5521304,0.308322,0.1113857,0.7666047
0.4896693,0.3557017,0.1085411,0.7886184
0.4970466,0.3349287,0.1148274,0.7922008
0.5330393,0.3217853,0.1118509,0.7744758
0.5039095,0.3583295,0.1045187,0.7789422
0.5023058,0.3575905,0.10517,0.7802289
0.5190871,0.3406463,0.1079402,0.776439
0.5245232,0.3311903,0.1104124,0.7765292
0.5222721,0.3385117,0.107923,0.7752383
0.5228001,0.3380627,0.1079092,0.7750803
0.523338,0.3357111,0.1087302,0.7756243
0.5234855,0.3355207,0.1088126,0.7755956
0.5231669,0.336964,0.1083258,0.7752531
0.5178652,0.3448051,0.1065131,0.775616
0.5178798,0.3449914,0.1064114,0.7755372
0.520326,0.3460044,0.1053103,0.7735965
0.5115824,0.3609388,0.1014347,0.7731221
0.5070198,0.3681565,0.09962393,0.7729599
0.5109584,0.3614025,0.1014105,0.7733212
0.5177986,0.3521265,0.1034484,0.7727807
0.5163647,0.3537157,0.1032118,0.7730459
0.5102985,0.3635778,0.1006844,0.7728319
0.5068121,0.3694212,0.09911789,0.7725575
0.5057898,0.3706711,0.09887838,0.7726595
0.5092396,0.3646848,0.1004884,0.7730344
0.5149279,0.3532533,0.103761,0.7741415
0.5184218,0.346501,0.1056484,0.774606
0.518809,0.3446287,0.1063491,0.7750859
0.5198039,0.3418933,0.1072125,0.7755117
0.5204998,0.3404861,0.1076086,0.7756093
0.521439,0.338396,0.1082217,0.7758077
0.5213937,0.3391144,0.1079545,0.7755617
0.5204412,0.3403752,0.1076784,0.7756874
0.5197939,0.3423776,0.106988,0.7753357
0.5198072,0.3429005,0.106757,0.7751274
0.516806,0.348507,0.1052543,0.7748393
0.5121788,0.3587831,0.1021794,0.7736324
0.5061985,0.370835,0.0987291,0.7723323
0.5011286,0.3777563,0.09719425,0.7724788
0.4974529,0.3829712,0.09597167,0.7724397
0.4968963,0.384072,0.09564772,0.7722916
0.4943818,0.3883921,0.09452479,0.7718829
0.4942008,0.3886566,0.09445278,0.7718745
0.495874,0.3863951,0.09494826,0.771876
0.4955808,0.3871516,0.09472543,0.7717127
0.4933538,0.3897344,0.09423034,0.7719001
0.4942707,0.3877709,0.09478971,0.7722338
0.4960395,0.3848605,0.09555222,0.7724616
0.4969804,0.3829353,0.09609029,0.7727468
0.4979516,0.3809257,0.09663433,0.7730469
0.4969361,0.3818273,0.09648904,0.7732737
0.4967719,0.3823305,0.09631997,0.7731517
0.4961727,0.3824955,0.096395,0.7734454
0.4956585,0.383388,0.09620228,0.7733571
0.5021108,0.3717957,0.09940404,0.7744492
0.4921645,0.3871867,0.09551035,0.7737818
0.4922729,0.386279,0.09581223,0.7741292
0.4936175,0.3832446,0.09677966,0.7746606
0.4927414,0.3857445,0.09598283,0.7740765
0.4941426,0.3841762,0.09622683,0.7739329
0.4930967,0.385727,0.09585111,0.7738752
0.5010124,0.3726837,0.09930651,0.7747461
0.4928961,0.3857335,0.09595332,0.7739872
0.4886511,0.3903799,0.09503458,0.7744624
0.4887913,0.3905542,0.09489399,0.7743033
0.4916429,0.388087,0.09523042,0.7736968
0.5041484,0.3695029,0.09982526,0.7741685
0.486424,0.3968792,0.09295732,0.7728115
0.4841337,0.399474,0.09248079,0.7729698
0.4760402,0.4070808,0.0912497,0.7741734
0.4552206,0.4244143,0.08847547,0.777701
0.4306837,0.4425493,0.08532888,0.7819083
0.4787149,0.4028866,0.09236637,0.7745856
0.5520093,0.3258425,0.1026944,0.7606354
0.585892,0.2888695,0.1025773,0.7501752
0.6182719,0.2380948,0.1051708,0.7416129
0.6418794,0.1839425,0.111776,0.735977
0.6578666,0.1263426,0.1243038,0.731982
0.6643186,0.0936996,0.1329097,0.7295452
0.674841,0.04929221,0.1384121,0.7231885
0.6856923,-0.006923318,0.1414603,0.7139798
0.6801953,0.03869084,0.1329326,0.7198377
0.67976,0.04019889,0.1330842,0.7201382
0.6830267,0.01051256,0.1401936,0.7167355
0.6874911,-0.03461325,0.1477075,0.7101694
0.6890727,-0.05522659,0.1500157,0.706841
0.6914426,-0.0850639,0.1494088,0.7016753
0.692153,-0.08767372,0.1470261,0.7011569
0.6934806,-0.0943577,0.142266,0.6999583
0.6954923,-0.1138976,0.1314543,0.6971639
0.6940349,-0.1534425,0.1226425,0.6926253
0.685079,-0.2132637,0.1076376,0.6881857
0.6714782,-0.2587663,0.08861777,0.6886973
0.6452096,-0.327853,0.08363768,0.6849977
0.6048926,-0.4058337,0.07990032,0.6804557
0.4879988,-0.5405791,0.06062759,0.6826095
0.1792046,-0.7046793,0.04385531,0.6851202
-0.3049679,-0.6622072,0.02819276,0.6838723
-0.5222826,-0.5130115,0.01260823,0.6810882
-0.6582968,-0.307026,-0.004536211,0.6872843
-0.7031411,-0.1373737,-0.01553804,0.6974809
-0.7030721,0.01763201,-0.02416182,0.7104893
-0.6771957,0.1301826,-0.03127608,0.7235193
-0.6220058,0.247032,-0.03712967,0.7420953
-0.5678544,0.3138805,-0.04284725,0.7597266
-0.5128999,0.3536569,-0.05009936,0.7806091
-0.5123013,0.335102,-0.06046556,0.7884148
-0.4431455,0.3824608,-0.05626811,0.8088138
-0.176736,0.521253,-0.009671763,0.8348449
-0.03456837,0.5677537,0.01642278,0.8223083
-0.05597941,0.5919603,0.0167978,0.8038452
-0.1741972,0.601,0.009166047,0.779981
-0.2997504,0.5762406,0.004771188,0.7603116
-0.2852103,0.5977312,0.01223551,0.7491481
0.09016964,0.6662404,0.03583149,0.7393979
0.424692,0.5212517,0.05550511,0.7381412
0.5168915,0.4117998,0.07464845,0.7467743
0.585153,0.2902722,0.100346,0.7505122
0.6234232,0.2032728,0.1177197,0.7457653
0.618517,0.2211068,0.1123245,0.7456083
0.5447183,0.3314101,0.1010244,0.7637037
0.5027661,0.3883172,0.09037231,0.7669868
0.5339154,0.3644373,0.09012577,0.7576261
0.5549536,0.3556424,0.08430542,0.7472869
0.5699499,0.3640539,0.0702365,0.7332727
0.5275458,0.4398322,0.05481534,0.7247333
0.52248,0.4663733,0.04275216,0.7125187
0.2102431,0.6820154,0.03540438,0.6995708
0.4071571,0.5998302,0.02632652,0.6882833
0.5558105,0.4719684,0.01247248,0.6842259
0.5189592,0.5320456,0.002190113,0.6690322
0.588002,0.4609843,-0.01734114,0.6644143
0.6063855,0.4427957,-0.02982822,0.6598023
0.6225462,0.4229129,-0.04059622,0.6572161
0.6309077,0.4119107,-0.04714954,0.655791
0.636618,0.4046324,-0.05249083,0.6543967
0.6446174,0.3884224,-0.05457318,0.6562151
0.64437,0.3920362,-0.05811074,0.6540016
0.6404879,0.4012168,-0.05816674,0.6522399
0.641879,0.394349,-0.05281061,0.6555085
0.672422,0.308631,-0.04514316,0.671236
0.683159,0.2647524,-0.0361197,0.6796288
0.6990294,0.1840506,-0.02920708,0.690384
0.7079337,0.07590598,-0.02361062,0.701791
0.7040942,-0.01406252,-0.01880762,0.7097182
0.7081933,0.05200526,-0.01112762,0.7040126
0.7068226,-0.001218855,-0.003385603,0.7073817
0.6842964,-0.1416691,3.427267E-05,0.71531
0.6119503,-0.3133043,0.001793414,0.7261915
0.5471458,-0.386523,-0.008494854,0.742401
0.5332759,-0.3823488,-0.02043319,0.7543266
0.4828798,-0.420594,-0.02331485,0.7677136
0.3672277,-0.5128043,-0.008799091,0.77595
0.1572626,-0.6073989,0.01484831,0.7785337
-0.01771065,-0.6202242,0.03066285,0.7836249
-0.08433086,-0.6035895,0.0368491,0.7919661
-0.09020562,-0.586383,0.0369762,0.8041461
-0.1152245,-0.5679374,0.03997888,0.8139853
-0.1244797,-0.5625854,0.04125307,0.8162723
-0.1212335,-0.5586866,0.04076985,0.8194568
-0.100669,-0.5463288,0.03732887,0.8306607
-0.1119897,-0.5298338,0.03877996,0.83978
-0.1260697,-0.5245328,0.04119128,0.8409964
-0.1316645,-0.5241286,0.04225093,0.8403383
-0.1503807,-0.5235926,0.04557677,0.8373525
-0.1779945,-0.5216202,0.05031788,0.8328857
-0.2187973,-0.5179318,0.05702604,0.8249984
-0.2729253,-0.5082861,0.06519303,0.814191
-0.32241,-0.4949258,0.07187656,0.8037001
-0.3543653,-0.4909375,0.07410668,0.7924101
-0.3883309,-0.481944,0.07590471,0.781772
-0.4238604,-0.4597364,0.0799671,0.7762667
-0.4529105,-0.4272501,0.08754668,0.7776021
-0.4587472,-0.4027939,0.09551843,0.786247
-0.45555,-0.3984771,0.09743705,0.7900609
-0.4497018,-0.3885617,0.1012615,0.7978309
-0.4438004,-0.3874934,0.101978,0.801555
-0.4301541,-0.3888975,0.1018226,0.8083059
-0.4155529,-0.3936263,0.1002973,0.813827
-0.3999267,-0.3991682,0.09817348,0.819198
-0.3737762,-0.4107851,0.0934038,0.8263309
-0.3818008,-0.3980272,0.09691599,0.8284985
-0.3289669,-0.4178475,0.08603587,0.8424857
-0.2721294,-0.4335485,0.07345033,0.8559126
-0.2338359,-0.4282563,0.06501146,0.8704544
-0.2074384,-0.4130783,0.05839545,0.8848308
-0.2062176,-0.3853258,0.05723228,0.8976206
-0.2241771,-0.3666999,0.06206398,0.9007907
-0.243878,-0.3444003,0.06784575,0.9040514
-0.2557843,-0.3234913,0.07165745,0.9081811
-0.2756841,-0.3016851,0.0789836,0.9092557
-0.2746841,-0.2874033,0.07932247,0.9141421
-0.288394,-0.2723522,0.08549976,0.913971
-0.2895418,-0.265091,0.08714282,0.9155864
-0.3030612,-0.2535526,0.09452159,0.9137453
-0.3010146,-0.2472621,0.09521858,0.9160705
-0.3287511,-0.2469656,0.1105814,0.9048218
-0.351402,-0.2395445,0.1223172,0.8967572
-0.3718342,-0.2548317,0.1308201,0.8829985
-0.382675,-0.2816834,0.1317703,0.8699718
-0.3962206,-0.2914314,0.1349975,0.8601468
-0.3908343,-0.2920986,0.1343507,0.862483
-0.3866445,-0.2918358,0.1346836,0.8644062
-0.3919479,-0.2920731,0.1377634,0.8614472
-0.3957009,-0.2937219,0.1396118,0.8588694
-0.4445894,-0.2784442,0.153706,0.837367
-0.4865198,-0.2702012,0.1567713,0.8159121
-0.5270417,-0.2428545,0.163295,0.7978618
-0.5547919,-0.2167722,0.1675586,0.7855826
-0.5679528,-0.2324927,0.1515294,0.774865
-0.58056,-0.2360052,0.1413132,0.7663434
-0.6059616,-0.2058884,0.1399554,0.7555349
-0.6238645,-0.1950131,0.1283555,0.7458469
-0.6178507,-0.2248469,0.1145402,0.7447046
-0.6348606,-0.2138529,0.1007633,0.7355716
-0.5751073,-0.3198788,0.09014088,0.7475318
-0.6157305,-0.2726417,0.08255178,0.7346616
-0.6138698,-0.2583838,0.09514078,0.739831
-0.6066735,-0.265186,0.09837562,0.7429307
-0.594348,-0.2837898,0.09901133,0.7459294
-0.5704222,-0.3270233,0.08970726,0.7480821
-0.5559742,-0.338048,0.09230015,0.753722
-0.566063,-0.3276764,0.09186751,0.7508403
-0.5777756,-0.3030418,0.09898426,0.7513609
-0.5660753,-0.3230786,0.09477796,0.75246
-0.555836,-0.3319045,0.09623966,0.7560581
-0.5673164,-0.3227838,0.09411584,0.7517347
-0.5620182,-0.3319519,0.09208071,0.7519739
-0.5706974,-0.3198062,0.09363677,0.7505069
-0.5797313,-0.301176,0.09885187,0.7506217
-0.5595506,-0.326994,0.09712203,0.7553445
-0.5425398,-0.3421383,0.09825046,0.7608802
-0.5535332,-0.3221613,0.104028,0.7609148
-0.5516289,-0.3190554,0.1071012,0.7631766
-0.5398424,-0.3231825,0.1110533,0.7692792
-0.5502319,-0.3023894,0.1179468,0.7693465
-0.5564163,-0.2917371,0.1209149,0.7685505
-0.5646092,-0.2662744,0.1314881,0.7700814
-0.5658395,-0.2490328,0.1412806,0.7732064
-0.5605906,-0.2340325,0.1531693,0.7794268
-0.5566418,-0.2311916,0.1573347,0.7822699
-0.5232733,-0.2662669,0.1498939,0.795499
-0.5300835,-0.2694376,0.1457574,0.7906767
-0.548009,-0.2465156,0.1518022,0.7847754
-0.5380608,-0.2613162,0.1476731,0.7876529
-0.5301443,-0.2826321,0.1386295,0.7873043
-0.5369285,-0.2847774,0.1347153,0.7825991
-0.5368942,-0.2895408,0.1318835,0.7813562
-0.530915,-0.3017843,0.12727,0.7815739
-0.5315601,-0.300408,0.1275888,0.7816136
-0.5287281,-0.2993783,0.1293353,0.7836399
-0.5159416,-0.3225747,0.1208422,0.7843131
-0.5017143,-0.3499855,0.1106025,0.7833008
-0.4873559,-0.3677743,0.1055989,0.7849046
-0.4850838,-0.3702762,0.1049942,0.7852168
-0.4622794,-0.3982134,0.09626947,0.7864198
-0.4486821,-0.4116091,0.09248878,0.7878504
-0.4274195,-0.4253154,0.08942306,0.7927314
-0.4249003,-0.4261498,0.08940676,0.7936388
-0.4250993,-0.4255924,0.0895922,0.7938104
-0.432898,-0.4126239,0.09438059,0.7958851
-0.4612854,-0.3749038,0.1078462,0.7968891
-0.5003334,-0.3087944,0.1324135,0.7979844
-0.5181558,-0.2674792,0.1491378,0.7985783
-0.5201778,-0.260153,0.1524952,0.7990499
-0.5202965,-0.2507892,0.1574013,0.8010125
-0.5115627,-0.252558,0.1583431,0.8058818
-0.5006314,-0.2554975,0.1593745,0.8115966
-0.4931549,-0.2612818,0.1573576,0.81472
-0.4861939,-0.2702623,0.1538124,0.816649
-0.4906033,-0.2722726,0.1515649,0.8137592
-0.4908942,-0.2698318,0.1533041,0.8140709
-0.5038808,-0.2566893,0.157414,0.8095898
-0.4926338,-0.2642848,0.1557473,0.814376
-0.4893166,-0.265371,0.1547074,0.8162189
-0.4786474,-0.2763983,0.1504451,0.8196748
-0.4758008,-0.2776734,0.1501027,0.820963
-0.4711777,-0.2832107,0.1479468,0.8221284
-0.4660929,-0.2875394,0.1463511,0.8238081
-0.4496052,-0.2936295,0.1435328,0.8312853
-0.4419547,-0.2943022,0.1426285,0.835296
-0.4521657,-0.2906493,0.1448706,0.8307116
-0.4564813,-0.2924619,0.1443788,0.8277956
-0.4539725,-0.296724,0.1426406,0.8279598
-0.4487112,-0.2968693,0.142752,0.8307518
-0.4584254,-0.2933802,0.1443774,0.8263955
-0.4604181,-0.2959029,0.1432072,0.8245898
-0.44991,-0.3004385,0.1410922,0.8291023
-0.4412296,-0.3025444,0.1396988,0.8332272
-0.4455386,-0.2993099,0.1414,0.8318143
-0.439035,-0.3049143,0.1388611,0.8336625
-0.420521,-0.3125874,0.1340969,0.841112
-0.3970398,-0.3170571,0.1284419,0.8516671
-0.384386,-0.3127699,0.1275773,0.8591545
-0.3949573,-0.3034448,0.1319282,0.8570444
-0.3990858,-0.3019801,0.1334358,0.8554141
-0.4053965,-0.2995778,0.1357849,0.852918
-0.4116511,-0.2990893,0.1377587,0.8497714
-0.4226623,-0.2913647,0.1430873,0.8461615
-0.4191698,-0.2980039,0.141093,0.8459214
-0.4370061,-0.291522,0.1465612,0.8381888
-0.4434502,-0.2833616,0.1509442,0.8368237
-0.449583,-0.2750291,0.155333,0.8355272
-0.4632053,-0.2650458,0.1608772,0.8302469
-0.4721311,-0.2603058,0.1635522,0.8261863
-0.4760359,-0.2579507,0.1648013,0.8244342
-0.4816675,-0.2430349,0.1715229,0.8243241
-0.4895045,-0.2323668,0.1763509,0.8217613
-0.4880157,-0.2329649,0.1763151,0.8224847
-0.4861771,-0.2321049,0.1774826,0.8235648
-0.4918508,-0.2210019,0.1826529,0.8221184
-0.4956496,-0.213553,0.1860992,0.8210322
-0.5012815,-0.2103485,0.1869806,0.8182351
-0.5029038,-0.2079693,0.1877524,0.8176708
-0.5056688,-0.2026094,0.1898749,0.8168206
-0.4998066,-0.2108389,0.1860778,0.8192163
-0.490225,-0.219661,0.1819108,0.8236122
-0.4670461,-0.225421,0.177582,0.8363718
-0.3853161,-0.2372363,0.1474091,0.8795005
-0.3368384,-0.1989413,0.1209791,0.9123192
-0.3099343,-0.1713423,0.09558071,0.930294
-0.3076805,-0.1781432,0.09079002,0.9302445
-0.3012058,-0.2209293,0.09001726,0.9232346
-0.2921149,-0.2562957,0.08621316,0.9173596
-0.2873509,-0.2656669,0.08248963,0.9165403
-0.2801411,-0.2910451,0.07946447,0.9113172
-0.2810824,-0.317092,0.07989536,0.902254
-0.2817014,-0.334885,0.07964919,0.8956296
-0.2731828,-0.3544788,0.07650678,0.8909897
-0.2514467,-0.3738461,0.06969461,0.8900317
-0.2089182,-0.4011977,0.05824174,0.8899447
-0.1502316,-0.4207358,0.04350379,0.8935992
-0.08711105,-0.4276507,0.02817544,0.8992956
-0.1162214,-0.4402578,0.0362929,0.8895776
-0.1680507,-0.4483006,0.04922567,0.8765628
-0.1643776,-0.4563598,0.04867408,0.8731245
-0.1144884,-0.4670908,0.03766115,0.8759567
-0.09525879,-0.4708895,0.03346392,0.8763955
-0.1016272,-0.4767934,0.03516209,0.8724124
-0.1064938,-0.4893285,0.03682098,0.8647895
-0.1151882,-0.5076675,0.03928713,0.8529138
-0.1452248,-0.5241098,0.04513915,0.8379625
-0.1922791,-0.5337396,0.05255894,0.8218201
-0.2339875,-0.5389557,0.05754446,0.8071339
-0.2881196,-0.5327093,0.06322189,0.7932282
-0.3428085,-0.528193,0.0651603,0.7741115
-0.4729037,-0.4591936,0.06986472,0.7487471
-0.5972073,-0.3227598,0.07364568,0.7305792
-0.6283846,-0.2675152,0.0759725,0.7264961
-0.5601081,-0.3710909,0.07386622,0.7369629
-0.5210751,-0.4157451,0.07179804,0.7419446
-0.5213112,-0.4159316,0.07158169,0.7416952
-0.5394702,-0.39561,0.07288036,0.7396979
-0.5137533,-0.4294427,0.06817351,0.7395869
-0.5079004,-0.4362491,0.0673354,0.7397228
-0.5052607,-0.4416645,0.0657873,0.7384552
-0.5117924,-0.4375859,0.06480193,0.7364697
-0.4920969,-0.4597361,0.06230812,0.7366145
-0.4783441,-0.474827,0.06041703,0.7362581
-0.455349,-0.4976457,0.05778831,0.73598
-0.4424083,-0.5090531,0.05666445,0.7361584
-0.4441368,-0.5071371,0.05699457,0.7364144
-0.4482513,-0.5039182,0.05720228,0.7361149
-0.4384603,-0.512644,0.05622655,0.736062
-0.4336063,-0.5176587,0.05543378,0.7354877
-0.4203853,-0.5293775,0.05399543,0.7349287
-0.4016992,-0.5430429,0.05286248,0.7354915
-0.3105032,-0.5895139,0.05003563,0.7440144
-0.2373155,-0.6028758,0.04877178,0.7601603
-0.3049894,-0.5655777,0.05669184,0.7641266
-0.4824743,-0.4436421,0.07401034,0.7516134
-0.5595524,-0.3597797,0.08090854,0.7422355
-0.5496815,-0.3898708,0.0702108,0.7354737
-0.3446957,-0.5717127,0.05264185,0.7426698
-0.303646,-0.5890454,0.05109036,0.7471374
-0.2940039,-0.5889098,0.05150799,0.7510618
-0.2722606,-0.5983629,0.05004004,0.7518857
-0.2624277,-0.6058977,0.04856844,0.7494404
-0.2064348,-0.6303438,0.04410791,0.7470648
-0.2185841,-0.6268507,0.04477089,0.7465084
-0.2604544,-0.6138447,0.04682376,0.7437511
-0.3328068,-0.5820225,0.05047828,0.7402306
-0.3945874,-0.5449353,0.05391482,0.7378614
-0.4223707,-0.5244266,0.05583349,0.737199
-0.4248335,-0.5206758,0.05679102,0.7383685
-0.4354677,-0.5103782,0.05836055,0.7392402
-0.4324836,-0.5100645,0.0593171,0.74113
-0.4334752,-0.5073402,0.06022832,0.742346
-0.4331782,-0.5061457,0.06080405,0.7432873
-0.4351016,-0.5043496,0.06104775,0.7433647
-0.4670596,-0.4762602,0.06403282,0.7422475
-0.50003,-0.4432308,0.06746264,0.7409219
-0.5312184,-0.4066289,0.0715241,0.7398272
-0.5531163,-0.377305,0.07496187,0.738975
-0.5767534,-0.3419869,0.07900655,0.7376709
-0.596015,-0.3101026,0.08252025,0.7360657
-0.6276445,-0.2541615,0.08547267,0.7308617
-0.6630316,-0.1789783,0.08374137,0.7220411
-0.6845833,-0.1133519,0.08052787,0.7155504
-0.7030868,0.01066351,0.07722586,0.7068179
-0.6900989,0.1776246,0.07340279,0.6977285
-0.6458136,0.3181504,0.07174313,0.6903318
-0.6293179,0.354941,0.07297492,0.6874958
-0.6130105,0.3823851,0.06845194,0.6879783
-0.650993,0.3048521,0.07063213,0.6915811
-0.6897408,0.1769201,0.06860381,0.6987492
-0.6892157,-0.121815,0.06218991,0.7115303
-0.620699,-0.3098225,0.05706108,0.7179741
-0.374339,-0.5777309,0.04558966,0.7238914
-0.06273722,-0.6831881,0.03646823,0.7266279
0.09676845,-0.6810368,0.03235065,0.7251057
-0.08975765,-0.6883952,0.03686862,0.7188159
0.2450009,-0.6597972,0.03494168,0.7095218
-0.02249591,-0.7180591,0.03707475,0.6946299
0.4400338,-0.5739746,0.0514283,0.6886789
0.6789778,-0.2274894,0.07792425,0.693661
0.6968914,-0.1405621,0.09542209,0.6967635
0.6964442,-0.1423925,0.1032216,0.6957264
0.6971181,-0.1336294,0.1068549,0.696241
0.698958,-0.06819668,0.1118091,0.7030687
0.6881336,-0.0001454949,0.1301669,0.7138127
0.6551368,0.08181673,0.1495087,0.7360359
0.6133101,0.1415691,0.1571178,0.7610012
0.6031982,0.162727,0.1530518,0.7656677
0.6392776,0.1647845,0.123596,0.7408741
0.6767555,0.1440852,0.07832611,0.7177091
0.5666238,0.3915019,0.05589566,0.7228689
0.2933795,0.6043148,0.04676356,0.739287
0.07547884,0.6662401,0.03584638,0.7410412
-0.246401,0.6170418,0.01729788,0.7471592
-0.3385238,0.5574627,0.003853232,0.7580383
-0.3025676,0.5677116,0.003421307,0.7656008
-0.2330777,0.5853119,0.005919628,0.7765628
-0.2046063,0.5827802,0.005383223,0.7864316
-0.2349475,0.568934,0.001105584,0.7881069
-0.2643548,0.5567684,-0.002281189,0.7874771
-0.2828589,0.5446317,-0.005644411,0.7895159
-0.3687431,0.5272926,-0.003368273,0.7654932
-0.6103704,0.305238,-0.007864505,0.7309008
-0.704785,0.02095687,-0.008668751,0.7090585
-0.6973799,-0.1679879,-0.00535661,0.6967155
-0.6768379,-0.2416298,0.00662899,0.6953139
-0.6983601,0.08744946,0.008996069,0.7103273
-0.6409829,-0.3224143,0.01840276,0.6963127
-0.5936189,-0.4023015,0.02389908,0.6965622
-0.4744985,-0.5336436,0.03178741,0.699332
-0.3667499,0.6086134,0.03945456,0.7025152
-0.6982771,0.1180331,0.04744714,0.7044332
-0.6974123,-0.08988214,0.05495209,0.7088847
-0.6865528,-0.1297109,0.06480232,0.7124752
-0.6577984,-0.2118637,0.07087603,0.7192993
-0.6777285,-0.1349083,0.08309773,0.718038
-0.6886859,-0.07791919,0.09070402,0.7151316
-0.6954938,-0.0144228,0.1022872,0.7110679
-0.6948938,0.01701891,0.1171956,0.7092941
-0.695599,0.06148258,0.127723,0.7043074
-0.6931612,0.07667884,0.1407899,0.7027276
-0.690151,0.08707148,0.1541373,0.7016779
-0.6869706,0.1064029,0.1687186,0.698773
-0.6839961,0.1160388,0.1801009,0.6973149
-0.6817784,0.1182968,0.1873263,0.6972036
-0.6797261,0.1215276,0.1939042,0.6968534
-0.678339,0.1208141,0.1976246,0.6972839
-0.6770784,0.1205028,0.2009286,0.6976186
-0.6745895,0.1089109,0.2041022,0.7010062
-0.6728063,0.09811881,0.2049419,0.7040619
-0.6707551,0.08571291,0.2051199,0.707578
-0.6686096,0.07639566,0.2059662,0.7104242
-0.6678036,0.07682565,0.2077228,0.7106247
-0.6607893,0.03537583,0.2022043,0.7219554
-0.6442436,-0.02135202,0.1958764,0.7390039
-0.6210337,-0.08830932,0.1823474,0.7571447
-0.5913305,-0.1631174,0.1628959,0.7727781
-0.5930092,-0.1804064,0.1541758,0.7694306
-0.5979164,-0.2006976,0.1417118,0.7629772
-0.5933427,-0.2388542,0.1250738,0.7584521
-0.5890767,-0.2558437,0.1189333,0.7572235
-0.5963348,-0.2387906,0.123179,0.7564329
-0.5975748,-0.2257554,0.1292948,0.7584338
-0.590856,-0.238354,0.127016,0.760226
-0.5730993,-0.2702956,0.1207335,0.7641472
-0.5297474,-0.3155949,0.1166859,0.7785578
-0.4909706,-0.3332028,0.1172395,0.7963533
-0.4718907,-0.3403607,0.1161095,0.8049797
-0.5068146,-0.3181139,0.120335,0.792125
-0.5903522,-0.2363682,0.1275794,0.7611425
-0.649714,-0.1379635,0.1285885,0.7364121
-0.6762249,-0.06033683,0.1298141,0.7226533
-0.6693521,-0.08799651,0.1275323,0.7266085
-0.6625967,-0.1103496,0.1261065,0.7299903
-0.6671646,-0.09544674,0.1271105,0.7277529
-0.6692445,-0.08640948,0.128597,0.7267104
-0.667331,-0.09035912,0.129679,0.7277966
-0.6686964,-0.08652493,0.1294688,0.7270464
-0.6680493,-0.08953777,0.1288668,0.7273833
-0.6688952,-0.0874311,0.1286382,0.7269024
-0.6701522,-0.08469859,0.1279685,0.726186
-0.6714384,-0.08152449,0.127431,0.7254554
-0.6718396,-0.08482468,0.1248622,0.7251523
-0.6728565,-0.08604234,0.122273,0.7245069
-0.673349,-0.09437343,0.1166298,0.7239422
-0.6765596,-0.08296716,0.116783,0.7223194
-0.6776657,-0.07788777,0.1173618,0.721754
-0.6783689,-0.07807091,0.1157869,0.721328
-0.6788023,-0.07974935,0.1139298,0.7210323
-0.6793001,-0.08061466,0.1123678,0.7207122
-0.6788932,-0.08162549,0.1126396,0.7209395
-0.6790239,-0.08039981,0.1130709,0.7208866
-0.6786132,-0.08016887,0.1140982,0.721137
-0.6776605,-0.08284989,0.1145887,0.721652
-0.6777018,-0.08220348,0.1148653,0.721643
-0.6769921,-0.08524653,0.1145912,0.7219998
-0.677081,-0.08544293,0.1143072,0.7219381
-0.6777555,-0.08286387,0.11439,0.7215927
-0.6777723,-0.08384681,0.1138184,0.7215538
-0.6772329,-0.08553749,0.1139568,0.72184
-0.6779377,-0.08249316,0.1142238,0.7214904
-0.6776917,-0.08350551,0.1141597,0.7216151
-0.6775075,-0.08389041,0.1143101,0.7217196
-0.6772531,-0.08546901,0.1139484,0.7218304
-0.6775969,-0.0844875,0.1138049,0.7216458
-0.6778656,-0.08275977,0.1142114,0.7215295
-0.6777605,-0.08474547,0.1133409,0.7215348
-0.6774744,-0.08440349,0.1140902,0.7217257
-0.6780396,-0.08271551,0.1138961,0.721421
-0.6776716,-0.08443063,0.1136943,0.7215998
-0.6772295,-0.0849303,0.1142972,0.7218609
-0.6767172,-0.0869951,0.1141745,0.7221148
-0.6770295,-0.08583835,0.1142109,0.7219548
-0.6772782,-0.08422965,0.1146055,0.7218485
-0.6782045,-0.08151379,0.1142574,0.7213455
-0.6775901,-0.08386171,0.1142002,0.7216628
-0.6775372,-0.0845179,0.1139508,0.7216753
-0.6772717,-0.08506688,0.1141687,0.7218257
-0.6774032,-0.0850406,0.1139201,0.7217447
-0.6773363,-0.08501053,0.1140681,0.7217874
-0.6772528,-0.08473605,0.114374,0.7218497
-0.6777824,-0.08272359,0.11442,0.7215787
-0.6774366,-0.0832395,0.1148202,0.7217805
-0.6771407,-0.08543265,0.1141944,0.7219011
-0.6772848,-0.08507937,0.1141009,0.7218226
-0.6778283,-0.08252588,0.1144168,0.7215587
-0.6784293,-0.08206898,0.1134665,0.721196
-0.6780937,-0.08162192,0.1143739,0.721419
-0.6778398,-0.08322829,0.1140132,0.7215312
-0.6776386,-0.08461753,0.1136394,0.7216175
-0.6771984,-0.08781391,0.1127276,0.7217919
-0.6776036,-0.08694497,0.1123969,0.7215683
-0.6772416,-0.08826068,0.1123793,0.7217513
-0.6774452,-0.08826658,0.1119725,0.7216226
-0.6778221,-0.08765164,0.1115606,0.7214074
-0.6771704,-0.09030923,0.1113856,0.7217185
-0.6774951,-0.08858716,0.1116925,0.7215798
-0.6772033,-0.08986607,0.1115611,0.7217158
-0.6769725,-0.08940414,0.1122662,0.7218805
-0.6773275,-0.08684754,0.1129726,0.7217494
-0.6774529,-0.08722985,0.1125225,0.721656
-0.6775296,-0.08756775,0.1121855,0.7215954
-0.6772292,-0.09114814,0.1108096,0.7216466
-0.6773984,-0.09003153,0.1110913,0.7215847
-0.6770887,-0.09071708,0.1113242,0.7217536
-0.6769353,-0.09192353,0.1109598,0.721801
-0.6768718,-0.09093407,0.1116253,0.7218834
-0.6773696,-0.08885509,0.1117942,0.7216489
-0.6771833,-0.08979881,0.1116403,0.7217308
-0.6772847,-0.08985782,0.1114106,0.7216638
-0.6769976,-0.09209937,0.1107361,0.7217544
-0.6768699,-0.09134376,0.1114022,0.7218678
-0.6772934,-0.09062785,0.1109699,0.7216271
-0.6773368,-0.09023413,0.1111003,0.7216158
-0.6766484,-0.09302908,0.1109053,0.7219367
-0.6771379,-0.09097898,0.1110791,0.7217122
-0.677181,-0.09076777,0.1111153,0.7216927
-0.6774431,-0.08964613,0.1112192,0.721571
-0.6759883,-0.0954721,0.1108243,0.7222484
-0.677101,-0.09137055,0.1109379,0.7217191
-0.6773193,-0.0900616,0.1112312,0.7216336
-0.6770133,-0.09157577,0.1109961,0.7217664
-0.6773044,-0.08961678,0.1115057,0.7216607
-0.6769061,-0.09231007,0.1108024,0.7218032
-0.6762635,-0.09442949,0.1108717,0.7221207
-0.6767707,-0.09284717,0.1107655,0.7218669
-0.6770179,-0.09233561,0.1105677,0.7217309
-0.6768688,-0.09076104,0.1117257,0.7218924
-0.6774579,-0.08815435,0.1120078,0.7216188
-0.6768939,-0.0904693,0.1118437,0.7218871
-0.6772513,-0.08911943,0.1118847,0.7217133
-0.6766442,-0.09212515,0.1114143,0.7219781
-0.6769733,-0.0895656,0.1121861,0.7218721
-0.6769098,-0.09030914,0.1118989,0.7218836
-0.6770768,-0.08992878,0.1117854,0.7217922
-0.6773463,-0.08792207,0.1123593,0.7216973
-0.6769751,-0.09004471,0.1119222,0.7218519
-0.6768808,-0.08962667,0.1123384,0.7219276
-0.6768044,-0.09024537,0.1121504,0.7219514
-0.677683,-0.08739454,0.1119992,0.7215012
-0.6769138,-0.08996388,0.1120994,0.721892
-0.6770123,-0.08875933,0.112574,0.7218748
-0.676787,-0.08991247,0.1123812,0.7219734
-0.6777019,-0.08562902,0.1129381,0.7215489
-0.6769397,-0.08910742,0.1125304,0.7219069
-0.6768353,-0.09004033,0.1122273,0.7219361
-0.6766096,-0.09157765,0.1118197,0.7220175
-0.6767275,-0.09068516,0.1120854,0.7219784
-0.6769261,-0.09015018,0.1120003,0.7218724
-0.6772547,-0.08865255,0.1121848,0.7217212
-0.6770184,-0.08913481,0.1123723,0.7218543
-0.6770109,-0.08960798,0.1121321,0.72184
-0.6772827,-0.08821866,0.1123589,0.7217209
-0.6774668,-0.0883131,0.1119503,0.7216001
-0.6767322,-0.09084079,0.1119968,0.7219683
-0.6774517,-0.08723119,0.112574,0.7216488
-0.6774532,-0.08752331,0.112409,0.7216377
-0.6767161,-0.09153867,0.1116453,0.7219496
-0.6761541,-0.09361735,0.1115831,0.7222191
-0.6768234,-0.09043697,0.1120372,0.7219272
-0.6765907,-0.09220287,0.1115144,0.7220029
-0.6767566,-0.09145904,0.1116017,0.7219286
-0.6769307,-0.09147817,0.111252,0.721817
-0.6769067,-0.09140211,0.1113311,0.7218369
-0.6768773,-0.09051958,0.1118687,0.7218924
-0.6762281,-0.09304398,0.1117218,0.7222026
-0.6768186,-0.09135562,0.1114946,0.7219
-0.676583,-0.09728861,0.1085477,0.7217948
-0.6772566,-0.08875117,0.1121182,0.7217176
-0.6770381,-0.09121859,0.1111756,0.7217607
-0.6768618,-0.0919857,0.1110737,0.7218446
-0.6767699,-0.09087959,0.1118646,0.7219486
-0.6760522,-0.09382901,0.1116222,0.7222812
-0.6761837,-0.09311187,0.1117665,0.7222285
-0.6762128,-0.09318364,0.1116699,0.722207
-0.6769943,-0.09015411,0.1118304,0.7218344
-0.6766651,-0.09183308,0.1115465,0.7219754