0.4010026,0.4625631,0.07934768,0.7867249
0.5175114,0.569337,-0.02814838,0.6381576
0.4915327,0.5660859,-0.001000583,0.6617715
0.4425411,0.597794,0.01074463,0.6683444
0.3068802,0.6730915,0.02429451,0.6724448
0.1421149,0.7220854,0.03416179,0.6761872
-0.1428455,0.7214702,0.04641917,0.6759595
-0.3173825,0.6642753,0.05592665,0.6744472
-0.436187,0.5936961,0.06553437,0.6730313
-0.4700823,0.5726715,0.07390483,0.6675388
-0.5218112,0.5253111,0.08152612,0.6671692
-0.5525346,0.4935957,0.08908948,0.6656814
-0.5895636,0.4445575,0.09577242,0.6675411
-0.6248665,0.3880078,0.1062603,0.6691043
-0.6609024,0.3077596,0.1200777,0.6738495
-0.67525,0.2616941,0.1293947,0.6773556
-0.6772523,0.2543377,0.1364992,0.6767641
-0.6752516,0.2634162,0.1451869,0.6734746
-0.6786199,0.2483665,0.1431819,0.6762309
-0.6833285,0.221448,0.1509868,0.6791361
-0.6881659,0.1124725,0.1644967,0.6976522
-0.6572007,-0.03843936,0.1692114,0.7334692
-0.548351,-0.2254455,0.1452778,0.7920732
-0.4522006,-0.3120079,0.1202407,0.8268663
-0.4818667,-0.292026,0.1284311,0.8161071
-0.5134212,-0.2558272,0.1401509,0.8070371
-0.5266974,-0.2309007,0.1480544,0.8045835
-0.5282871,-0.2344544,0.1465405,0.8027888
-0.5342271,-0.2470669,0.1409538,0.7960473
-0.5324175,-0.2770064,0.1292809,0.7893577
-0.4653453,-0.3692112,0.1045239,0.7976287
-0.3926901,-0.4259284,0.08928274,0.8101902
-0.2787558,-0.4820195,0.06831042,0.8278199
-0.1133897,-0.5284137,0.03897062,0.8404779
-0.006885665,-0.5306991,0.02083554,0.8472762
0.007049222,-0.5143519,0.01721846,0.8573772
-0.0452699,-0.4889421,0.02489368,0.8707852
-0.09279069,-0.4677368,0.03316206,0.8783578
-0.1184738,-0.4926929,0.04025657,0.8611603
-0.192342,-0.5519574,0.05272567,0.8096713
-0.2402749,-0.5923218,0.05251573,0.767245
-0.4144619,-0.5354963,0.05502345,0.733783
-0.6542186,-0.2310839,0.06547868,0.7171547
-0.6851367,-0.1114504,0.08171153,0.715185
-0.6981733,-0.01621246,0.09262022,0.7097273
-0.7007965,0.04231405,0.09931427,0.7051457
-0.7006341,0.0664416,0.1025023,0.7029869
-0.6999509,0.08691639,0.1054637,0.7009933
-0.6986984,0.1075771,0.1093187,0.6987826
-0.6985587,0.1075892,0.1106376,0.6987129
-0.6979051,0.1135104,0.1138034,0.6979204
-0.697831,0.1086404,0.1165511,0.6983157
-0.6970537,0.1143281,0.1207426,0.6974715
-0.6959838,0.1254874,0.1246597,0.6959307
-0.6945778,0.1424055,0.1266355,0.6937189
-0.6931033,0.1540595,0.1311122,0.6918694
-0.6915471,0.1659333,0.1348996,0.6899499
-0.6903257,0.1744393,0.1377879,0.6885026
-0.6897159,0.1781635,0.1395607,0.6878027
-0.6893988,0.1789754,0.1418367,0.6874442
-0.6896197,0.1730985,0.1459019,0.6878767
-0.6900269,0.164615,0.1491665,0.6888499
-0.6892594,0.1708646,0.1506019,0.6877832
-0.6888019,0.1751441,0.150767,0.6871286
-0.6895463,0.1688402,0.1496652,0.6881999
-0.6898996,0.1615694,0.1517774,0.689128
-0.6904932,0.1445692,0.1552259,0.6915373
-0.6907127,0.1339177,0.1565595,0.6931602
-0.6906787,0.1222298,0.1581565,0.6949887
-0.690268,0.1014971,0.1596496,0.698384
-0.6887273,0.06900263,0.1595856,0.7038649
-0.6883501,0.06168228,0.1589561,0.7050549
-0.6871879,0.07768461,0.1670881,0.7027228
-0.686097,0.0686329,0.1682933,0.7044415
-0.6828471,0.05657127,0.174034,0.7072705
-0.6789961,0.0446417,0.1796419,0.7104227
-0.6778922,0.03348187,0.1778439,0.7125396
-0.6750391,0.02069074,0.1788017,0.7154887
-0.672608,0.01311982,0.1804809,0.7175325
-0.6691937,0.003882408,0.1828722,0.7202239
-0.665141,-0.006218821,0.1853038,0.7233335
-0.6610765,-0.02173936,0.1843144,0.7270031
-0.6582259,-0.02386531,0.1876211,0.7286752
-0.6554813,-0.03121975,0.1878756,0.7308024
-0.6520771,-0.04045498,0.187787,0.7334132
-0.6494139,-0.048832,0.1868833,0.7354941
-0.6429071,-0.07327205,0.1815896,0.740491
-0.6319664,-0.1069717,0.1745472,0.7474684
-0.6210122,-0.1363267,0.1681895,0.7533067
-0.6081454,-0.159566,0.1654719,0.7598137
-0.5935834,-0.1913794,0.1574202,0.7656707
-0.5780221,-0.2099339,0.1561826,0.7729328
-0.5585508,-0.2313555,0.1535588,0.7816107
-0.5303302,-0.2608878,0.1479558,0.7929668
-0.4871198,-0.3014525,0.1373521,0.8080688
-0.459883,-0.3252954,0.1297477,0.816
-0.468339,-0.3333106,0.1266737,0.8084035
-0.4932724,-0.3214683,0.128483,0.7980179
-0.5099313,-0.3147174,0.1278118,0.7903083
-0.5205649,-0.3018666,0.1303636,0.7879683
-0.5222546,-0.3011561,0.1295596,0.7872544
-0.5287176,-0.2877252,0.1332996,0.7873393
-0.5347691,-0.2805265,0.1344454,0.7856534
-0.5309286,-0.2852826,0.1328882,0.7868095
-0.4904262,-0.3213781,0.1250844,0.800345
-0.400201,-0.3720281,0.107968,0.8305283
-0.4047976,-0.3726088,0.1084653,0.8279715
-0.4038115,-0.3740238,0.1081118,0.8278612
-0.397581,-0.3789803,0.1063486,0.8288505
-0.3936681,-0.3835997,0.1049518,0.8287713
-0.3951966,-0.3833121,0.1051926,0.8281462
-0.3959312,-0.3840097,0.10515,0.8274772
-0.3968236,-0.3853477,0.1049475,0.8264527
-0.3993143,-0.3860253,0.105028,0.8249253
-0.3964822,-0.3921603,0.1033937,0.823603
-0.3937243,-0.3984829,0.1017149,0.8220989
-0.3960762,-0.3968084,0.1022947,0.8217071
-0.39343,-0.4024448,0.1007562,0.8204262
-0.3937979,-0.4024816,0.1007676,0.8202303
-0.3950543,-0.4016834,0.1010383,0.8199841
-0.3930035,-0.4041944,0.1002868,0.8198279
-0.391555,-0.405634,0.09982361,0.8198665
-0.3914952,-0.4060704,0.09970479,0.8196934
-0.3906527,-0.4076798,0.09924769,0.819352
-0.3884685,-0.4098082,0.09859511,0.8194075
-0.3900994,-0.4076642,0.09921587,0.819627
-0.3880658,-0.410042,0.098473,0.8194959
-0.3856598,-0.4117351,0.09788969,0.8198527
-0.3847804,-0.4132828,0.09745003,0.8195394
-0.3866597,-0.4109277,0.09811692,0.8197595
-0.3888711,-0.4074031,0.09910242,0.820354
-0.3903983,-0.4055112,0.09965079,0.8204996
-0.3925138,-0.4037004,0.100217,0.8203142
-0.3930842,-0.4017771,0.1007227,0.8209232
-0.3917218,-0.4028903,0.1003603,0.8210733
-0.3909716,-0.4033358,0.1002135,0.82123
-0.3904521,-0.4039382,0.1000294,0.8212035
-0.392326,-0.4024839,0.1004963,0.8209674
-0.3942332,-0.4008097,0.1010351,0.8208067
-0.3937561,-0.4014162,0.1008745,0.8207591
-0.3933116,-0.4032721,0.1004112,0.820119
-0.3909118,-0.4066425,0.09945539,0.8197186
-0.3902563,-0.4075744,0.09920129,0.8195988
-0.3897121,-0.4082911,0.09899659,0.8195257
-0.3885573,-0.4095136,0.09864324,0.8195068
-0.3905366,-0.4075628,0.09923537,0.8194669
-0.3918028,-0.4056996,0.09977269,0.8197218
-0.3936519,-0.4032117,0.1005055,0.8199738
-0.3945406,-0.4009746,0.1011115,0.8205691
-0.3960845,-0.3988451,0.1017206,0.8207877
-0.3951595,-0.3990756,0.1016198,0.8211341
-0.3969725,-0.3969997,0.1022699,0.8211851
-0.3953636,-0.3987588,0.1017261,0.8211765
-0.3938612,-0.4005767,0.1011811,0.8210809
-0.3917499,-0.4020944,0.1006752,0.8214114
-0.3899751,-0.4038919,0.1001263,0.8214412
-0.3888408,-0.4043077,0.0999604,0.8217943
-0.3888602,-0.4037553,0.1000878,0.8220413
-0.38941,-0.4033963,0.1002157,0.8219416
-0.3898522,-0.4029389,0.1003531,0.8219396
-0.3889162,-0.403635,0.1001276,0.822069
-0.3884011,-0.4039468,0.1000176,0.8221728
-0.3899298,-0.4019766,0.1005934,0.8223445
-0.3930139,-0.3981177,0.1017295,0.8226138
-0.3911824,-0.3996999,0.1011731,0.8227882
-0.3854861,-0.4046469,0.09950598,0.8232617
-0.3834181,-0.4054886,0.0991102,0.8238608
-0.3848694,-0.403403,0.09965993,0.8241417
-0.3836178,-0.4041575,0.09937376,0.8243901
-0.3859585,-0.4019526,0.1000688,0.8242915
-0.3888667,-0.3977141,0.1013223,0.8248273
-0.3937406,-0.3931546,0.1028035,0.8245176
-0.3950346,-0.3904772,0.103551,0.8250772
-0.3989231,-0.3844733,0.1052825,0.8258063
-0.3990751,-0.3823693,0.1058085,0.8266422
-0.3967919,-0.3830801,0.1054928,0.8274521
-0.3973673,-0.3784032,0.1065547,0.8291902
-0.3927819,-0.3708644,0.1076322,0.8346241
-0.3840521,-0.3563101,0.1091385,0.8447698
-0.4242229,-0.3183763,0.1244247,0.8385642
-0.4732161,-0.2827926,0.1409788,0.8223259
-0.515745,-0.2303611,0.160919,0.8093491
-0.5765759,-0.1281632,0.1961211,0.782733
-0.6172643,-0.04208601,0.2192679,0.7544106
-0.6394074,0.002676576,0.2227217,0.7358981
-0.6391999,-0.007838041,0.2179424,0.7374708
-0.6427976,-0.005183041,0.2154171,0.7351053
-0.6494637,0.01065481,0.2151308,0.7292477
-0.6558665,0.02047208,0.2111004,0.7244698
-0.6638538,0.04493123,0.2095678,0.7164919
-0.6703229,0.05965927,0.2033371,0.7111695
-0.6752223,0.07582778,0.1986731,0.706296
-0.678818,0.08830109,0.1935805,0.7028055
-0.6839057,0.1056539,0.1828793,0.6983305
-0.6859605,0.1245516,0.1779712,0.6944575
-0.6859188,0.1547926,0.1765666,0.6887517
-0.6837996,0.1929505,0.1735044,0.6819711
-0.6789238,0.2366422,0.1615312,0.6759961
-0.6756185,0.2531354,0.1635564,0.6728384
-0.6684552,0.2849268,0.1565998,0.6689251
-0.6631917,0.3039377,0.1525489,0.666729
-0.6562859,0.3248249,0.1450418,0.6653874
-0.6474979,0.347709,0.1383416,0.6638573
-0.6390623,0.3654808,0.1291094,0.6643448
-0.6340014,0.374621,0.1229998,0.6652612
-0.6233637,0.392283,0.1130928,0.6668895
-0.6065518,0.4181551,0.1027136,0.6683496
-0.5776647,0.4564504,0.08984149,0.6707346
-0.5147156,0.5250003,0.07418245,0.6737503
-0.3858044,0.6175483,0.0540249,0.6832792
-0.5885959,0.3965577,0.04170206,0.703248
-0.2492389,0.6351107,0.02593692,0.7306447
-0.2288997,0.6013331,0.01202848,0.765414
-0.2152179,0.5558805,-0.001857989,0.8029164
-0.2368799,0.5030594,-0.01753135,0.8309704
-0.2820094,0.441983,-0.03709798,0.8507324
-0.1933734,0.4704731,-0.02116568,0.8607054
-0.045634,0.535847,0.01172828,0.8429993
0.01585828,0.5741852,0.02525918,0.8181821
0.03914019,0.6085594,0.0307834,0.7919443
0.1059504,0.6342107,0.03793009,0.7649266
0.382083,0.545586,0.05520631,0.7438419
0.6584569,0.1828442,0.08783638,0.7247671
0.6960465,-0.02803749,0.1160664,0.7079984
0.6942449,-0.1443636,0.1293332,0.6931493
0.6919481,-0.1230497,0.1493602,0.6955273
0.6857958,-0.0187526,0.1441268,0.7131339
0.6763377,0.06231472,0.1264819,0.7229706
0.6791592,0.05716184,0.1235285,0.7212601
0.6849072,0.05407968,0.1123147,0.7178878
0.7003015,-0.02015546,0.09493482,0.7072191
0.698182,-0.1303832,0.08805227,0.6984188
0.6768047,-0.2360227,0.07904807,0.692806
0.5562655,-0.4651113,0.06324767,0.6857404
0.2902054,-0.6729642,0.05120742,0.6784378
0.002795951,-0.733741,0.03939737,0.6782802
-0.3096716,-0.6614808,0.02794726,0.68247
-0.533924,-0.4970196,0.01486003,0.6838683
-0.6442206,-0.328766,0.00736776,0.6905349
-0.652043,-0.3179514,0.0008472502,0.6882921
-0.6780226,-0.2511425,-0.00530836,0.6907856
-0.6839685,-0.2371499,-0.0122425,0.6897805
-0.6935103,-0.2014221,-0.01731497,0.6915003
-0.6902712,-0.2212926,-0.02199638,0.6885284
-0.697983,-0.1829863,-0.02263448,0.6919707
-0.7074353,-0.09130329,-0.02056742,0.700554
-0.707278,-0.02015033,-0.01433295,0.7065028
-0.6828272,0.1394824,-0.006325275,0.7171133
-0.5479572,0.4069999,0.006653786,0.730787
-0.2585738,0.6169909,0.02101855,0.7429805
-0.1556767,0.642006,0.02461474,0.7503248
-0.1251601,0.636156,0.02373484,0.7609712
-0.05246041,0.6287409,0.02643972,0.7753925
0.07165779,0.6129053,0.0370081,0.7860298
0.3352244,0.5210009,0.06805474,0.7820175
0.4958828,0.3756218,0.09931347,0.7766243
0.5491173,0.2888376,0.1204637,0.7749397
0.5574529,0.3078142,0.1087486,0.7633285
0.5634778,0.3209727,0.09950383,0.7546975
0.5826308,0.2914389,0.1037363,0.7515607
0.6007852,0.2568076,0.1099337,0.7490138
0.6106821,0.2259227,0.1193346,0.7495234
0.6117593,0.2124144,0.1261648,0.751474
0.6190121,0.1970789,0.1288816,0.7492487
0.6219124,0.1865177,0.132535,0.7489129
0.6277881,0.1733025,0.1348059,0.7467769
0.6376937,0.1398768,0.1437089,0.7437264
0.6489802,0.1042529,0.150731,0.7384012
0.6590326,0.06396756,0.1593114,0.7322596
0.6606507,0.05044612,0.1643325,0.7307466
0.6621192,0.03800106,0.1688623,0.7291363
0.6623338,0.03021827,0.1728146,0.7283788
0.6595764,0.03867751,0.173043,0.7304239
0.6546159,0.04843792,0.1752774,0.7337641
0.6481626,0.0664255,0.1744261,0.7382739
0.6420901,0.08133459,0.1738452,0.7422147
0.6313978,0.09890023,0.1755942,0.7488139
0.6167538,0.1278875,0.1727475,0.7572436
0.6017996,0.1464834,0.1732033,0.7657549
0.5918923,0.1612891,0.1712788,0.7709169
0.583701,0.171069,0.1703306,0.7752523
0.5678475,0.1939234,0.1655554,0.7826457
0.5544251,0.2117757,0.1614248,0.7884833
0.5427663,0.2246803,0.1585381,0.7935926
0.5349264,0.2260392,0.1593635,0.7983503
0.5290921,0.2297374,0.1586644,0.8013164
0.5088693,0.2469239,0.1536848,0.8102232
0.474888,0.2683482,0.1457402,0.8253668
0.4012307,0.3059705,0.1242082,0.8543819
0.3045848,0.3257013,0.09295774,0.8902278
0.2888033,0.2963023,0.08638705,0.9062753
0.2873621,0.2745094,0.08483142,0.9137129
0.3068132,0.2607206,0.09340673,0.9105853
0.3025137,0.2537227,0.09285356,0.9140505
0.2902314,0.2487377,0.08892076,0.9197763
0.2851817,0.2372241,0.08778606,0.9244943
0.2815957,0.2320679,0.08826366,0.9268538
0.2761621,0.222561,0.08710994,0.9309205
0.2765506,0.2096696,0.0886162,0.9336517
0.2600794,0.2020988,0.08129698,0.9406942
0.2608963,0.2006056,0.08417176,0.9405348
0.2731962,0.2089725,0.09445137,0.9342234
0.3067484,0.2353681,0.1146785,0.9150716
0.3212368,0.2653424,0.1200122,0.9011089
0.3461691,0.2713629,0.1307375,0.8885026
0.3899493,0.2574896,0.1506283,0.8711772
0.4147229,0.2515587,0.1601805,0.8596891
0.4246147,0.2467135,0.1645363,0.8554313
0.4325454,0.2428733,0.1675721,0.8519605
0.4323225,0.2503102,0.1650808,0.850406
0.4286833,0.2526202,0.1636057,0.8518491
0.4269761,0.2583571,0.1617419,0.8513416
0.4199911,0.262515,0.1590234,0.8540521
0.4225183,0.2621273,0.1599956,0.852742
0.4230511,0.2597184,0.1617825,0.8528778
0.4246294,0.2594657,0.1624618,0.8520408
0.4229839,0.2612058,0.1617856,0.8524562
0.4177359,0.2650755,0.1597063,0.8542399
0.4154688,0.2634421,0.159728,0.8558452
0.4122878,0.270649,0.1566044,0.8557119
0.4113101,0.2617825,0.1595227,0.8583975
0.4029672,0.2758506,0.1529137,0.8591514
0.4104863,0.2545481,0.1612575,0.8606407
0.4011675,0.2703528,0.1543154,0.8614875
0.4005051,0.2766218,0.1525607,0.860117
0.3947817,0.2828199,0.1549221,0.8603252
0.3839996,0.2912229,0.1443008,0.8642401
0.3782476,0.2988236,0.1406724,0.86478
0.3821138,0.296848,0.1424512,0.8634686
0.3869108,0.2936836,0.1443985,0.8620899
0.3728406,0.3097443,0.1356319,0.8640905
0.3823121,0.305984,0.1390547,0.860741
0.37503,0.3096231,0.1362969,0.8630813
0.3782798,0.3085979,0.1373989,0.8618545
0.3734954,0.3119059,0.1353962,0.8630666
0.3734804,0.3116772,0.135484,0.8631417
0.3725554,0.3043137,0.1381021,0.8657501
0.371742,0.3028249,0.1383201,0.8665867
0.3692365,0.3036925,0.1374003,0.8675001
0.3695239,0.3011144,0.1382649,0.8681387
0.3632419,0.3063504,0.1350161,0.8694685
0.3632306,0.3040622,0.1355729,0.8701894
0.3651114,0.3028626,0.1365019,0.8696754
0.3617369,0.3055733,0.1346461,0.8704263
0.3559729,0.3085397,0.1322196,0.8721265
0.3550135,0.3063908,0.1322378,0.8732716
0.355586,0.3022175,0.1334884,0.8743021
0.3532944,0.3029358,0.1325115,0.8751307
0.3504904,0.305122,0.1308912,0.8757423
0.3515242,0.3060909,0.1309308,0.8749835
0.3460754,0.3109386,0.127525,0.8759489
0.3502328,0.3060409,0.1302421,0.8756215
0.3478033,0.3109888,0.1277106,0.8752193
0.3536348,0.3018992,0.1322737,0.8753873
0.344247,0.3100927,0.1269294,0.8770549
0.3442751,0.3144658,0.1254769,0.8756949
0.3417285,0.3136168,0.1248962,0.8770788
0.3408767,0.3121029,0.1248171,0.8779611
0.3382367,0.312332,0.1238895,0.8790313
0.3402765,0.307193,0.1264069,0.8796964
0.3300656,0.3186446,0.1199703,0.8804143
0.3284506,0.3178424,0.1195989,0.8813583
0.3245793,0.3191903,0.118098,0.8825071
0.3120168,0.3230308,0.1131081,0.8862862
0.304769,0.3219165,0.110552,0.8895301
0.3128045,0.3187816,0.1138961,0.8874454
0.3133635,0.3176281,0.1142313,0.8876188
0.3148665,0.3111537,0.1165822,0.8890732
0.3128696,0.3088933,0.1162576,0.8906075
0.3132908,0.3073729,0.116757,0.89092
0.3127012,0.3096449,0.1163961,0.8903876
0.3135248,0.3098396,0.1166213,0.8900006
0.3112555,0.3108952,0.1158344,0.8905317
0.3091257,0.3128064,0.1147475,0.8907449
0.3068408,0.3142271,0.113829,0.8911527
0.3113413,0.3100752,0.1163264,0.8907233
0.3135673,0.3083887,0.1175406,0.8903685
0.3121708,0.3099031,0.1169385,0.8904128
0.3119638,0.3087253,0.1171854,0.8908618
0.3131252,0.3079508,0.1176431,0.8906621
0.3119862,0.310835,0.1164344,0.8902186
0.3118966,0.3096589,0.1165412,0.8906458
0.3124523,0.3107287,0.1163605,0.8901019
0.3128907,0.309751,0.1165285,0.8902667
0.3125361,0.3082655,0.1165919,0.8908984
0.3123462,0.3058739,0.1170507,0.8917287
0.3107382,0.3056407,0.1164367,0.8924506
0.3105682,0.3031351,0.1167232,0.8933264
0.3120418,0.3019865,0.1172999,0.8931264
0.3113597,0.3027624,0.1170779,0.8931308
0.3113742,0.3049745,0.1166686,0.8924265
0.3104201,0.3055247,0.1161789,0.8926346
0.3103979,0.3051461,0.1161376,0.8927771
0.3091667,0.3041264,0.1158423,0.8935903
0.3070289,0.3055116,0.1147604,0.8939943
0.3012307,0.3034823,0.1127795,0.8969054
0.2933888,0.3008907,0.1096559,0.9007571
0.29207,0.3013295,0.1091781,0.9010969
0.2938465,0.3015494,0.1098506,0.9003638
0.2919668,0.3024438,0.1088001,0.9008027
0.2875502,0.3045026,0.1066428,0.9017874
0.2886395,0.3046353,0.107062,0.9013448
0.2930204,0.2969089,0.1096003,0.902204
0.2915551,0.2934161,0.1090005,0.9038924
0.2866693,0.2898318,0.1068053,0.9068687
0.2952145,0.2870468,0.1105662,0.9045594
0.3030242,0.2831417,0.1141175,0.9027648
0.3060385,0.2826493,0.1151588,0.9017695
0.290149,0.2889713,0.1067786,0.9060395
0.2619537,0.2994875,0.09208224,0.9128025
0.2428121,0.2931379,0.08168201,0.9211082
0.2205644,0.2868242,0.06902914,0.9296871
0.2024603,0.2886652,0.05935248,0.9338948
0.2107007,0.3028693,0.06279595,0.9273252
0.2473795,0.3244717,0.07756339,0.9096733
0.2929482,0.3383222,0.09299547,0.889422
0.3169692,0.3332539,0.1009301,0.8822049
0.3359427,0.332162,0.1066443,0.8748931
0.3630729,0.3251507,0.1153831,0.8655298
0.3767596,0.3236129,0.1190643,0.8597386
0.3901103,0.3169994,0.1233398,0.8556358
0.4035389,0.3173996,0.1260844,0.8488325
0.4173521,0.3164097,0.1286835,0.8421061
0.4283989,0.3194013,0.129254,0.8353146
0.4371718,0.3165558,0.1310487,0.8315645
0.4462248,0.3159362,0.1318311,0.8268545
0.4558652,0.3081476,0.1347564,0.8240587
0.4516975,0.3118487,0.1333276,0.825193
0.4721456,0.2926883,0.1406302,0.8195335
0.4907654,0.2832029,0.1439295,0.8113137
0.5036556,0.2757843,0.1459631,0.805586
0.5207059,0.2600504,0.1501638,0.7991808
0.5408902,0.2423333,0.1536069,0.7906437
0.5586276,0.2210038,0.1580122,0.7836611
0.5739143,0.200939,0.1616218,0.7772543
0.5860857,0.18458,0.1637265,0.771769
0.6224602,0.1266595,0.1699212,0.7534106
0.6126351,0.1417063,0.1697054,0.7588134
0.6097741,0.1508348,0.1668445,0.7599916
0.6196528,0.1325524,0.1691845,0.7548755
0.6233059,0.1215452,0.1722518,0.7530245
0.6325377,0.1088228,0.170576,0.7476346
0.6357715,0.1008804,0.1716224,0.7457638
0.6406772,0.09661099,0.1684709,0.7428436
0.6456852,0.09159473,0.1654002,0.739827
0.6518683,0.0761891,0.1659052,0.7360289
0.6597793,0.05542567,0.1657324,0.730857
0.6655455,0.03488758,0.1671496,0.7265626
0.6718103,0.01008895,0.1680464,0.7213387
0.6776177,-0.0103617,0.1654146,0.7164949
0.681791,-0.02964297,0.1635914,0.7124045
0.6848257,-0.04133278,0.1599014,0.7097443
0.6865791,-0.04770589,0.1568993,0.708319
0.6872743,-0.04162151,0.1524124,0.7090079
0.6878412,-0.03305778,0.1473497,0.7099787
0.6899385,-0.03733805,0.1423157,0.7087574
0.6920372,-0.04485971,0.1377265,0.7071799
0.6924803,-0.04362887,0.1355866,0.7072368
0.6924511,-0.02938223,0.1307716,0.7089055
0.6943136,-0.03524786,0.1260906,0.7076634
0.6955087,-0.03976941,0.1228536,0.7068189
0.6957275,-0.03202799,0.1195324,0.7075659
0.6967496,-0.03953469,0.1175798,0.7065069
0.6972084,-0.0355196,0.1144278,0.706785
0.6978495,-0.02951038,0.1098547,0.7071544
0.6988059,-0.02551964,0.1043943,0.7071922
0.6986955,-0.01343012,0.1009683,0.7081311
0.695618,0.01648304,0.1009759,0.7110891
0.6915293,0.04650614,0.09972048,0.713919
0.6899915,0.06268075,0.09574971,0.7147131
0.6869785,0.09260941,0.08726132,0.7154506
0.6804178,0.1281839,0.08195326,0.7168571
0.6859744,0.1094768,0.08000427,0.7148799
0.6947334,0.07038692,0.07712963,0.7116476
0.7029054,0.003605783,0.07418254,0.7073951
0.7043037,-0.04510894,0.07204667,0.7047912
0.6988435,-0.1234893,0.07082394,0.7009652
0.6742651,-0.2400844,0.07215133,0.6946367
0.656657,-0.2941334,0.07527533,0.6903773
0.6604537,-0.2888691,0.0824607,0.688154
0.6723217,-0.2599604,0.09466547,0.6866167
0.6855735,-0.2129353,0.1130269,0.6869297
0.6938329,-0.1402293,0.1348697,0.6933555
0.6911032,-0.09349215,0.1508288,0.7006328
0.6814321,-0.0360218,0.1614963,0.7129318
0.6589047,0.02909583,0.1711008,0.7319307
0.620661,0.0946129,0.174902,0.7584442
0.5756538,0.1496568,0.1686112,0.786
0.580842,0.1468198,0.1689452,0.7826391
0.6045613,0.151199,0.1581292,0.765924
0.6254104,0.1709176,0.1338888,0.7494817
0.5913168,0.2701804,0.1071019,0.7522474
0.4747619,0.4252583,0.08284332,0.7660897
0.2839558,0.5597041,0.05760812,0.7763901
9.705685E-05,0.621072,0.02868862,0.7832283
-0.1869069,0.5831426,0.007244982,0.7905428
-0.2383329,0.5546329,-0.001766175,0.7972306
-0.1713883,0.5630897,0.003621921,0.8084201
-0.1057777,0.5618262,0.009546857,0.8204092
-0.01958731,0.5547078,0.01981908,0.8315785
0.04983159,0.5345544,0.02899616,0.8431652
0.1055899,0.50655,0.03737134,0.8549043
0.1537105,0.4797164,0.04582778,0.8626385
0.2049499,0.4740674,0.05629263,0.8544512
0.2732398,0.4556482,0.07008548,0.8442824
0.3516319,0.4287154,0.0852892,0.8278188
0.3933172,0.4254524,0.08977316,0.8100818
0.4540531,0.4332679,0.08490038,0.7738907
0.6000178,0.3048745,0.08222836,0.7350297
0.7032694,-0.05271837,0.08176854,0.7042348
0.6861837,-0.2056561,0.0985572,0.6907561
0.6929111,-0.167037,0.1157862,0.6917849
0.692511,-0.1704114,0.1139219,0.6916722
0.6936606,-0.1628094,0.1085173,0.6932186
0.6990273,-0.1143935,0.1006853,0.6986682
0.7001191,-0.03325981,0.1011397,0.7060437
0.6915115,0.04088432,0.1041521,0.7136474
0.6835363,0.06660065,0.1119427,0.7182001
0.6779883,0.07403153,0.1202107,0.721388
0.6748983,0.0623959,0.1324213,0.7232453
0.6730957,0.05557764,0.1394898,0.7241518
0.6725287,0.05477571,0.1412465,0.7243992
0.6693181,0.05858696,0.1451206,0.7263062
0.6692386,0.05162355,0.1490361,0.7261151
0.6699386,0.04017624,0.1538419,0.7251903
0.6768474,0.004562259,0.1584866,0.7188456
0.6830876,-0.03753075,0.1625632,0.7110246
0.6875497,-0.08426809,0.1647542,0.7021611
0.6888115,-0.1190583,0.1653456,0.6957188
0.6874068,-0.1688312,0.1644841,0.6869592
0.6832768,-0.206216,0.1666739,0.6803143
0.6792275,-0.2306986,0.1703657,0.6755766
0.6753943,-0.2505765,0.1727672,0.6717182
0.6710316,-0.2691723,0.1789725,0.667257
0.6677104,-0.2821242,0.1832939,0.6640573
0.6660618,-0.2882561,0.1844727,0.6627517
0.6629092,-0.2995371,0.1881851,0.6598601
0.6620804,-0.301441,0.1917393,0.658801
0.6602542,-0.3072245,0.1950676,0.6569827
0.6616772,-0.3004034,0.1980808,0.6578032
0.6641386,-0.288027,0.2025253,0.6595029
0.6675645,-0.27084,0.2039241,0.6628863
0.6704096,-0.2569634,0.2019989,0.6661209
0.673947,-0.2385537,0.1984114,0.6704629
0.6770902,-0.2226426,0.1927097,0.6744198
0.6812249,-0.1931633,0.1878844,0.6806761
0.6829449,-0.1640621,0.1891723,0.6862097
0.6837076,-0.1362101,0.1884581,0.6917184
0.6818823,-0.1153284,0.1930692,0.6960319
0.6766444,-0.07036886,0.1964706,0.706116
0.6552774,0.01720443,0.198174,0.7287267
0.5987938,0.1282235,0.1933939,0.766553
0.5800648,0.1187967,0.2066821,0.778906
0.5957144,0.06238618,0.2268793,0.7679571
0.6180954,0.0182378,0.2351394,0.74989
0.6256067,0.001882017,0.2356987,0.7436793
0.6567321,-0.06048262,0.2288783,0.7160025
0.6589387,-0.08542007,0.2354457,0.7092732
0.6495128,-0.04768863,0.234196,0.721811
0.6451538,-0.03570062,0.2344838,0.7263054
0.6459944,-0.03618249,0.2337099,0.7257835
0.65329,-0.05192924,0.2309321,0.7191563
0.6597909,-0.07650521,0.2308258,0.7110149
0.6578871,-0.06888163,0.2309866,0.7135019
0.6548958,-0.05726799,0.2308324,0.7173203
0.6558882,-0.06368524,0.2319791,0.7155002
0.6553096,-0.06725749,0.2343229,0.7149396
0.653627,-0.05957827,0.2336501,0.7173769
0.6534302,-0.05827335,0.2333886,0.7177486
0.6530232,-0.05647489,0.2332052,0.718322
0.6522054,-0.05480608,0.2336631,0.7190452
0.6526537,-0.05591717,0.233516,0.7186005
0.6525716,-0.05688158,0.2340525,0.7184247
0.6523268,-0.05693716,0.234411,0.7185259
0.6523985,-0.05869767,0.2350827,0.7180996
0.6525576,-0.05860248,0.2348107,0.7180517
0.6538594,-0.06188196,0.2343069,0.7167556
0.6554812,-0.06413755,0.232794,0.7155682
0.6562055,-0.06409922,0.2316791,0.7152694
0.6555717,-0.06187674,0.2317424,0.7160254
0.6557161,-0.06132481,0.231283,0.7160892
0.656063,-0.06314531,0.231538,0.7155307
0.656791,-0.06270874,0.2302348,0.7153217
0.6569008,-0.06458491,0.2308596,0.7148525
0.6573736,-0.06555057,0.2305228,0.7144385
0.6564112,-0.06462559,0.2317186,0.7150205
0.6553033,-0.06135732,0.2321132,0.7161958
0.6586027,-0.06729153,0.2292611,0.7135499
0.6594716,-0.06814095,0.2281671,0.7130175
0.6588366,-0.06395835,0.2275714,0.7141813
0.6578109,-0.05873173,0.2270991,0.7157243
0.6589785,-0.06499231,0.2277912,0.7138869
0.6591295,-0.0650495,0.2275941,0.7138051
0.6557893,-0.0536074,0.2282023,0.7176282
0.6595324,-0.05881333,0.2243385,0.7150037
0.6599079,-0.05838665,0.2234989,0.7149551
0.6595243,-0.05525938,0.2228044,0.715774
0.659569,-0.05721477,0.223532,0.7153521
0.659973,-0.05975908,0.2238976,0.7146569
0.659462,-0.05994415,0.2248271,0.7148212
0.6595074,-0.05972978,0.224647,0.7148539
0.6597626,-0.05999458,0.224319,0.7146993
0.6600798,-0.05831483,0.223073,0.7149352
0.660647,-0.05906209,0.2224417,0.7145466
0.6600867,-0.05714285,0.2225721,0.7151796
0.6598507,-0.05819267,0.2233859,0.715059
0.659001,-0.05712724,0.2243129,0.7156382
0.6582016,-0.05594552,0.2250943,0.7162215
0.6546172,-0.04812452,0.2272443,0.719389
0.6563171,-0.05514508,0.2277184,0.7171828
0.6554024,-0.05506682,0.2290903,0.7175884
0.6545668,-0.05629796,0.2309231,0.7176681
0.6553327,-0.05717763,0.2301437,0.7171497
0.6555182,-0.0548051,0.2288665,0.7175739
0.6558342,-0.05765772,0.2296121,0.7168232
0.6564704,-0.05996314,0.2296217,0.7160482
0.6571858,-0.06900281,0.2322365,0.7137307
0.6568285,-0.07105166,0.2336328,0.7134028
0.6546056,-0.06209937,0.2334208,0.7163449
0.6567156,-0.07065609,0.2336508,0.7135403
0.6575338,-0.07159629,0.2327105,0.7130001
0.6575637,-0.06994921,0.2320681,0.7133453
0.6581656,-0.0709163,0.2315059,0.7128772
0.6584837,-0.07047513,0.2308211,0.7128493
0.6582062,-0.06799111,0.2302695,0.7135249
0.6573439,-0.06605512,0.2308359,0.7143184
0.6571938,-0.06122679,0.2289981,0.7154771
0.656041,-0.05780858,0.2292817,0.7167274
0.6561992,-0.0597634,0.2297824,0.7162618
0.6567976,-0.06620333,0.2313909,0.7146273
0.6573724,-0.06871057,0.2314322,0.7138484
0.6580378,-0.06603593,0.2290421,0.7142586
0.6582086,-0.06885281,0.2300583,0.7135081
0.661026,-0.07323462,0.2269221,0.7114686
0.6607583,-0.07935306,0.2298749,0.7101121
0.6636864,-0.09117699,0.2288405,0.7062854
0.6647066,-0.1026714,0.2308032,0.7031028
0.6676483,-0.1122127,0.2274959,0.6999283
0.6723142,-0.1239691,0.2195801,0.6959956
0.6756016,-0.1464632,0.2142912,0.6900654
0.6771797,-0.1686406,0.2099391,0.6847727
0.6778213,-0.190441,0.2046178,0.6800162
0.6776,-0.2133239,0.1971735,0.6756284
0.6765445,-0.2329424,0.1891727,0.6724871
0.6744143,-0.2515751,0.1824923,0.669755
0.6701584,-0.2763145,0.1730909,0.6667664
0.6670413,-0.2903362,0.1681207,0.6652039
0.6588027,-0.319676,0.1601243,0.6619263
0.6577016,-0.3226945,0.1538924,0.6630339
0.6633332,-0.3044765,0.1508697,0.6667245
0.6671016,-0.2914748,0.1483052,0.6693454
0.6707442,-0.2780045,0.1445321,0.6722547
0.6752732,-0.2599868,0.1411774,0.6756345
0.6743417,-0.2639349,0.1391746,0.6754496
0.6737895,-0.2663539,0.1391824,0.6750493
0.6699641,-0.2809319,0.1377566,0.6732373
0.6739761,-0.2657628,0.1371241,0.6755172
0.6765633,-0.2552221,0.1359404,0.6772326
0.6865574,-0.204991,0.1350936,0.6843737
0.6939514,-0.1433882,0.1320869,0.6931266
0.6959926,-0.07211804,0.1282164,0.7028185
0.6932286,-0.01027805,0.1208796,0.7104341
0.6894413,0.03568575,0.1118756,0.7147595
0.6849039,0.07420364,0.1035254,0.717414
0.6792759,0.1077926,0.09720546,0.7193859
0.6779808,0.1162631,0.09474552,0.7196166
0.6828978,0.09554273,0.09561139,0.7179
0.6887487,0.06635529,0.09694245,0.7154191
0.6941332,0.02870515,0.09997436,0.7122923
0.6968466,0.01202929,0.09791291,0.7104036
0.6987791,-0.01073825,0.09906456,0.7083635
0.6997451,-0.04139856,0.1034577,0.7056483
0.6996886,-0.09414867,0.1053061,0.7003444
0.6870348,-0.2024297,0.09806383,0.6909333
0.6558653,-0.3073294,0.09184101,0.6833408
0.6230346,-0.3792225,0.08795482,0.6784409
0.5964912,-0.4260199,0.08645675,0.6747078
0.5048292,-0.5403404,0.07676309,0.6687953
0.3916808,-0.6342394,0.06840651,0.6630589
0.2799494,-0.6937519,0.05965503,0.6608917
0.3404044,-0.6615498,0.06206153,0.6653007
0.4446576,-0.5875641,0.06555076,0.6728679
0.5761408,-0.445282,0.07148665,0.681671
0.6703398,-0.2569757,0.07779703,0.6917772
0.6963283,0.03719521,0.08768308,0.7113755
0.5917544,0.2909244,0.09530061,0.7457262
0.4365458,0.4211392,0.08987379,0.7899318
0.3922309,0.417752,0.091199,0.8144453
0.4083181,0.4276848,0.0894707,0.8014718
0.3911667,0.4943289,0.07073939,0.773061
0.3035995,0.588449,0.04938751,0.7477406
0.2976564,0.6152714,0.04249148,0.7287223
0.6568925,0.2548003,0.04012141,0.7084908
0.5203035,-0.4887745,0.04365195,0.6989121
0.6626093,-0.2583619,0.04885736,0.7012924
0.6932007,0.08623737,0.07171386,0.7119642
0.6763803,0.09695977,0.1078185,0.7221382
0.6549654,0.1195202,0.1297683,0.7347758
0.6114912,0.2224285,0.1176131,0.7501808
0.5983422,0.2665802,0.1039602,0.7484075
0.6044813,0.2717224,0.09636307,0.7426194
0.5774432,0.3403488,0.07843611,0.7379497
0.5884379,0.343824,0.06771448,0.7286567
0.6262706,0.2891387,0.06367123,0.7212004
0.6512404,0.2494058,0.05541843,0.7145708
0.6365823,-0.3162999,0.04521874,0.7019064
-0.1527149,-0.7058617,0.03454657,0.6908284
-0.3670885,-0.6353527,0.02310419,0.6789987
-0.3795099,-0.6397073,0.01671593,0.6681821
-0.4525682,-0.5979897,0.004928052,0.6614878
-0.4678118,-0.5950502,-0.003240496,0.6534958
-0.4742913,-0.5982091,-0.01055354,0.6458191
-0.4801913,-0.6019592,-0.01846881,0.6377463
-0.5070396,-0.5872471,-0.03193186,0.6301048
-0.5295444,-0.5714655,-0.04303995,0.6254258
-0.5539565,-0.5493517,-0.05402116,0.6232388
-0.5595868,-0.544785,-0.05744591,0.6219099
-0.5880603,-0.5018384,-0.05810618,0.6316383
-0.6339833,-0.4157226,-0.0571177,0.6495978
-0.6575911,-0.3517298,-0.04704738,0.664565
-0.6718594,-0.2972119,-0.03058106,0.6777425
-0.7052339,-0.1303799,-0.02567077,0.6964102
-0.7078604,-0.03397235,-0.01513031,0.7053728
-0.6868304,0.1232987,-0.004446864,0.7162693
-0.7078528,-0.008653432,0.007254034,0.7062697
-0.6880847,-0.1937623,0.0154666,0.6991111
-0.7013843,0.07514796,0.01882163,0.7085609
-0.4229774,0.5315942,0.01658963,0.7336366
-0.1460283,0.6166071,0.01855445,0.7733868
-0.1236484,0.5684019,0.009247243,0.8133541
-0.1501406,0.5294802,-0.001831554,0.8349283
-0.09716683,0.5572987,0.009211738,0.8245556
0.1011074,0.5838037,0.03890237,0.8046347
0.3021243,0.5341219,0.06365161,0.7870091
0.4297455,0.4628232,0.0779283,0.7713888
0.5219911,0.3859158,0.08577506,0.7558022
0.59673,0.2872865,0.09436801,0.7432863
0.6333379,0.2067154,0.1066313,0.7380933
0.6573757,0.1243461,0.1240204,0.7328126
0.6504547,0.1326403,0.128352,0.7367775
0.628217,0.1863912,0.1226969,0.7453504
0.5866451,0.2967618,0.09586906,0.7473881
0.5669739,0.3473222,0.08155176,0.7424669
0.5948756,0.306042,0.08460212,0.7384469
0.591608,0.2985189,0.09148028,0.7433154
0.5842446,0.3050079,0.09336302,0.7462652
0.5677152,0.3270169,0.09237655,0.7498173
0.5548159,0.3436931,0.09119214,0.7521558
0.5477576,0.3469208,0.09334292,0.7555757
0.5344893,0.3608708,0.09279174,0.758606
0.5500568,0.3367321,0.09773679,0.7579556
0.5763071,0.2943966,0.1053799,0.755047
0.5867065,0.2743925,0.109565,0.753976
0.5991481,0.2504344,0.1140481,0.7518625
0.6099534,0.2286481,0.1178544,0.7495247
0.6187433,0.2087965,0.1217209,0.7474923
0.6233593,0.1906696,0.1279289,0.7474641
0.6308856,0.1759688,0.1292483,0.7445222
0.6330747,0.1654495,0.1331803,0.7443829
0.6342076,0.1569401,0.1370062,0.7445669
0.6327121,0.1558501,0.1393378,0.7456348
0.6350874,0.1529391,0.138761,0.7443244
0.6332999,0.1527362,0.1409119,0.7454842
0.6329674,0.1489327,0.1435643,0.74603
0.6293437,0.154938,0.1440147,0.7477837
0.6250473,0.163458,0.1435563,0.7496592
0.6300135,0.1643752,0.1386528,0.7462165
0.6306718,0.1625176,0.1392957,0.7459477
0.6329432,0.1514169,0.14348,0.7455665
0.6026685,0.1820681,0.1519576,0.7619388
0.6096434,0.1824312,0.1473011,0.757203
0.6119293,0.178231,0.148179,0.7561872
0.6090778,0.184127,0.1473997,0.7572284
0.6052902,0.1850892,0.1497895,0.7595583
0.5940038,0.1979323,0.1505533,0.7650595
0.587012,0.2019499,0.1526443,0.7689816
0.5533592,0.2254315,0.1552008,0.7866937
0.5341005,0.2430742,0.1521104,0.7953075
0.5272627,0.2526833,0.1492994,0.797405
0.550324,0.2346146,0.1518978,0.7867824
0.5512774,0.231174,0.1530941,0.7869015
0.5362101,0.2414544,0.1521681,0.7943698
0.5204991,0.2516165,0.150402,0.8019657
0.5262836,0.2443245,0.1525036,0.800046
0.5235659,0.2439537,0.1529862,0.8018482
0.5201669,0.2431257,0.1537297,0.8041663
0.5152645,0.2504504,0.1513725,0.8055207
0.518286,0.2460642,0.1527513,0.8046733
0.5257702,0.2362131,0.1557693,0.8021876
0.5270122,0.2356808,0.1558442,0.8015143
0.5226449,0.2409811,0.1542689,0.8031011
0.5191194,0.2451913,0.1529531,0.8043642
0.5160676,0.2514005,0.1508586,0.8048066
0.523138,0.2442902,0.1529493,0.8020321
0.500317,0.2651586,0.1468894,0.811047
0.5116311,0.2560198,0.1496556,0.806406
0.5146452,0.2536372,0.1503573,0.8051094
0.5191314,0.2503012,0.1512126,0.8031107
0.5210589,0.2497103,0.1511974,0.8020486
0.5191694,0.2515114,0.1507571,0.8027936
0.5182278,0.2516627,0.150772,0.8033516
0.5238819,0.2476393,0.1516736,0.8007606
0.5242583,0.2476066,0.1516427,0.8005303
0.5236135,0.2433371,0.1533982,0.8019258
0.5260593,0.2396068,0.1544888,0.8012388
0.5301975,0.2349784,0.1558274,0.7996209
0.5278956,0.2365694,0.1555077,0.8007362
0.5299965,0.23645,0.1552144,0.7994395
0.5304361,0.2368307,0.1549579,0.799085
0.530386,0.2372354,0.1547848,0.7990317
0.5276937,0.2356186,0.1558097,0.8010909
0.5277681,0.2357193,0.1557209,0.8010296
0.5318866,0.2327552,0.1563146,0.799054
0.529342,0.2313246,0.1572089,0.8009815
0.5300065,0.2293955,0.157902,0.8009605
0.5290841,0.22936,0.1580165,0.8015576
0.5294971,0.2280962,0.1583683,0.8015761
0.5310683,0.227819,0.1583598,0.8006167
0.527657,0.2268788,0.1591281,0.8029834
0.5197739,0.2310989,0.1581185,0.8071102
0.5157628,0.231607,0.1581232,0.8095332
0.5169345,0.228999,0.1590493,0.8093464
0.5187299,0.2255353,0.160238,0.8089356
0.5210373,0.2216889,0.1615146,0.8082618
0.5234171,0.2163246,0.1633263,0.8078136
0.5287268,0.2112531,0.1649014,0.8053741
0.525111,0.2144128,0.1638938,0.8071086
0.5327414,0.2081339,0.165758,0.8033624
0.5276828,0.2124746,0.1644632,0.805827
0.5274771,0.2137889,0.1640101,0.8057065
0.5274416,0.2154669,0.1633634,0.805414
0.5257684,0.2190323,0.1621714,0.8057871
0.5217786,0.2249744,0.1601871,0.8071392
0.5194629,0.2301528,0.1584189,0.8075217
0.5202279,0.2300108,0.1584294,0.8070676
0.521305,0.2295695,0.158561,0.8064722
0.5202618,0.2325565,0.1575548,0.8064872
0.5197533,0.2333367,0.1572857,0.8066423
0.5188448,0.2343379,0.1569978,0.8069929
0.5183743,0.2357102,0.156575,0.8069777
0.5186664,0.2346595,0.1568951,0.8070341
0.5205629,0.2333735,0.1572175,0.8061227
0.5195819,0.2341317,0.1570117,0.8065757
0.5203726,0.2329691,0.1573458,0.8063374
0.521011,0.2317047,0.157689,0.8062224
0.5197819,0.2327584,0.1574568,0.8067575
0.5215006,0.2304408,0.1582168,0.8061649
0.5218158,0.229973,0.1583577,0.8060668
0.5198182,0.2327537,0.1574288,0.8067409
0.520418,0.2319394,0.1576815,0.8065394
0.521371,0.2307742,0.1580679,0.8061824
0.5234807,0.2281702,0.1588474,0.8054029
0.5217145,0.2324486,0.1573143,0.8056263
0.520991,0.2349669,0.1564039,0.8055413
0.5232672,0.2346865,0.1562639,0.8041736
0.5261413,0.2326042,0.1568711,0.802784
0.5256904,0.2328759,0.1568509,0.8030046
0.5274576,0.2311884,0.1573606,0.8022331
0.5275832,0.2304035,0.1576523,0.802319
0.5291823,0.2287811,0.1580678,0.8016483
0.5288297,0.2289312,0.1581176,0.8018281
0.5323908,0.2258082,0.1589347,0.8001941
0.5294113,0.2291203,0.1579835,0.8014167
0.5295277,0.2285828,0.1581962,0.8014513
0.5278088,0.2300745,0.1577853,0.802239
0.5258517,0.2312541,0.1575082,0.8032388
0.5264919,0.2311416,0.1575671,0.8028402
0.5305344,0.2272182,0.1586218,0.8010894
0.5261298,0.2308678,0.1576403,0.803142
0.5330856,0.2255032,0.1589371,0.7998168
0.5324375,0.2265771,0.1586071,0.8000106
0.5315385,0.2286383,0.158018,0.8001385
0.5371915,0.222977,0.1593449,0.797694
0.5347314,0.2258798,0.1586159,0.7986749
0.5287684,0.2318702,0.1570129,0.801241
0.5333281,0.2273843,0.1581368,0.7992811
0.5283265,0.232543,0.1568069,0.801378
0.529543,0.2309146,0.1572351,0.8009619
0.5306606,0.2304714,0.1573312,0.8003306
0.533474,0.227296,0.1582307,0.7991902
0.5355228,0.2249893,0.1588555,0.7983484
0.5334852,0.2247902,0.1592176,0.7996953
0.534885,0.2244435,0.1591888,0.7988631
0.53866,0.2205763,0.160114,0.797217
0.5390822,0.2211497,0.1598696,0.7968218
0.53738,0.2225918,0.1595743,0.7976288
0.5359715,0.2246778,0.1589579,0.7981146
0.5351534,0.227278,0.1580018,0.7981171
0.5370141,0.2262841,0.1580941,0.7971308
0.5355781,0.2285455,0.1573988,0.7975893
0.5384443,0.2262598,0.1578404,0.7962227
0.5393317,0.2250936,0.1581714,0.7958868
0.5355998,0.2285355,0.1574259,0.7975722
0.5368488,0.22799,0.157533,0.7968672
0.5357,0.2286086,0.1574812,0.797473
0.5353347,0.2280672,0.1576757,0.7978348
0.5360885,0.2270054,0.1579812,0.7975711
0.5403792,0.2245456,0.1582713,0.7953111
0.53366,0.2319268,0.1563156,0.7981117
0.5381498,0.2291378,0.1567737,0.7958095
0.5376499,0.2294797,0.1567649,0.7960505
0.5376073,0.2290817,0.1569395,0.7961595
0.538715,0.2294151,0.1566136,0.7953785
0.5374414,0.2313813,0.1559833,0.7957944
0.5381147,0.2289572,0.156931,0.7958542
0.5350288,0.2317206,0.1563126,0.7972555
0.5387651,0.2279519,0.1572452,0.7956407
0.5338643,0.2291848,0.1575014,0.798534
0.4700673,0.2733661,0.1429899,0.8269593
0.4538076,0.275687,0.1403691,0.8356745
0.4824018,0.253646,0.1504569,0.824812
0.500394,0.2508668,0.1528758,0.8144329
0.4770981,0.2925836,0.1393457,0.816918
0.4892024,0.2798391,0.143716,0.8134598
0.5653837,0.2117306,0.1587483,0.7812237
0.5693451,0.2169121,0.1546929,0.777731
0.5585232,0.2363144,0.1496181,0.7809108
0.5712029,0.2260365,0.1493794,0.7748035
0.5786166,0.2174495,0.1502456,0.7715859
0.5910337,0.2046191,0.1501651,0.7656766
0.6043707,0.1861617,0.1514179,0.7597054
0.6227766,0.1589063,0.1516964,0.7509236
0.6343056,0.1357162,0.1534611,0.7454444
0.6453754,0.1311453,0.1432965,0.738754
0.666924,0.08742502,0.1366538,0.7272516
0.6780197,0.05751485,0.1316929,0.7208595
0.68032,0.05312946,0.1288277,0.7195452
0.6882734,0.00729543,0.1315761,0.7133822
0.69441,-0.04289532,0.130503,0.7063453
0.6968728,-0.1129957,0.1227818,0.6975133
0.6911682,-0.1756856,0.1229202,0.6901535
0.6804678,-0.2350466,0.1240309,0.6828858
0.6654514,-0.2906336,0.1212132,0.6767672
0.66011,-0.3085619,0.1246585,0.6734276
0.6601235,-0.3082383,0.1229577,0.673875
0.667698,-0.285466,0.1251579,0.6760355
0.676657,-0.2524776,0.1228636,0.6806577
0.6913288,-0.1757388,0.1240565,0.6897757
0.6976768,-0.1084167,0.1176606,0.6983187
0.6983305,-0.03894851,0.1104519,0.7061288
0.6923025,0.02737159,0.1067379,0.7131445
0.6903347,0.04562101,0.1033612,0.714614
0.6871323,0.06467056,0.1019065,0.716437
0.6873245,0.06105283,0.1033401,0.7163647
0.6905898,0.0369828,0.1068281,0.714357
0.6932718,0.004243731,0.1138752,0.71161
0.6940895,-0.01056144,0.1172337,0.7102003
0.6915619,-0.0003073514,0.1211793,0.7120796
0.6892793,-0.0008291006,0.1280586,0.7130879
0.686902,-0.002065986,0.1350274,0.7140931
0.6841103,0.004975587,0.1389026,0.7160129
0.6822429,0.005770773,0.1428944,0.7170025