0.4010028,0.4625631,0.07934728,0.786725
0.7004052,-0.02152473,-0.03706026,0.7124577
0.6509118,-0.2151251,-0.02042294,0.7277486
0.6334779,-0.2620492,-0.01169929,0.7279416
0.6355952,-0.2696833,-0.0020338,0.7233849
0.6275085,-0.2971228,0.008209318,0.7196414
0.610827,-0.3339531,0.01479509,0.7177372
0.5928785,-0.3685067,0.02024764,0.715743
0.6388768,-0.2894802,0.02228102,0.7124193
0.6572562,-0.2553742,0.03037652,0.7084317
0.7042062,-0.06541407,0.03996348,0.7058454
0.6844407,-0.1872108,0.04882374,0.702929
0.6793864,-0.2137055,0.05914137,0.6994758
0.6660987,-0.2630856,0.06816444,0.6945878
0.6637869,-0.2758951,0.07677573,0.6909229
0.677346,-0.239982,0.08977336,0.6896027
0.6911662,-0.1813831,0.1077241,0.6912199
0.6946694,-0.1426013,0.1267398,0.6935679
0.6939137,-0.1250721,0.1387014,0.6954155
0.6915914,-0.1216666,0.1510484,0.6957606
0.6891549,-0.1362441,0.161667,0.6930851
0.6869276,-0.119462,0.1696694,0.6964709
0.6821771,-0.08659893,0.1770599,0.7041199
0.666083,-0.02758434,0.1874838,0.7214031
0.6150134,0.1016313,0.1761022,0.7618514
0.5101389,0.2363365,0.1444404,0.8142729
0.4193838,0.2915411,0.1179885,0.8515866
0.4030174,0.3201233,0.1110122,0.8501614
0.4093602,0.3639254,0.1050333,0.8300304
0.4127029,0.3927665,0.09868118,0.8158877
0.3846818,0.4246514,0.08930349,0.8146877
0.4052491,0.4095716,0.09367906,0.8119411
0.4644911,0.3574262,0.1079319,0.8030225
0.1776619,0.5078754,0.04906023,0.841482
0.08499978,0.5286283,0.03260803,0.8439573
0.1688647,0.4807141,0.04715322,0.8591713
0.2139398,0.4302624,0.05581373,0.875208
0.2254909,0.459844,0.05886219,0.8568738
0.2919476,0.5293437,0.0625278,0.7941361
0.4159381,0.5057003,0.06337528,0.7531575
0.5575525,0.3773945,0.07036017,0.7360421
0.6236814,0.2647523,0.08140963,0.7309585
0.6349467,0.2340371,0.08762687,0.7310204
0.6495034,0.2014103,0.08930382,0.7277391
0.6601562,0.1696623,0.09350553,0.7257171
0.6695382,0.1306594,0.1019347,0.7240553
0.6767473,0.09159905,0.1115028,0.7219347
0.6805806,0.06266427,0.119755,0.7200986
0.6814806,0.0445317,0.1273502,0.7192935
0.6824148,0.0266211,0.1343786,0.7180138
0.6821396,0.02422622,0.136519,0.7179563
0.6812626,0.02547061,0.1381794,0.7184281
0.6812339,0.02212432,0.1401066,0.7181929
0.6856208,0.001144648,0.1395099,0.7144647
0.6885026,-0.01831877,0.1401919,0.7113191
0.6921802,-0.04555815,0.138528,0.7068387
0.694441,-0.05509096,0.1329531,0.7050108
0.6943617,-0.04642659,0.131211,0.7060383
0.6924223,-0.02518767,0.1316355,0.7089351
0.6887407,0.00174731,0.1325425,0.7127873
0.6854078,0.01701194,0.1349564,0.7153416
0.6783699,0.04912046,0.135707,0.7204062
0.6730066,0.0650875,0.138415,0.7236485
0.6682265,0.08004102,0.1392209,0.7264188
0.6636839,0.08787864,0.1427588,0.7289861
0.6601391,0.09407786,0.1449897,0.7309884
0.6501622,0.1191826,0.1450692,0.7362333
0.6442326,0.1308204,0.1460277,0.7392741
0.6373721,0.1455593,0.1456639,0.7425304
0.6280066,0.1658852,0.1439777,0.7465656
0.6167191,0.1895819,0.1410692,0.7508766
0.6027458,0.2153024,0.1380608,0.7558317
0.591122,0.2321289,0.1370576,0.7602014
0.5874797,0.2382342,0.1359642,0.7613316
0.5789907,0.2504482,0.1343028,0.7642043
0.5598586,0.2763449,0.130467,0.7701754
0.5460362,0.2935287,0.1273416,0.7742543
0.5373237,0.3017636,0.1260546,0.7773882
0.5274563,0.3128048,0.1237691,0.7801436
0.5256052,0.3182581,0.1214221,0.779556
0.5322295,0.3173358,0.1193511,0.7757481
0.5611159,0.2874189,0.1219115,0.7666008
0.5738395,0.2702098,0.1243314,0.7630443
0.5590928,0.2919878,0.1209512,0.7665045
0.5096754,0.3397102,0.1165143,0.7818264
0.4228462,0.3856048,0.1092642,0.8127553
0.3126201,0.4051081,0.09100194,0.8543271
0.3013988,0.363239,0.09260648,0.8767213
0.3378717,0.3222467,0.1069616,0.8778149
0.3496624,0.3233367,0.1107462,0.8723102
0.3178076,0.3406776,0.09904028,0.879277
0.2911023,0.3394071,0.08995221,0.8899274
0.2304687,0.3486304,0.06855307,0.9058927
0.1679053,0.3455682,0.04583983,0.9221112
0.1327114,0.328116,0.03130953,0.9347446
0.09479321,0.3110279,0.01553754,0.9455339
0.06253889,0.2820567,-3.758073E-05,0.9573573
0.06181025,0.2589197,-0.004214342,0.96391
0.06310457,0.2444253,-0.006277199,0.9675922
0.07888761,0.229557,-0.003084885,0.9700881
0.122784,0.2137256,0.01043301,0.9690905
0.1534241,0.2067424,0.02126029,0.9660572
0.1466112,0.20701,0.01879072,0.9671085
0.1330775,0.2030114,0.01268366,0.9700081
0.1446086,0.2057861,0.01769315,0.9676918
0.1624328,0.2209159,0.027648,0.9612738
0.1689758,0.242402,0.03462568,0.9547197
0.1785045,0.266761,0.0430515,0.9461085
0.1586376,0.2648253,0.0348276,0.9505202
0.1263237,0.2462696,0.01865655,0.9607525
0.11917,0.2595505,0.01759816,0.958187
0.1140135,0.2818131,0.01824404,0.9524964
0.1082691,0.3053208,0.01880815,0.9458876
0.1197919,0.3359066,0.02666769,0.9338659
0.1494895,0.3546444,0.03977479,0.9221162
0.1567081,0.3653761,0.04305099,0.916564
0.1713202,0.3702925,0.04867551,0.9116817
0.1865687,0.3793906,0.05450827,0.9045904
0.193609,0.3900068,0.05696348,0.8984238
0.1984486,0.3986347,0.05835638,0.893478
0.2153221,0.4024105,0.063897,0.8874792
0.2278521,0.4071274,0.06773863,0.8818969
0.2241633,0.4201457,0.06553145,0.8768888
0.2176492,0.4367563,0.06224008,0.8706313
0.2240892,0.4426376,0.06349525,0.8659239
0.2324428,0.4452907,0.06540656,0.8622114
0.2281043,0.4550761,0.06313405,0.858422
0.2297473,0.4592185,0.06302862,0.8557816
0.2226754,0.4652019,0.06055436,0.854597
0.2124579,0.4695678,0.05753015,0.8550193
0.2075614,0.4704523,0.05626211,0.8558198
0.2054332,0.4690093,0.05596282,0.8571438
0.1962524,0.4660434,0.05380749,0.861042
0.1909403,0.4610051,0.05277293,0.8650036
0.1913836,0.4567961,0.05330678,0.8671032
0.1959682,0.4530528,0.05482694,0.8679479
0.1956665,0.4527971,0.05480073,0.8681511
0.2025601,0.4487564,0.05703161,0.8685243
0.2098014,0.4468399,0.05915246,0.8676512
0.2170077,0.4452242,0.06125397,0.8665627
0.2197874,0.4465223,0.06188404,0.8651484
0.2217422,0.446052,0.06246123,0.8648506
0.2161887,0.4472113,0.06083463,0.8657733
0.2217444,0.4423247,0.0628343,0.8667354
0.2250929,0.4384621,0.06423044,0.8677318
0.2309682,0.4355861,0.06621199,0.8674874
0.2188657,0.4378636,0.06255966,0.8697468
0.2124404,0.4385036,0.06063955,0.8711524
0.2311936,0.4342482,0.06645379,0.8680794
0.204504,0.442025,0.05803228,0.8714495
0.1997471,0.4445469,0.05640952,0.8713765
0.1957352,0.4469108,0.05489917,0.8711742
0.1919637,0.4502802,0.05349185,0.8703656
0.1912104,0.4508007,0.05316257,0.8702821
0.1947277,0.4507769,0.05412262,0.869455
0.1968958,0.4522829,0.05459633,0.868154
0.2067335,0.4503858,0.05749261,0.8666652
0.2055036,0.4515152,0.05701223,0.8664017
0.2044783,0.4519182,0.05669603,0.866455
0.208254,0.45039,0.05784716,0.8662753
0.2025722,0.450472,0.05629556,0.867681
0.19662,0.449818,0.05467794,0.8694911
0.1897842,0.4484358,0.05288683,0.8718316
0.2093557,0.4424021,0.05913664,0.8700307
0.2145659,0.4406274,0.06092746,0.8695383
0.1799842,0.4460868,0.05051952,0.8752485
0.1768692,0.4467485,0.049553,0.8756012
0.1771784,0.4472621,0.04962296,0.8752725
0.1743931,0.4468042,0.04880103,0.8761116
0.1676965,0.4455837,0.04681522,0.8781466
0.1639016,0.4418529,0.04574761,0.8808005
0.1650489,0.4426944,0.04604231,0.8801481
0.1636624,0.4433486,0.04561824,0.8800998
0.1641973,0.442307,0.04584042,0.8805127
0.1621619,0.4419546,0.04530407,0.8810943
0.1599282,0.4439116,0.04459454,0.8805549
0.1639662,0.4439128,0.04582071,0.8797482
0.1668027,0.4438929,0.04667567,0.8791798
0.1689112,0.4441928,0.0473183,0.8785913
0.1768321,0.4468068,0.04954804,0.8755792
0.1939653,0.4457406,0.05462504,0.8721864
0.1953579,0.4492067,0.05478539,0.8700846
0.1965232,0.4506441,0.05500818,0.8690642
0.1962863,0.4475915,0.05518198,0.8706828
0.1959532,0.4463133,0.05514084,0.8714162
0.1973594,0.4463673,0.05550608,0.871048
0.1952457,0.4478485,0.0548747,0.870804
0.1908152,0.447792,0.05360801,0.8718933
0.1755611,0.4466933,0.04917079,0.8759141
0.1655171,0.444618,0.04631761,0.8790753
0.1673448,0.4465106,0.0467306,0.8777473
0.1712166,0.4468421,0.04786136,0.8767704
0.1700394,0.4487616,0.04746377,0.8760405
0.1712478,0.4517019,0.04765178,0.8742819
0.1757123,0.4533823,0.04886793,0.8724573
0.1818191,0.4511009,0.05075862,0.8722805
0.1750917,0.4487546,0.04892462,0.8749678
0.1738365,0.4436449,0.04885262,0.8778232
0.1820934,0.442674,0.05137978,0.8764941
0.185004,0.4435867,0.05214699,0.8753771
0.1879828,0.4430298,0.05307624,0.8749685
0.192435,0.4425214,0.05440573,0.874176
0.192331,0.4427791,0.05435313,0.8740716
0.1939655,0.4428478,0.05482362,0.8736461
0.194744,0.4434626,0.05502001,0.8731486
0.1945069,0.4460996,0.0547826,0.8718722
0.1971368,0.4464269,0.05550918,0.8710676
0.1984141,0.4472152,0.05584406,0.8703515
0.1989409,0.4470428,0.05599809,0.8703099
0.2002536,0.4453596,0.05653307,0.8708371
0.1988665,0.4457648,0.05611576,0.8709747
0.1952692,0.4493503,0.05483601,0.8700271
0.1952682,0.4480606,0.05490793,0.8706877
0.196133,0.4480611,0.05508822,0.8704816
0.196857,0.4473399,0.05535585,0.8706722
0.1994372,0.4455124,0.05620756,0.8709674
0.2000954,0.447116,0.0563046,0.8699879
0.1971734,0.4487205,0.05535538,0.8698899
0.204917,0.4481417,0.05757852,0.8682526
0.1990885,0.448706,0.05580994,0.8694319
0.1919377,0.4480438,0.05372994,0.8715101
0.1963322,0.4460866,0.05513644,0.8714473
0.197577,0.4449566,0.0556382,0.8717117
0.1958458,0.4450971,0.05513638,0.8720624
0.1906997,0.4469668,0.05354977,0.8723455
0.1911094,0.446917,0.05370919,0.8722717
0.1942122,0.4441139,0.05480637,0.8729494
0.2064889,0.4337492,0.05908269,0.8750619
0.2024884,0.4316106,0.05793533,0.8771284
0.1939308,0.4261146,0.05550659,0.8818935
0.180316,0.4268845,0.05126303,0.8846626
0.1697229,0.4304431,0.04795321,0.8852193
0.1823153,0.4233293,0.05221228,0.8859048
0.2051683,0.40965,0.06043041,0.8868152
0.2201379,0.4016476,0.06607002,0.8864836
0.1991337,0.3957452,0.05936915,0.8945428
0.2038792,0.3597826,0.06183963,0.9083863
0.1961166,0.3385154,0.05838212,0.9184428
0.198793,0.3352058,0.05934839,0.9190191
0.2153649,0.3338023,0.06560184,0.9153636
0.2654141,0.3154621,0.0845326,0.9071347
0.3416515,0.2817942,0.1149161,0.889191
0.4271925,0.2311758,0.1528372,0.8606423
0.4543942,0.220701,0.1634109,0.847416
0.4607904,0.228396,0.1627164,0.8420398
0.4738076,0.2217172,0.1667185,0.8357947
0.4657478,0.2403391,0.1590379,0.8366738
0.4491651,0.2554856,0.150541,0.842802
0.4727397,0.2583934,0.1523498,0.8285769
0.5747526,0.1924622,0.1662297,0.7778081
0.6396241,0.08424446,0.1772859,0.743205
0.6508361,0.04711372,0.1839438,0.73509
0.6600537,0.01094252,0.1895943,0.7268173
0.6679563,-0.009222209,0.1861249,0.7204907
0.669979,-0.008508533,0.1820669,0.7196578
0.6738007,-0.003135681,0.1720381,0.7185997
0.6775882,-0.0104776,0.1672956,0.7160842
0.6780394,-0.01746124,0.1694615,0.7150109
0.6802585,-0.03426871,0.1712633,0.7118587
0.6840443,-0.06615824,0.1725629,0.7056406
0.6860024,-0.09497216,0.1737435,0.7001386
0.6865451,-0.1258754,0.175411,0.6942926
0.68634,-0.1504801,0.175047,0.6896751
0.6851829,-0.1727681,0.175409,0.6854979
0.6835131,-0.1951421,0.1743422,0.6814207
0.6807278,-0.2209428,0.1718217,0.6769574
0.6782504,-0.2374041,0.1713996,0.6739718
0.6759769,-0.2508556,0.1705442,0.6715962
0.6717901,-0.2723565,0.1670529,0.6682913
0.6698269,-0.2810942,0.1673131,0.6665766
0.6678001,-0.2899008,0.1654566,0.6653005
0.6664135,-0.2958111,0.1617768,0.664994
0.6664977,-0.2959403,0.1597008,0.6653539
0.6673266,-0.2929864,0.1519953,0.6676314
0.66987,-0.2831896,0.1438208,0.6711136
0.6713218,-0.2769395,0.1362091,0.6738535
0.6692883,-0.2817929,0.1248451,0.6760619
0.6664225,-0.2869429,0.1121531,0.6789452
0.6657732,-0.2849403,0.103009,0.6818681
0.6595412,-0.2956214,0.08906457,0.6853328
0.6278404,-0.3550123,0.06880379,0.6892378
0.3159227,-0.6508587,0.04610157,0.6888036
-0.2164716,-0.6945453,0.03146384,0.6853881
-0.4185122,-0.6066517,0.01708692,0.6756696
-0.4580532,-0.598466,-0.0001324117,0.6572866
-0.4482276,-0.6132205,-0.003879055,0.6504134
-0.3662099,-0.6697036,0.005083919,0.6460353
-0.227874,-0.7261146,0.02126984,0.648366
-0.07921758,-0.7529794,0.0345769,0.6523428
-0.05024843,-0.7587623,0.03684358,0.6483806
-0.01668828,-0.7664083,0.03994602,0.6408932
0.07349804,-0.7591905,0.04763808,0.6449484
0.2975351,-0.6877053,0.06151388,0.6593561
0.5782501,-0.4471653,0.07676536,0.6780688
0.7004104,-0.008866668,0.09066314,0.7079032
0.62051,0.2508313,0.093723,0.7370665
0.6217282,0.2341078,0.1025688,0.7403561
0.6300288,0.2330545,0.0944216,0.734734
0.6266093,0.2665444,0.07714143,0.7282609
0.6435869,0.2475827,0.0673047,0.7210886
0.6826978,0.1376003,0.06813323,0.7143863
0.6926816,0.07840046,0.07730177,0.7127904
0.6928927,0.03676581,0.09939891,0.7132096
0.6917422,-0.01274681,0.1252984,0.7110771
0.6773486,0.02610096,0.1430776,0.7211425
0.6794598,0.01826483,0.1424815,0.7195135
0.690796,-0.04712763,0.1405753,0.7076852
0.6934502,-0.1561544,0.1274435,0.6917375
0.6667302,-0.2866811,0.1127138,0.6786608
0.6128033,-0.4067924,0.09913456,0.6701972
0.6001152,-0.4307803,0.1010386,0.6663944
0.6021892,-0.4260756,0.099473,0.6677822
0.491247,-0.5619234,0.08377865,0.6602269
0.3541738,-0.6572655,0.06537379,0.6620342
0.0781814,-0.7536958,0.04722675,0.6508456
-0.1194521,-0.7595831,0.03040978,0.6386234
-0.1205526,-0.7628961,0.0299027,0.6344781
-0.1553107,-0.7597019,0.02563747,0.6309312
-0.2018702,-0.755255,0.01834217,0.6232992
-0.2223382,-0.7561906,0.01341547,0.6152736
-0.259175,-0.7508851,0.005024604,0.6074329
-0.282703,-0.7515638,-0.003671482,0.5960011
-0.2878509,-0.7576724,-0.008971855,0.5856567
-0.3138739,-0.7494736,-0.01641981,0.5826687
-0.3190434,-0.7549224,-0.02286407,0.5725213
-0.3025515,-0.7641972,-0.01995394,0.5692689
-0.3230633,-0.7512137,-0.02247031,0.575155
-0.2740387,-0.7623407,-0.006103054,0.5862613
-0.2105441,-0.7641206,0.01286317,0.6096108
-0.06702221,-0.7593412,0.03454378,0.6463093
0.5190431,-0.4904392,0.04308777,0.6987182
-0.2081896,-0.6060292,0.04533601,0.7663749
-0.4280899,-0.4505989,0.08104919,0.7791859
-0.4944683,-0.391307,0.09152758,0.7707158
-0.5059585,-0.3989322,0.08442685,0.7600863
-0.4964815,-0.4324433,0.07197291,0.7492121
-0.4585464,-0.4818635,0.06216004,0.744096
-0.3564296,-0.5572203,0.0540975,0.748022
-0.1885853,-0.634369,0.04242151,0.7484731
0.4448499,-0.5125769,0.0119926,0.7343225
0.6626124,0.3159418,-0.02431992,0.6786268
0.6754949,0.2847416,-0.03229246,0.6794013
0.6819847,-0.1277545,-0.02042961,0.7198322
0.4794531,-0.4434688,-0.01387711,0.7571443
0.2473297,-0.5798159,0.00498262,0.776284
0.09608095,-0.6260607,0.02116533,0.7735428
0.07881979,-0.6363974,0.02466579,0.7669272
0.03916921,-0.6524524,0.03018957,0.7562144
0.005143042,-0.6628585,0.03387409,0.7479603
-0.2353585,-0.6314571,0.04554539,0.7374238
-0.4774045,-0.4850197,0.05691811,0.7304801
-0.6093739,-0.3203333,0.0636245,0.722497
-0.6860895,-0.1242245,0.06964168,0.713442
-0.7022638,0.08761644,0.07742476,0.7022494
-0.6748842,0.2451081,0.08316109,0.6910409
-0.6434023,0.330818,0.08052987,0.6856442
-0.6158811,0.3851599,0.07732791,0.6829076
-0.6414376,0.3291025,0.07203293,0.6892464
-0.628467,0.3544352,0.06927383,0.6889166
-0.6866692,0.1903246,0.06641001,0.6984637
-0.7025274,-0.01656613,0.07015747,0.7079962
-0.6884031,-0.1159526,0.06772068,0.7127904
-0.7007318,-0.03179389,0.07240212,0.709029
-0.702897,0.07025495,0.0810886,0.7031535
-0.6963577,0.1451266,0.08473173,0.6977425
-0.6885827,0.1909972,0.08575094,0.6942772
-0.6576897,0.2978196,0.08410805,0.6867849
-0.6291507,0.3656272,0.08576882,0.6805363
-0.6237339,0.3775353,0.08688766,0.6788768
-0.6925876,0.1707868,0.08940274,0.6950982
-0.6522281,-0.1792743,0.0989902,0.7298357
-0.5197858,-0.3626371,0.09643069,0.7674753
-0.5491208,-0.3140447,0.1080664,0.7669185
-0.604377,-0.2359264,0.1165846,0.7519808
-0.6348279,-0.1609186,0.1310862,0.7442549
-0.63125,-0.1404052,0.1453966,0.7487788
-0.6397015,-0.1430336,0.1357586,0.742895
-0.6536988,-0.1587254,0.1099136,0.7317125
-0.6563822,-0.1537367,0.1091932,0.7304823
-0.6655089,-0.1304195,0.1089235,0.7267904
-0.6771891,-0.08715105,0.112609,0.7218994
-0.6874335,-0.02820066,0.1204824,0.7156283
-0.6921731,0.01410085,0.1258058,0.7105424
-0.6945969,0.04438585,0.1280156,0.7065247
-0.6941978,0.05749053,0.1332994,0.7049934
-0.6944888,0.07258192,0.1355097,0.70289
-0.6939995,0.07663438,0.1384489,0.70237
-0.6936464,0.06496841,0.1377468,0.7040309
-0.6877676,0.03808975,0.1497513,0.7092949
-0.6844685,0.03733763,0.1588674,0.7105421
-0.6746906,-0.004270911,0.1635474,0.7197406
-0.670974,-0.01523262,0.1656055,0.7225903
-0.6493378,-0.05132288,0.1799847,0.7371106
-0.6594492,-0.02713928,0.1791051,0.7295969
-0.6620553,-0.02607083,0.1759131,0.7280506
-0.6516025,-0.04646441,0.1805081,0.7353041
-0.6491184,-0.05799547,0.1778139,0.7373357
-0.6382131,-0.07863933,0.1794567,0.7445101
-0.6266307,-0.09445912,0.1823349,0.7517748
-0.6194801,-0.09912965,0.185909,0.7562113
-0.6077583,-0.118825,0.1838417,0.7633562
-0.602634,-0.1304109,0.1809721,0.7662077
-0.5938588,-0.1462248,0.1776526,0.7709666
-0.5721679,-0.1788729,0.1709262,0.7819287
-0.5620631,-0.1928407,0.1676461,0.7866336
-0.5385902,-0.2147614,0.1631509,0.7982356
-0.5279486,-0.2274425,0.1593148,0.8025951
-0.5217278,-0.2335784,0.1574208,0.8052701
-0.5212352,-0.2326406,0.1576143,0.8058226
-0.5155822,-0.2334952,0.1573362,0.8092592
-0.4819481,-0.2493876,0.1504764,0.8263708
-0.4475445,-0.2556259,0.142317,0.8450475
-0.4235885,-0.2555677,0.1350523,0.858498
-0.4297497,-0.2619924,0.1356851,0.8533843
-0.4448313,-0.2810796,0.1353399,0.8395252
-0.4431806,-0.3107463,0.1276858,0.8310981
-0.4329114,-0.3282948,0.1217806,0.8306502
-0.4106928,-0.3454535,0.1145135,0.8359905
-0.4074476,-0.3428857,0.11414,0.8386823
-0.3653266,-0.3577464,0.1031103,0.8531837
-0.3403105,-0.3603549,0.09662457,0.8631319
-0.3471195,-0.3543602,0.09889228,0.8626454
-0.3527817,-0.3496932,0.1008661,0.8620242
-0.3493149,-0.3483602,0.100001,0.8640742
-0.3508727,-0.3445457,0.1007615,0.8648837
-0.3529175,-0.3409022,0.1016348,0.8653932
-0.3535637,-0.3383675,0.1020581,0.866074
-0.3518648,-0.3387632,0.1016035,0.8666645
-0.3576789,-0.3359395,0.1034892,0.8651592
-0.3624194,-0.3330142,0.1050967,0.8641229
-0.3719826,-0.3286127,0.1081938,0.8613575
-0.3728544,-0.3278778,0.1085288,0.8612185
-0.3731566,-0.3278768,0.1086242,0.8610759
-0.3690035,-0.3304103,0.1072381,0.8620704
-0.368209,-0.3309417,0.1069825,0.8622381
-0.3702886,-0.3304891,0.1075581,0.8614491
-0.3723503,-0.3287096,0.1082959,0.8611488
-0.3741973,-0.3277594,0.1089053,0.8606334
-0.3742012,-0.3283635,0.1087833,0.8604168
-0.3735748,-0.3286053,0.1086252,0.8606167
-0.3805327,-0.3253075,0.1108567,0.858534
-0.3766316,-0.3267971,0.1096887,0.8598375
-0.3786744,-0.3266095,0.1102464,0.8589399
-0.3755182,-0.3295092,0.1090719,0.8593678
-0.3723915,-0.3323368,0.107903,0.859787
-0.3696295,-0.3348345,0.1069035,0.8601347
-0.3697836,-0.3355163,0.1068409,0.8598105
-0.3658398,-0.3389228,0.1054913,0.8603279
-0.3704852,-0.3362576,0.1070008,0.8591989
-0.367114,-0.3400553,0.1056759,0.859315
-0.3629042,-0.3437582,0.104262,0.8598025
-0.3569647,-0.3488867,0.1022804,0.8604609
-0.3543271,-0.3524183,0.1012323,0.8602358
-0.3523932,-0.3555479,0.1003879,0.8598412
-0.3518364,-0.3568115,0.1000965,0.8595798
-0.352987,-0.3573242,0.1003302,0.8588675
-0.3528298,-0.3578788,0.1002547,0.8587101
-0.3554085,-0.356745,0.1009771,0.8580334
-0.355737,-0.3567856,0.1010768,0.8578689
-0.3535657,-0.3594583,0.1001953,0.8577539
-0.3497961,-0.3618957,0.09908094,0.8584039
-0.348828,-0.3628004,0.0987659,0.8584523
-0.3476014,-0.3645324,0.09827183,0.8582727
-0.3461125,-0.3669356,0.09765197,0.8579211
-0.3508399,-0.3649029,0.09892377,0.8567213
-0.3437074,-0.3709269,0.09666322,0.8572833
-0.3432369,-0.3722766,0.09634151,0.8569229
-0.3435673,-0.372124,0.09642446,0.8568475
-0.3436408,-0.3720416,0.09646676,0.8568491
-0.3425318,-0.3722217,0.09621584,0.8572429
-0.3430336,-0.3718377,0.09637295,0.8571912
-0.344091,-0.3703579,0.0968164,0.8573582
-0.3463996,-0.368711,0.09744032,0.8570676
-0.3436618,-0.3709468,0.09659424,0.8573006
-0.342359,-0.372112,0.09617975,0.8573637
-0.340648,-0.3737551,0.09562161,0.8573928
-0.34174,-0.3726666,0.09600273,0.8573896
-0.3428355,-0.3722076,0.09627501,0.8571211
-0.3378595,-0.3751672,0.09485819,0.8579642
-0.3349634,-0.3763575,0.09403893,0.8586683
-0.3340433,-0.376851,0.09375049,0.8588418
-0.3397703,-0.3727055,0.09553132,0.8582078
-0.352949,-0.3701462,0.09887016,0.8536062
-0.4218907,-0.3387013,0.116948,0.8328342
-0.4809902,-0.3090692,0.1288654,0.8102582
-0.512248,-0.2969036,0.1305826,0.7952349
-0.5311303,-0.2888281,0.1300349,0.7858561
-0.5471876,-0.2734584,0.132169,0.77996
-0.5630874,-0.2552331,0.1347801,0.7743532
-0.5782027,-0.2372884,0.1366439,0.7685728
-0.5895699,-0.2283111,0.1349059,0.7629429
-0.5773633,-0.2493748,0.1308938,0.7663749
-0.5075163,-0.3255634,0.1198868,0.7887095
-0.438524,-0.3652374,0.1115119,0.8135499
-0.3917493,-0.3664001,0.1069743,0.8371619
-0.3395244,-0.3726693,0.0954385,0.8583311
-0.3414311,-0.368557,0.0963056,0.859253
-0.3388659,-0.3694991,0.09561155,0.8599411
-0.3361635,-0.3683937,0.09504176,0.8615378
-0.3440338,-0.3632275,0.0974763,0.8603516
-0.3436736,-0.3624835,0.09745296,0.8608119
-0.3350476,-0.3677613,0.09478495,0.8622706
-0.3335983,-0.3693705,0.09423482,0.8622051
-0.336408,-0.3677841,0.09515362,0.8616903
-0.335116,-0.3699018,0.09461895,0.8613462
-0.3358175,-0.3699096,0.09476767,0.8610532
-0.3388395,-0.3695607,0.09553885,0.8599332
-0.3419919,-0.3679737,0.09645088,0.8592637
-0.3331056,-0.3724129,0.09385517,0.8611276
-0.3334062,-0.3711708,0.09404819,0.8615263
-0.3342818,-0.3709291,0.09426744,0.861267
-0.3320975,-0.3718119,0.09367426,0.861796
-0.3334054,-0.371014,0.09406766,0.8615919
-0.3327471,-0.3713193,0.09388986,0.8617343
-0.3351692,-0.3703357,0.09452552,0.8611493
-0.3346808,-0.3703293,0.09444088,0.8613511
-0.3345974,-0.3702277,0.09444521,0.8614268
-0.332917,-0.3717602,0.09389928,0.8614774
-0.3334334,-0.3718249,0.09402497,0.8612362
-0.3347074,-0.3711411,0.09437644,0.8609983
-0.3352095,-0.3706049,0.09456373,0.8610135
-0.3672985,-0.3639942,0.1027274,0.8497336
-0.4362784,-0.3397621,0.1182532,0.824766
-0.4656188,-0.3315212,0.1218378,0.8114483
-0.4748666,-0.3325971,0.1212248,0.8057204
-0.4624085,-0.3455318,0.1174428,0.8080801
-0.4017898,-0.3723471,0.1070829,0.8297325
-0.3267438,-0.3871165,0.09101757,0.8573768
-0.3177273,-0.3892042,0.08871637,0.8600575
-0.3324886,-0.3896538,0.09205493,0.8539011
-0.3992192,-0.3677908,0.1076192,0.8329298
-0.4557546,-0.3406163,0.1189712,0.813704
-0.4569179,-0.3488561,0.1164501,0.8099166
-0.4474227,-0.3585214,0.1135086,0.811413
-0.3896396,-0.3804286,0.1038281,0.8322709
-0.3233179,-0.3892946,0.08999254,0.8577976
-0.3215408,-0.3886251,0.08964869,0.8588045
-0.321815,-0.389263,0.08964831,0.8584129
-0.3190998,-0.3888052,0.08904985,0.8596953
-0.314208,-0.3900397,0.0878296,0.8610623
-0.3154602,-0.3864999,0.09199742,0.8617651
-0.3259805,-0.3835286,0.09119084,0.8592594
-0.3491238,-0.3778788,0.09703162,0.8520006
-0.3641918,-0.3762577,0.1003077,0.84601
-0.3857799,-0.3695485,0.1052529,0.8387666
-0.4237174,-0.3501127,0.114518,0.8275085
-0.4248596,-0.3520717,0.1143015,0.8261205
-0.392565,-0.3693341,0.1065997,0.8355366
-0.3440656,-0.3733287,0.09653624,0.8561105
-0.2999221,-0.3918179,0.08422428,0.8656973
-0.2386625,-0.4199007,0.06753101,0.8730195
-0.2418069,-0.4188772,0.06835886,0.8725815
-0.2558795,-0.4164482,0.07197627,0.8694343
-0.3533809,-0.3798008,0.09776473,0.8493029
-0.3854119,-0.3747016,0.1043907,0.836755
-0.4189163,-0.3636325,0.1108377,0.8246184
-0.4461763,-0.354773,0.1146434,0.8135844
-0.444596,-0.359055,0.1133624,0.8127502
-0.3865954,-0.382519,0.1029734,0.8328384
-0.2747924,-0.4094997,0.07695521,0.8665316
-0.2962971,-0.3970543,0.08298989,0.8646783
-0.3377949,-0.3770548,0.0946196,0.8571881
-0.3331092,-0.3778405,0.0934015,0.858808
-0.3347666,-0.3756019,0.0940598,0.8590735
-0.3424842,-0.3716004,0.09633571,0.857518
-0.3483407,-0.368932,0.09803358,0.8561176
-0.3342384,-0.3761605,0.09397351,0.8590442
-0.3374115,-0.3743559,0.09490399,0.8584896
-0.3377881,-0.3702055,0.0954375,0.8600807
-0.3538151,-0.3419345,0.1023016,0.8645403
-0.4030068,-0.2923385,0.1214277,0.8587077
-0.443811,-0.2663758,0.1369906,0.8445764
-0.4961934,-0.225473,0.1572058,0.8235534
-0.52615,-0.1935099,0.1699281,0.8104596
-0.5364224,-0.1777118,0.1756587,0.8061101
-0.539921,-0.16854,0.1792066,0.8049625
-0.538605,-0.1653794,0.1809797,0.8061021
-0.5562165,-0.1524757,0.1857789,0.7955253
-0.5802895,-0.1391957,0.186988,0.7803359
-0.6114782,-0.1041048,0.1896598,0.7611083
-0.6166373,-0.1094854,0.1831263,0.7577837
-0.628221,-0.1015557,0.1776751,0.7506374
-0.6385031,-0.09024474,0.1736081,0.7443319
-0.6548988,-0.05536047,0.1723423,0.7337172
-0.6700782,-0.01052502,0.1709074,0.7222708
-0.6751174,0.004224122,0.1678661,0.718345
-0.678367,0.02189386,0.1683357,0.7148441
-0.6792496,0.03331563,0.1706076,0.713024
-0.6842719,0.05730537,0.1664976,0.7076487
-0.6833689,0.05619606,0.1681454,0.7082202
-0.6830794,0.05032387,0.1663693,0.7093598
-0.6783974,0.02592674,0.1673966,0.7149007
-0.6740716,0.004861057,0.1663681,0.7196705
-0.6615853,-0.03768983,0.1658638,0.7303243
-0.6494243,-0.05731305,0.1707177,0.7387954
-0.657821,-0.01636708,0.1799658,0.7311743
-0.6806946,0.01627532,0.1557629,0.7156311
-0.7009925,0.0113554,0.08877909,0.7075302
-0.7029445,0.04792309,-0.0003596246,0.7096283
-0.6569227,0.1976913,-0.02320591,0.7272085
-0.5847688,0.3414171,-0.01105458,0.7357702
-0.5700142,0.3675233,-0.006257027,0.7348274
-0.6173928,0.2983329,-0.006108612,0.7278642
-0.6492715,0.2393869,-0.003544986,0.7218919
-0.5963783,0.3452154,0.004752636,0.7246631
-0.462811,0.510557,0.01832408,0.7244321
-0.342945,0.5998771,0.02537024,0.7224213
-0.247475,0.6423254,0.02768072,0.7248504
-0.03599737,0.6898698,0.03443742,0.7222174
0.3667694,0.5828508,0.04559077,0.723662
0.5556008,0.4024252,0.05902249,0.7251745
0.6226535,0.276551,0.07669052,0.7279702
0.6551113,0.1778871,0.09624597,0.7279575
0.6688049,0.1104785,0.1139351,0.7263011
0.6702504,0.06365818,0.1365969,0.7266728
0.6612173,0.03982711,0.1622597,0.7313531
0.6465595,0.03709027,0.1809716,0.7401584
0.6355597,0.02223176,0.1976749,0.7459853
0.6208196,0.01983505,0.20783,0.7556431
0.606948,0.02451929,0.2105715,0.7659454
0.5992057,0.02518761,0.2115024,0.7717414
0.588431,0.0325405,0.2086483,0.7804845
0.5703171,0.05432573,0.1978956,0.7953769
0.5595884,0.05719663,0.1927385,0.8040157
0.5350195,0.06601955,0.1751996,0.8238328
0.4897144,0.1038209,0.1382437,0.8545699
0.4612958,0.1190632,0.1143653,0.8717514
0.5082619,0.08520532,0.1520084,0.843388
0.4888517,0.1274116,0.1457028,0.8506238
0.4166605,0.1993016,0.1116789,0.8798867
0.394165,0.2259649,0.1060392,0.8844939
0.4392169,0.2455553,0.1279587,0.8546448
0.4930106,0.2406384,0.1435141,0.8236731
0.5191122,0.2436292,0.1448249,0.8063455
0.5474879,0.2203373,0.1508394,0.7930674
0.5672014,0.203437,0.1530173,0.7832507
0.5841999,0.1850059,0.1547975,0.7749329
0.5973241,0.1816841,0.1494252,0.7667248
0.5977181,0.2027452,0.1381043,0.7632527
0.6047077,0.2139041,0.1274221,0.7565296
0.5827013,0.284642,0.104731,0.7539693
0.392822,0.513202,0.06446293,0.7603678
-0.2330558,0.6156574,0.01601853,0.7525917
-0.5927241,0.3385946,-0.003711998,0.7307654
-0.5434731,0.405302,-0.000411123,0.7350966
-0.1408069,0.6224604,0.01773773,0.7696764
0.01915278,0.6281174,0.03021566,0.7772958
0.01964621,0.6192263,0.02946453,0.7844135
-0.003853852,0.6250198,0.02764362,0.7801097
-0.1202311,0.6269817,0.01912351,0.7694625
-0.3128881,0.5761387,0.008118436,0.7550493
-0.4943905,0.4517547,-0.002261981,0.7426242
-0.5919537,0.3353691,-0.007337779,0.7328468
-0.6640766,0.1896583,-0.01442337,0.7230656
-0.7037528,0.006871372,-0.02796066,0.7098613
-0.7044528,-0.138407,-0.0390259,0.69503
-0.7007048,-0.1784843,-0.05055356,0.6889126
-0.6531961,-0.3668295,-0.05715111,0.6599278
-0.6626074,-0.3589971,-0.08292267,0.6520708
-0.6231546,-0.4629467,-0.09803888,0.6226933
-0.5967227,-0.5171322,-0.1044656,0.6046349
-0.5951027,-0.523792,-0.1108943,0.5993307
-0.5978631,-0.5194716,-0.1114207,0.6002452
-0.5951241,-0.5246347,-0.1117202,0.5984184
-0.5912722,-0.5344184,-0.1173848,0.5924651
-0.5941473,-0.5309567,-0.1205509,0.5920655
-0.5852488,-0.5474337,-0.124107,0.5851474
-0.5837203,-0.550941,-0.1272389,0.5827049
-0.5798084,-0.5590456,-0.1315955,0.5779037
-0.5966343,-0.5303672,-0.1326999,0.5874767
-0.6350266,-0.451447,-0.1298133,0.613258
-0.6593688,-0.3873821,-0.1289772,0.6312945
-0.6820724,-0.3037871,-0.1265916,0.653043
-0.6933998,-0.2334725,-0.125129,0.6700971
-0.6971595,-0.1320219,-0.1215658,0.6940899
-0.6614982,0.05060416,-0.1141257,0.7394826
-0.6244366,0.1338709,-0.1067738,0.7620741
-0.5916743,0.1899262,-0.09905528,0.7771986
-0.4946078,0.3066611,-0.0781444,0.8094539
-0.2690618,0.4710883,-0.02928057,0.839538
-0.02785341,0.5498521,0.01552686,0.8346531
0.1815031,0.5293181,0.04922089,0.8273187
0.3078163,0.4641749,0.07328472,0.827297
0.3414674,0.4781575,0.07464975,0.805725
0.3785232,0.4987168,0.07006933,0.7765899
0.4474983,0.4729649,0.06943108,0.7557967
0.5334929,0.4019347,0.07122424,0.740784
0.5743564,0.3453646,0.07722241,0.7381563
0.5935549,0.3065152,0.08503318,0.7392634
0.6044698,0.2818481,0.09033874,0.7396059
0.6185924,0.2484984,0.0970397,0.7390368
0.6236929,0.2312788,0.1023405,0.7396241
0.626723,0.2198174,0.1062514,0.7400062
0.6314154,0.2042508,0.1107674,0.7398155
0.6396177,0.1782355,0.1171905,0.7385036
0.6447378,0.1556304,0.1246133,0.7379457
0.6508023,0.1257668,0.1344935,0.7365804
0.6544044,0.09773886,0.1458595,0.7354773
0.6547291,0.07954368,0.1558454,0.7353331
0.6549461,0.06088752,0.1660896,0.7346786
0.6563839,0.04360747,0.1737871,0.7328414
0.6563575,0.03082588,0.1810585,0.731753
0.6545818,0.0224883,0.1883818,0.7317986
0.652908,0.01168099,0.1967842,0.7313349
0.6517338,0.00326845,0.2032853,0.7306898
0.6489603,-0.004483372,0.2113823,0.7308543
0.6401038,-0.001930624,0.2211576,0.7357667
0.6444821,-0.01257455,0.2219784,0.7315807
0.6417261,-0.01039767,0.2244306,0.7332874
0.6387987,-0.006186724,0.2258807,0.7354426
0.6313138,0.003773361,0.2283781,0.741129
0.6259546,0.01485878,0.2275411,0.7457782
0.6219738,0.02541396,0.2253682,0.7494744
0.6112742,0.0437279,0.223558,0.7579271
0.6114879,0.04286551,0.2241137,0.7576399
0.6124902,0.03611776,0.2271607,0.7562733
0.6082307,0.04021293,0.2278731,0.759284
0.6063546,0.04065207,0.2289091,0.7604487
0.604799,0.04047412,0.2299184,0.7613919
0.6031146,0.04168442,0.2300908,0.7626097
0.6042608,0.04145753,0.2294993,0.7618924
0.6027422,0.04799214,0.2262035,0.7636954
0.6027696,0.04692411,0.2259391,0.7638183
0.6088332,0.05061647,0.220005,0.7604985
0.6092359,0.04685873,0.2209092,0.7601545
0.6070309,0.04296803,0.2235826,0.7613659
0.6067341,0.04470986,0.2225685,0.7617992
0.6036169,0.05118287,0.2206255,0.7644287
0.6024405,0.050482,0.221332,0.7651988
0.5999691,0.0545705,0.2202204,0.767178
0.5976701,0.05914229,0.2187701,0.7690464
0.5954391,0.06190503,0.2180791,0.7707539
0.5912183,0.06393565,0.2185536,0.7736973
0.5885268,0.06425446,0.2194263,0.7754737
0.5852369,0.0640711,0.2205453,0.7776583
0.5802723,0.06738816,0.2204904,0.7811062
0.5759844,0.0708992,0.2196265,0.7842062
0.5735016,0.06888925,0.2210782,0.7857956
0.571403,0.06523618,0.2229695,0.7871007
0.5696957,0.06754126,0.2221106,0.7883856
0.569102,0.06507654,0.223064,0.7887525
0.5695102,0.06406568,0.2236267,0.7883812
0.5699363,0.06335393,0.223823,0.788075
0.5708593,0.0630952,0.2238924,0.7874076
0.5714471,0.06199971,0.2243233,0.7869455
0.5702786,0.06122082,0.2248433,0.7877054
0.5688096,0.06383723,0.2240248,0.7887923
0.567153,0.07064965,0.2214762,0.7901229
0.5709462,0.06940062,0.2219524,0.7873635
0.5692812,0.06921443,0.2221504,0.7885287
0.5695426,0.06894335,0.2222308,0.788341
0.5707557,0.0669463,0.2229608,0.7874291
0.5741109,0.06282312,0.2243989,0.7849172
0.5758147,0.060634,0.2251093,0.7836368
0.5761597,0.06163521,0.224662,0.7834337
0.5784791,0.05962326,0.2253231,0.7816882
0.5851701,0.05207781,0.2274806,0.7766057
0.5878398,0.0496498,0.2278965,0.774624
0.5891525,0.04736999,0.2285515,0.7735759
0.5841333,0.05517448,0.2261962,0.7775471
0.5829865,0.05735001,0.2254129,0.7784772
0.5833708,0.05763073,0.2251968,0.778231
0.5842794,0.05608501,0.2256915,0.7775187
0.5832216,0.05729386,0.2253648,0.7783191
0.5839511,0.05588427,0.2258425,0.7777359
0.5855517,0.05334789,0.2266415,0.7764772
0.5861083,0.05292863,0.2266721,0.776077
0.5875249,0.05020122,0.2275625,0.7749255
0.5883394,0.04962482,0.2276294,0.7743248
0.588051,0.04963432,0.227685,0.7745271
0.5871834,0.05051221,0.2275458,0.775169
0.5849772,0.05092749,0.2279731,0.7766829
0.5833264,0.05320214,0.2273593,0.7779509
0.5826561,0.05478717,0.2267942,0.7785079
0.5822041,0.05456451,0.2270053,0.7788001
0.581656,0.05531554,0.226801,0.7792162
0.5809205,0.0549394,0.2270542,0.7797176
0.5800117,0.05161209,0.228802,0.7801105
0.5788644,0.0522974,0.2286395,0.7809642
0.5786451,0.05063808,0.2294077,0.7810107
0.580347,0.04581453,0.2312697,0.7794952
0.5794996,0.04754053,0.230599,0.7802206
0.5790086,0.04948385,0.2297537,0.7807136
0.5793698,0.04954708,0.2296738,0.7804651
0.5792071,0.04979594,0.2295996,0.7805918
0.5797839,0.04857472,0.2300633,0.7801039
0.578387,0.05045816,0.2295064,0.7811846
0.5783124,0.05085292,0.2293356,0.7812644
0.5773051,0.05093101,0.229417,0.78198
0.5761586,0.0524549,0.2288921,0.7828782
0.576125,0.05194974,0.2291746,0.7828538
0.5755346,0.05256091,0.22895,0.783313
0.5776396,0.0510094,0.229379,0.7817389
0.576833,0.0520546,0.229063,0.7823581
0.5768255,0.05372134,0.22831,0.782471
0.5770031,0.05236435,0.2289153,0.7822551
0.5779345,0.0513268,0.2292652,0.7815336
0.5760776,0.05337527,0.2285861,0.7829649
0.577305,0.05177645,0.2291581,0.7820005
0.5764647,0.052736,0.2287711,0.7826692
0.5765997,0.05300193,0.2286777,0.7825792
0.575788,0.05414128,0.2283225,0.7832022
0.5766277,0.05240664,0.2289535,0.782518
0.577228,0.05172977,0.2291486,0.7820632
0.5770601,0.05201051,0.2290555,0.7821957
0.5769862,0.05200094,0.2290556,0.7822509
0.5786171,0.04837415,0.2305069,0.7808514
0.5773112,0.04958275,0.2301908,0.7818348
0.5780376,0.04831256,0.2306769,0.7812341
0.5799539,0.04647981,0.2311876,0.7797726
0.5780112,0.047537,0.2309142,0.781231
0.5782191,0.04775928,0.2307775,0.781104
0.5786384,0.04771523,0.2307387,0.7808076
0.578029,0.04877584,0.23038,0.7812992
0.5797487,0.04608876,0.2314084,0.779883
0.5784847,0.04785156,0.2308028,0.7808942
0.5781659,0.04938796,0.2301497,0.7812274
0.5790223,0.04875106,0.2302753,0.7805958
0.5798656,0.04682118,0.2310134,0.7798695
0.5798087,0.04685955,0.2310003,0.7799134
0.5820392,0.04424284,0.2318101,0.7781626
0.5831906,0.04346518,0.2318801,0.7773231
0.5824431,0.04475008,0.2313788,0.7779597
0.5827774,0.04450355,0.2313992,0.7777174
0.5837482,0.04343462,0.2316779,0.7769665
0.5834125,0.04321352,0.2318444,0.7771812
0.5878305,0.03796849,0.233287,0.7736866
0.5922652,0.03302377,0.2343759,0.7701943
0.5939504,0.03182304,0.2344324,0.7689289
0.5937174,0.0315156,0.2346645,0.7690507
0.593418,0.03258586,0.2342546,0.7693622
0.5897604,0.03972054,0.2319408,0.7725338
0.585876,0.04451233,0.2307056,0.775592
0.5932695,0.03514305,0.2330823,0.7697201
0.5957071,0.0311591,0.2341779,0.7676737
0.5881721,0.04294491,0.230848,0.7738983
0.5849301,0.04643042,0.2299753,0.7764099
0.5854344,0.04493333,0.2305126,0.7759584
0.5842549,0.04709314,0.2297635,0.7769409
0.5845463,0.04527809,0.2305706,0.7765904
0.5925026,0.03294879,0.2343549,0.7700213
0.592673,0.03254443,0.2345301,0.7698541
0.5936326,0.03170016,0.234661,0.7691097
0.5847051,0.04474278,0.2309694,0.7763834
0.5789232,0.05559891,0.2271109,0.7811384
0.581928,0.05126825,0.2285212,0.7787872
0.5810243,0.05186161,0.2283305,0.7794783
0.581297,0.05433175,0.2270342,0.7794853
0.5807664,0.05573758,0.2264511,0.7799511
0.5828328,0.05415776,0.2267476,0.7784333
0.5837786,0.05209869,0.2275206,0.7776392
0.5854971,0.04990737,0.228225,0.7762833
0.5863075,0.04720025,0.2293707,0.7755029
0.586123,0.0449612,0.2305371,0.7754295
0.5865182,0.04698437,0.2294345,0.7753377
0.5885947,0.04604089,0.2292827,0.7738643
0.5900463,0.04082391,0.2312884,0.7724534
0.5912656,0.04397494,0.2293199,0.771935
0.5906894,0.04486886,0.2289851,0.7724239
0.5910623,0.0458585,0.228354,0.7722673
0.5891947,0.04895595,0.227583,0.7737306
0.5905437,0.04936358,0.2271508,0.7728025
0.5881026,0.04925719,0.2282209,0.7743541
0.5906581,0.04982466,0.2273287,0.7726334
0.5899516,0.05280262,0.22626,0.7732887
0.5874238,0.05647995,0.2255304,0.7751641
0.58741,0.05748594,0.2255801,0.7750861
0.5860175,0.05991262,0.2251704,0.7760749
0.5838268,0.05963308,0.2264796,0.7773654
0.5872669,0.05788305,0.2263915,0.7749285
0.5923303,0.0548757,0.2261565,0.7713538
0.5947508,0.05313036,0.2259195,0.7696812
0.597253,0.05414554,0.223809,0.7682881
0.5994126,0.04537293,0.2276187,0.766052
0.6023086,0.04060236,0.2287603,0.7637045
0.6167394,0.03276256,0.2242,0.7538525
0.6351237,0.02281976,0.2139629,0.7418336
0.6256329,0.03283793,0.2175837,0.7484401
0.6299586,0.0310449,0.2149028,0.7456576
0.6296452,0.02791512,0.2169112,0.7454644
0.6344349,0.01349145,0.2198718,0.7409229