-0.03257966,-0.03085884,-0.02363029,0.9987131
-0.1735676,-0.06160861,0.01337237,0.982802
-0.1631196,-0.06042032,0.01085001,0.9846947
-0.1640882,-0.06053767,0.01110175,0.9845237
-0.1646706,-0.06060743,0.01125302,0.9844205
-0.1647337,-0.06061497,0.01126947,0.9844093
-0.164367,-0.06057118,0.01117419,0.9844743
-0.163858,-0.06050995,0.0110419,0.9845644
-0.1643406,-0.06056792,0.01116731,0.9844791
-0.1657852,-0.06073947,0.01154259,0.9842219
-0.1647771,-0.06062024,0.0112809,0.9844015
-0.1625595,-0.06035182,0.01070446,0.9847932
-0.1616083,-0.06023406,0.0104572,0.9849595
-0.1579426,-0.05976665,0.009504255,0.985592
-0.1510304,-0.05882456,0.00770461,0.9867472
-0.1499571,-0.05867116,0.007424418,0.9869222
-0.144738,-0.0578983,0.006063887,0.987756
-0.1128424,-0.05221114,-0.002288556,0.9922375
-0.09019985,-0.04718695,-0.008261099,0.9947709
-0.08035804,-0.04475365,-0.01086607,0.9957017
-0.07190518,-0.04254496,-0.01311038,0.9964174
-0.06976613,-0.04196875,-0.01367938,0.9965862
-0.06482405,-0.04061086,-0.01499495,0.9969572
-0.05656009,-0.03825817,-0.01719983,0.9975176
-0.06179087,-0.0397592,-0.01580393,0.9971717
-0.06569371,-0.04085239,-0.01476381,0.9968939
-0.07017181,-0.04207873,-0.0135703,0.9965546
-0.07427236,-0.04317448,-0.01248131,0.9962248
-0.07141939,-0.0424147,-0.01323959,0.9964562
-0.1093589,-0.05148988,-0.003210793,0.9926625
-0.1140418,-0.05245475,-0.001966111,0.9920883
-0.09766798,-0.04893202,-0.006301783,0.9939954
-0.1381427,-0.05685775,0.004342069,0.9887694
-0.3045974,-0.06038087,0.04708313,0.9493986
-0.3264355,-0.05703802,0.05290552,0.9420125
-0.2555468,-0.0643058,0.03484841,0.964026
-0.138592,-0.05693082,0.004459427,0.9887018
-0.1416738,-0.05742193,0.005316671,0.9882322
-0.06780002,-0.04144238,-0.01417294,0.9967371
-0.04402694,-0.03449303,-0.02056678,0.9982229
-0.06213205,-0.03985567,-0.01571291,0.9971481
-0.08865261,-0.04681351,-0.008674471,0.9949241
-0.08793432,-0.0466401,-0.008858953,0.9949944
-0.07455776,-0.04324967,-0.01240589,0.9962012
-0.05410016,-0.03753804,-0.01785758,0.9976699
-0.04130179,-0.03364685,-0.02128799,0.9983531
-0.03734513,-0.03239739,-0.02234441,0.9985272
-0.02914691,-0.02973112,-0.02455512,0.9988311
-0.02914706,-0.0297313,-0.02455468,0.9988311
-0.0371078,-0.03232012,-0.0224131,0.998537
-0.03845397,-0.03274893,-0.02205109,0.9984801
-0.04478223,-0.03472838,-0.02035588,0.9981855
-0.06648776,-0.04107207,-0.01455209,0.9968354
-0.0677579,-0.04142123,-0.01421454,0.9967402
-0.0757193,-0.04355642,-0.01208977,0.9961041
-0.07796644,-0.04413992,-0.01149987,0.9959119
-0.07079294,-0.04224619,-0.01340615,0.9965059
-0.0841746,-0.04571628,-0.009845765,0.995353
-0.09915753,-0.04927058,-0.005895761,0.9938337
-0.092431,-0.04771741,-0.007672241,0.9945454
-0.0712345,-0.04236501,-0.01328867,0.9964709
-0.04797735,-0.03570594,-0.01949999,0.9980195
-0.07243737,-0.04268791,-0.01296667,0.9963747
-0.1065535,-0.05089763,-0.003930801,0.9929956
-0.1096958,-0.0515612,-0.003115665,0.992622
-0.1842103,-0.06261268,0.01640549,0.9807533
-0.3489097,-0.05238072,0.05923773,0.9338142
-0.3204886,-0.05783333,0.05169911,0.9440708
-0.3606851,-0.0499959,0.06186646,0.9292896
-0.2447551,-0.06458558,0.03230873,0.9668919
-0.101175,-0.04973907,-0.005583631,0.9936088
-0.07957576,-0.04454354,-0.01112158,0.995771
-0.01195431,-0.0238322,-0.02919983,0.9992179
0.008571705,-0.01625281,-0.03478089,0.999226
-0.002367767,-0.02036338,-0.03180237,0.9992839
-0.007070852,-0.02208098,-0.03052451,0.999265
-0.01870359,-0.02619759,-0.02737322,0.9991069
-0.01322552,-0.02428264,-0.02885521,0.9992011
-0.001402834,-0.02000943,-0.03205993,0.9992847
0.002918979,-0.01839756,-0.03323921,0.9992738
0.0005430622,-0.01928608,-0.03259234,0.9992825
-0.01020953,-0.02320988,-0.02967383,0.999238
-0.007632795,-0.02228445,-0.03037127,0.9992611
-0.009250862,-0.02286692,-0.02993264,0.9992474
-0.01617792,-0.02531988,-0.02805631,0.9991546
-0.02346153,-0.02782654,-0.02608836,0.9989969
-0.03215249,-0.03071985,-0.0237441,0.9987285
-0.04367797,-0.03438821,-0.02064759,0.9982402
-0.04686685,-0.03536879,-0.01979353,0.9980785
-0.03588503,-0.03192838,-0.0227417,0.9985868
-0.02877046,-0.02960668,-0.02465582,0.9988432
-0.02434684,-0.02812552,-0.02585116,0.9989734
-0.03843753,-0.03274384,-0.02205513,0.9984809
-0.04867291,-0.03591801,-0.01930859,0.997982
-0.048002,-0.03571706,-0.01947951,0.9980184
-0.0523432,-0.03701831,-0.01832732,0.9977745
-0.05367169,-0.03741172,-0.01797215,0.9976957
-0.05537008,-0.03791141,-0.01751601,0.9975922
-0.04297094,-0.03416844,-0.02083827,0.9982744
-0.04081504,-0.03349417,-0.02141846,0.9983755
-0.02785663,-0.02930304,-0.02490239,0.9988719
-0.02607127,-0.02870663,-0.02538378,0.9989253
-0.02503346,-0.02835785,-0.02566379,0.9989548
-0.02522123,-0.02842095,-0.02561342,0.9989495
-0.0194072,-0.02644052,-0.02718306,0.9990922
-0.01756865,-0.02580429,-0.02768007,0.9991294
-0.01662207,-0.02547486,-0.02793617,0.9991468
-0.01800127,-0.02595435,-0.02756323,0.9991209
-0.02187402,-0.02728669,-0.0265166,0.9990365
-0.02940431,-0.02981673,-0.02448432,0.9988227
-0.03940197,-0.03304921,-0.02179671,0.9984388
-0.04650178,-0.03525732,-0.01989122,0.9980976
-0.05263268,-0.0371042,-0.01825001,0.9977576
-0.04328094,-0.03426484,-0.02075489,0.9982595
-0.03947838,-0.0330734,-0.0217761,0.9984355
-0.03508998,-0.03167298,-0.02295407,0.9986183
-0.03154531,-0.03052086,-0.02390873,0.9987501
-0.04138664,-0.03367345,-0.02126507,0.9983491
-0.05043246,-0.03645008,-0.01883002,0.9978845
-0.05363121,-0.03739981,-0.01798265,0.9976982
-0.05127402,-0.03669969,-0.01861347,0.9978365
-0.04821951,-0.03578027,-0.01943135,0.9980065
-0.03969142,-0.03314175,-0.02171543,0.9984261
-0.03645141,-0.03210984,-0.02259039,0.998564
-0.02534225,-0.02846179,-0.02558045,0.9989461
-0.03002341,-0.0300214,-0.02431674,0.9988022
-0.02912996,-0.0297246,-0.0245646,0.9988315
-0.06996212,-0.0420269,-0.01360313,0.9965711
-0.08747287,-0.04652794,-0.008980174,0.9950392
-0.175368,-0.06171459,0.01438532,0.9824615
-0.2569047,-0.06432105,0.03503735,0.9636571
-0.19639,-0.06355384,0.01941257,0.9782714
-0.1118154,-0.05200059,-0.002558179,0.9923642
-0.07460775,-0.04326057,-0.01240654,0.9961969
-0.04706103,-0.03543469,-0.01971711,0.9980686
-0.01272483,-0.02410679,-0.02898828,0.999208
-0.01099683,-0.02349148,-0.02945925,0.9992293
0.0189429,-0.01220562,-0.03762071,0.9990379
0.02057721,-0.01155919,-0.03806037,0.9989967
0.0302523,-0.007642572,-0.04070929,0.9986836
0.02257161,-0.01076196,-0.03860512,0.9989416
-0.0006410864,-0.01972318,-0.03227643,0.9992841
-0.004547643,-0.02116469,-0.03120658,0.9992785
-0.01939799,-0.02643791,-0.02718398,0.9990925
-0.02593793,-0.02866192,-0.02541978,0.9989292
-0.0020357,-0.0202386,-0.03189838,0.9992841
0.003247068,-0.01827317,-0.0333289,0.9992722
0.04386863,-0.001931933,-0.04444871,0.9980462
0.0851267,0.01671767,-0.05590022,0.9946603
0.1458852,0.04731782,-0.07299481,0.9854696
0.1787999,0.06500933,-0.08226617,0.9782825
0.2137591,0.08441313,-0.09218888,0.9688563
0.2517456,0.1057298,-0.1029239,0.956479
0.2863294,0.1249856,-0.1126413,0.9432424
0.3099808,0.1378079,-0.1191949,0.9331203
0.3192954,0.1427893,-0.1217822,0.9288868
0.3377096,0.1523612,-0.1268217,0.9201383
0.3598337,0.163414,-0.1328147,0.9089422
0.3629071,0.1649036,-0.1336402,0.9073287
0.3430048,0.155069,-0.1282728,0.9175224
0.301964,0.1335065,-0.1169845,0.9366474
0.2321051,0.09473973,-0.09740701,0.9631529
0.1873542,0.0697073,-0.08468483,0.9761495
0.1616823,0.05572639,-0.0774366,0.9822205
0.1387632,0.04354466,-0.07095181,0.9868204
0.12256,0.03517582,-0.06639151,0.9896129
0.115154,0.0314048,-0.06429037,0.9907674
0.1043825,0.0260469,-0.06128601,0.9923053
0.113369,0.03052009,-0.06380426,0.9910322
0.1109109,0.02928529,-0.06311042,0.991392
0.1230236,0.03541534,-0.06652544,0.989538
0.103108,0.02540438,-0.06091205,0.9924783
0.1017557,0.02475116,-0.06054774,0.9926566
0.0958797,0.0218813,-0.0589039,0.9934076
0.08555113,0.01691898,-0.05601823,0.9946138
0.06546209,0.007588156,-0.05042549,0.9965513
0.05422369,0.002568825,-0.04731691,0.9974038
0.04763205,-0.0003107158,-0.04549164,0.9978285
0.03234593,-0.006774745,-0.04129209,0.9986004
0.01359393,-0.01431626,-0.03614352,0.9991516
-0.000137637,-0.01953923,-0.03240721,0.9992838
-0.003580041,-0.02081092,-0.03146848,0.9992816
-0.01918894,-0.02636528,-0.02724169,0.9990969
-0.02024358,-0.0267283,-0.02695725,0.9990741
-0.01360955,-0.0244182,-0.02875145,0.9991956
-0.02352459,-0.02784836,-0.02607002,0.9989952
-0.0229011,-0.02763861,-0.02623375,0.9990113
-0.04823547,-0.03578581,-0.01942487,0.9980057
-0.06882961,-0.0417142,-0.01392854,0.9966586
-0.09197834,-0.04761114,-0.007784945,0.9945917
-0.09716141,-0.04881674,-0.006430795,0.9940499
-0.1277867,-0.05508232,0.001668484,0.9902695
-0.1737596,-0.06162306,0.01361249,0.9827639
-0.1619866,-0.06028108,0.01054626,0.9848936
-0.1131372,-0.05227754,-0.002096507,0.9922009
-0.09604622,-0.04856146,-0.006716435,0.9941689
-0.1008909,-0.04965977,-0.005434935,0.9936425
-0.1013572,-0.04976448,-0.005302895,0.9935905
-0.09125648,-0.04743982,-0.007976573,0.9946648
-0.1072451,-0.05104431,-0.003760653,0.9929143
-0.1181902,-0.05327895,-0.0008831979,0.9915602
-0.1117765,-0.05199283,-0.002564058,0.992369
-0.1280532,-0.05512849,0.001697463,0.9902325
-0.1446549,-0.05788631,0.006036714,0.987769
-0.1809404,-0.06232716,0.01547396,0.9813952
-0.1615521,-0.06023475,0.01041391,0.9849692
-0.2490693,-0.06446093,0.03339232,0.9657609
-0.2462466,-0.06470735,0.03220411,0.9665084
-0.3780638,-0.04554463,0.06640452,0.922271
-0.1819867,-0.06254189,0.01533407,0.9811901
-0.1479428,-0.0583574,0.007032234,0.9872475
-0.02869528,-0.02961958,-0.02457012,0.9988471
0.007442888,-0.01668527,-0.03447119,0.9992387
-0.005854978,-0.02163932,-0.03085584,0.9992725
-0.01561561,-0.02512443,-0.02820549,0.9991643
-0.02836279,-0.02946948,-0.02477179,0.9988561
-0.05432785,-0.03760509,-0.01779671,0.9976561
-0.05405713,-0.03752896,-0.01785562,0.9976726
-0.03337635,-0.03111638,-0.02342162,0.9986838
-0.03713815,-0.03232986,-0.02240468,0.9985357
-0.02954585,-0.02986316,-0.02444721,0.9988181
-0.03253349,-0.03084379,-0.02364263,0.9987147
-0.02265072,-0.02755215,-0.02630459,0.9990175
-0.01481199,-0.02484137,-0.0284262,0.9991774
-0.01692579,-0.02558069,-0.027854,0.9991413
-0.02066843,-0.02687664,-0.02683563,0.9990647
-0.04234523,-0.03397344,-0.02100629,0.9983043
-0.04238493,-0.0339861,-0.02099503,0.9983024
-0.04722832,-0.03547901,-0.01969668,0.9980596
-0.05839948,-0.03879035,-0.01671004,0.9973993
-0.05799968,-0.03867542,-0.0168153,0.9974254
-0.05380547,-0.0374508,-0.01793778,0.9976876
-0.04143142,-0.03368806,-0.02125116,0.9983471
-0.03921792,-0.03299147,-0.02184465,0.998447
-0.04240485,-0.03399223,-0.02098999,0.9983015
-0.04602214,-0.03511075,-0.02001884,0.9981225
-0.04556447,-0.03497001,-0.02014257,0.9981458
-0.0259464,-0.02866372,-0.0254206,0.998929
-0.0267348,-0.02892984,-0.02520202,0.9989061
-0.03102254,-0.03034893,-0.02405104,0.9987683
-0.01937304,-0.02642872,-0.02719229,0.999093
-0.01937345,-0.02642888,-0.02719217,0.999093
-0.02102985,-0.02699791,-0.02674508,0.9990563
-0.02728078,-0.0291112,-0.02505768,0.9988896
-0.03765892,-0.03249617,-0.02226432,0.9985139
-0.04684955,-0.03536442,-0.01979485,0.9980795
-0.05248387,-0.03706053,-0.01828797,0.9977663
-0.03942136,-0.03305491,-0.02179314,0.9984379
-0.05615423,-0.03813994,-0.01730861,0.9975432
-0.05400787,-0.03751098,-0.01788186,0.9976755
-0.0577308,-0.03859759,-0.01688767,0.9974428
-0.0577001,-0.03858868,-0.01689596,0.9974447
-0.05243604,-0.03704586,-0.01830259,0.9977691
-0.06435343,-0.04047935,-0.01512176,0.9969912
-0.05960007,-0.03913539,-0.01638874,0.9973202
-0.06383635,-0.04033476,-0.0152597,0.9970282
-0.05117116,-0.03666899,-0.018641,0.9978423
-0.04603922,-0.03511595,-0.0200145,0.9981216
-0.04399547,-0.03448649,-0.02056264,0.9982245
-0.0395386,-0.03309313,-0.0217577,0.9984328
-0.04395428,-0.03447354,-0.02057427,0.9982266
-0.05075452,-0.03654443,-0.01875202,0.9978662
-0.03619633,-0.03202963,-0.02265397,0.9985744
-0.03509416,-0.03167408,-0.02295372,0.9986182
-0.04279704,-0.03411442,-0.02088471,0.9982828
-0.05333799,-0.03731393,-0.01805808,0.9977157
-0.05994757,-0.03923433,-0.01629767,0.997297
-0.04087904,-0.03351523,-0.02139772,0.9983726
-0.02016379,-0.02670092,-0.02697858,0.9990759
-0.0447579,-0.034708,-0.02045609,0.9981852
-0.1328818,-0.05606476,0.003247041,0.9895396
-0.3668297,-0.04817558,0.06395618,0.9268359
-0.3105784,-0.05946939,0.04888548,0.9474253
-0.2296777,-0.06476656,0.0280812,0.9707034
-0.1687155,-0.06108677,0.01219423,0.9836944
-0.08931828,-0.04698325,-0.00838577,0.9948591
-0.02148848,-0.027155,-0.02662069,0.9990456
-0.03575567,-0.03188192,-0.02279588,0.9985917
-0.08125142,-0.04500896,-0.01045607,0.995622
-0.09298591,-0.04784872,-0.007518696,0.9944885
-0.1152977,-0.05270699,-0.001642827,0.9919302
-0.2318833,-0.06468732,0.02886014,0.9701612
-0.3113835,-0.05938382,0.04902679,0.9471591
-0.2913821,-0.06186914,0.04381279,0.9535979
-0.178767,-0.06212324,0.01491068,0.981815
-0.1635829,-0.06047634,0.01097309,0.9846131
-0.1779943,-0.06204918,0.01470791,0.9819632
-0.189977,-0.06309798,0.01773803,0.9795983
-0.1004156,-0.04955379,-0.005560334,0.9936952
-0.01143595,-0.02362026,-0.02942396,0.9992225
0.002588156,-0.0185301,-0.03312999,0.9992759
0.03757354,-0.004600484,-0.04271907,0.9983697
0.02503965,-0.009767422,-0.03928138,0.9988666
0.01966807,-0.01192178,-0.03781046,0.9990202
0.02063311,-0.0115372,-0.0380751,0.9989951
0.02779343,-0.008649278,-0.0400352,0.9987742
0.03435061,-0.005945823,-0.04183732,0.9985161
0.01739834,-0.01282052,-0.03719037,0.9990745
0.0138005,-0.01423167,-0.03620803,0.9991476
0.003785144,-0.01807268,-0.03347345,0.999269
-0.01923687,-0.02638177,-0.02722912,0.9990959
-0.002922787,-0.0205671,-0.03165288,0.999283
-0.0001827733,-0.01955505,-0.03239691,0.9992837
0.0137049,-0.01427192,-0.03617577,0.9991496
0.02050302,-0.0115895,-0.03803872,0.9989986
0.02198553,-0.01099687,-0.03844483,0.9989583
0.02512772,-0.009732198,-0.0393049,0.9988639
0.03251766,-0.006702389,-0.04134101,0.9985933
0.0602421,0.005240244,-0.04898271,0.9969674
0.09722875,0.02253785,-0.05928183,0.9932393
0.1416955,0.04505792,-0.07175456,0.9862776
0.1806424,0.06604318,-0.08281013,0.9778288
0.22176,0.08888949,-0.09444936,0.9664369
0.2818561,0.1225118,-0.1113868,0.9450613
0.3254771,0.1460411,-0.1234835,0.9260068
0.3446543,0.1559373,-0.1287426,0.916691
0.3977849,0.1808731,-0.1428675,0.8880547
0.4340725,0.1953937,-0.152197,0.866163
0.432527,0.1948048,-0.1517921,0.8671393
0.4248502,0.1919173,-0.1498452,0.8719038
0.4398363,0.1974452,-0.1536322,0.8625292
0.4617904,0.2047113,-0.1590789,0.8482552
0.4602299,0.2042206,-0.1586896,0.8492938
0.4638261,0.2053252,-0.1595731,0.8469021
0.4556064,0.2027646,-0.157554,0.8523415
0.4564058,0.2030206,-0.1577513,0.8518162
0.4512745,0.2013513,-0.1564803,0.8551742
0.446076,0.1996134,-0.155192,0.8585372
0.4432929,0.1986559,-0.1544973,0.8603242
0.4173888,0.1889783,-0.1479225,0.8764662
0.4019935,0.1826732,-0.1439628,0.8856109
0.3963602,0.1802731,-0.142507,0.8888711
0.3520787,0.1596005,-0.1307215,0.9129513
0.3478645,0.157503,-0.1295837,0.9150908
0.299835,0.132233,-0.1163075,0.9375958
0.2538268,0.106908,-0.1035181,0.9557336
0.2675741,0.1145827,-0.1073784,0.9506549
0.2914445,0.1277758,-0.1140559,0.9411294
0.2999701,0.1324233,-0.116429,0.9375106
0.297736,0.1312124,-0.1158099,0.9384694
0.2939995,0.1291763,-0.1147703,0.9400561
0.2816024,0.1223797,-0.1113196,0.945162
0.2608709,0.1107657,-0.1054373,0.9531843
0.2274295,0.09207971,-0.0960601,0.9646603
0.2108161,0.08275948,-0.09134918,0.969723
0.1869624,0.06948893,-0.08457286,0.9762499
0.1701549,0.06030722,-0.07983166,0.9803251
0.1625199,0.05616697,-0.07766341,0.9820391
0.1373304,0.04279607,-0.07054768,0.9870825
0.1180806,0.03288431,-0.06511477,0.990321
0.07735398,0.01305077,-0.05372022,0.9954698
0.05617272,0.003433902,-0.04786279,0.9972672
0.03745551,-0.00464719,-0.04269125,0.9983752
0.03613051,-0.005202381,-0.04232764,0.9984367
0.02666637,-0.009107609,-0.03972792,0.9988131
0.0003796235,-0.01935008,-0.03254106,0.999283
-0.01910391,-0.02633585,-0.02726503,0.9990986
-0.01032358,-0.02325973,-0.02962152,0.9992372
0.01643819,-0.01319506,-0.03693617,0.9990953
0.01808211,-0.01255086,-0.03737647,0.9990588
0.01467527,-0.01389099,-0.03644497,0.9991313
0.01115739,-0.01525905,-0.03548409,0.9991915
-0.01451843,-0.02474633,-0.02848488,0.9991823
-0.01296293,-0.02419225,-0.02892006,0.9992048
-0.012633,-0.02407292,-0.02901593,0.9992092
-0.02496542,-0.02833804,-0.02567351,0.9989567
0.005717526,-0.0173435,-0.03399749,0.9992551
0.01211198,-0.01488836,-0.03574671,0.9991766
0.02039175,-0.01163384,-0.03800822,0.9990016
0.02994853,-0.007766244,-0.04062827,0.9986952
0.006844115,-0.01691489,-0.034306,0.9992447
-0.02781099,-0.0292874,-0.02491811,0.9988734
-0.07170603,-0.0424916,-0.01316332,0.9964333
-0.103678,-0.05027382,-0.004736048,0.9933283
-0.151863,-0.05897932,0.007883217,0.9866089
-0.3121626,-0.05906898,0.04964674,0.94689
-0.3091262,-0.05967148,0.04851085,0.9479067
-0.306074,-0.05951941,0.0490282,0.9488796
-0.1584861,-0.05987251,0.009657012,0.9854969
-0.2220417,-0.06468169,0.02598744,0.9725422
-0.1313154,-0.05570566,0.002556816,0.9897709
-0.09533857,-0.04839676,-0.006912903,0.9942437
-0.07072858,-0.04223191,-0.01340751,0.996511
-0.03980413,-0.0331773,-0.02168577,0.9984211
-0.02733624,-0.0291297,-0.02504271,0.998888
0.01268894,-0.01467403,-0.03588683,0.9991675
0.04398908,-0.001867107,-0.04450636,0.9980384
0.05226853,0.001709589,-0.04677536,0.9975355
0.05948461,0.004901761,-0.04877287,0.997025
0.03453564,-0.005867606,-0.04188994,0.9985079
0.02582256,-0.009441253,-0.03951396,0.9988406
-0.005945035,-0.0216871,-0.03079785,0.9992727
-0.03216936,-0.03072495,-0.0237407,0.9987279
-0.002778227,-0.02051288,-0.031695,0.9992833
0.0005338385,-0.01929043,-0.03258775,0.9992826
-0.001653507,-0.0201,-0.0319963,0.9992845
0.01049432,-0.01551478,-0.03530335,0.9992011
-0.0001691304,-0.01955035,-0.0323998,0.9992838
0.0008803904,-0.01916024,-0.03268448,0.9992816
-0.003541843,-0.02079452,-0.03148447,0.9992816
-0.02336836,-0.02779509,-0.02611313,0.9989992
-0.01650193,-0.02543275,-0.02796913,0.999149
-0.01275646,-0.02411689,-0.02898184,0.9992075
-0.009542689,-0.02297135,-0.02985413,0.9992447
-0.001580021,-0.02007343,-0.03201503,0.9992846
0.0109463,-0.01533958,-0.03542849,0.9991946
0.004275049,-0.01788776,-0.033607,0.9992658
0.008891114,-0.0161324,-0.03486375,0.9992223
0.01002405,-0.01569597,-0.03517509,0.9992076
0.0001648618,-0.01942636,-0.03249038,0.9992833
0.0009905542,-0.01911909,-0.03271458,0.9992814
0.01247308,-0.01475006,-0.03584158,0.9991708
0.01942583,-0.01201823,-0.03774388,0.9990262
0.01295393,-0.01456246,-0.03597446,0.9991626
0.004148035,-0.0179354,-0.03357301,0.9992667
0.00737494,-0.01671182,-0.03445134,0.9992395
0.006518645,-0.01703737,-0.03421923,0.9992478
-0.0164899,-0.02542856,-0.02797213,0.9991492
-0.03551305,-0.03180844,-0.02284268,0.9986017
-0.05263716,-0.03710622,-0.0182463,0.9977573
-0.05844197,-0.03880287,-0.0166976,0.9973966
-0.04973041,-0.03623872,-0.01901927,0.9979239
-0.066803,-0.04115821,-0.0144717,0.9968119
-0.06309135,-0.0401261,-0.01545687,0.997081
-0.06079741,-0.03947728,-0.01606896,0.9972397
-0.06297746,-0.04009452,-0.01548533,0.997089
-0.05353904,-0.03737212,-0.01800939,0.9977036
-0.048185,-0.03576501,-0.01945588,0.9980083
-0.007107255,-0.02209447,-0.030514,0.9992648
0.02583279,-0.009450982,-0.03949066,0.9988413
0.06563567,0.007669326,-0.0504787,0.9965365
0.04820577,-7.737288E-05,-0.04562662,0.9977947
0.02358614,-0.01035509,-0.03888294,0.9989117
-0.3192839,-0.05660645,0.05316448,0.9444718
-0.3791198,-0.04092399,0.0731326,0.921545
-0.2608584,-0.06419061,0.03614888,0.962562
-0.2284155,-0.06475814,0.02773368,0.9710116
-0.1341873,-0.05620684,0.00322106,0.9893554
-0.1326762,-0.05593933,0.002884374,0.9895755
-0.07347333,-0.04297465,-0.01262249,0.9962908
-0.0592658,-0.03903966,-0.01647765,0.9973424
-0.02648964,-0.02887041,-0.02520945,0.998914
0.02235118,-0.01083523,-0.03857738,0.9989468
0.02260475,-0.01074855,-0.03861441,0.9989406
0.02162579,-0.01114103,-0.03834609,0.9989684
0.007756718,-0.01656831,-0.03455092,0.9992355
0.03152863,-0.007115315,-0.04106265,0.9986336
0.03786118,-0.004476307,-0.04280352,0.9983558
0.03596723,-0.005271149,-0.04228184,0.9984442
0.03033591,-0.007606786,-0.04073489,0.9986804
0.02122672,-0.01130261,-0.03823295,0.9989794
0.0164054,-0.01321081,-0.03692083,0.9990962
0.03253356,-0.006700169,-0.04133794,0.9985929
0.0657536,0.007717126,-0.05050033,0.9965273
0.1231315,0.03548078,-0.06656012,0.9895198
0.201512,0.07758081,-0.08871328,0.9723703
0.2953362,0.1299058,-0.1151425,0.9394909
0.3596689,0.16334,-0.1327769,0.9090261
0.371796,0.1691211,-0.1360034,0.9025901
0.3925636,0.1785408,-0.1414636,0.8910696
0.435003,0.1957113,-0.1524173,0.8655855
0.4245644,0.1918078,-0.1497722,0.8720797
0.4256193,0.1922346,-0.1500564,0.8714225
0.3805395,0.1731372,-0.1382965,0.8978236
0.3575478,0.1622941,-0.1321965,0.9101343
0.2891541,0.126529,-0.1134195,0.9420808
0.2473974,0.1033208,-0.1017202,0.9580044
0.2420308,0.1003025,-0.1002043,0.9598539
0.2009002,0.07722781,-0.08853882,0.972541
0.1798261,0.06558849,-0.08257261,0.9780299
0.1681312,0.05918554,-0.0792366,0.9807908
0.168228,0.05925473,-0.07928,0.9807665
0.1539484,0.05157047,-0.07524027,0.9838594
0.1176635,0.03269833,-0.0650259,0.9903826
0.1177173,0.03271093,-0.06502484,0.9903759
0.09701499,0.02242843,-0.05921528,0.9932666
0.1013086,0.02453147,-0.06042254,0.9927154
0.08967394,0.01888908,-0.05717189,0.9941495
0.09911961,0.02344966,-0.05979761,0.9930003
0.1100203,0.02885219,-0.06287426,0.991519
0.1373643,0.04281367,-0.07055728,0.9870763
0.1250412,0.03643952,-0.06708442,0.9892101
0.1406928,0.04455672,-0.07149769,0.9864625
0.1302113,0.03909205,-0.06853287,0.9883421
0.127958,0.0379379,-0.06790637,0.9887246
0.1062483,0.02696504,-0.06180282,0.9920507
0.1012456,0.02449317,-0.06039567,0.9927244
0.1000282,0.02390145,-0.06006117,0.9928825
0.08769347,0.01793954,-0.05661631,0.9943756
0.08951408,0.01881017,-0.05712447,0.9941682
0.08687474,0.01754551,-0.0563831,0.9944676
0.07140175,0.01030248,-0.05207783,0.996034
0.06896332,0.009185095,-0.05140169,0.9962517
0.05910031,0.004729379,-0.04866503,0.9970539
0.04589337,-0.001054995,-0.04502175,0.9979307
0.0223917,-0.01084009,-0.03854473,0.9989471
0.01945713,-0.01200576,-0.03775247,0.9990255
-0.003033878,-0.02061643,-0.0316023,0.9992833
-0.03795428,-0.03258783,-0.0221909,0.9985014
-0.04214334,-0.03391042,-0.02106089,0.9983138
-0.03683163,-0.03223202,-0.02248664,0.9985484
-0.02898648,-0.02967888,-0.0245957,0.9988363
-0.01451285,-0.02473643,-0.02850678,0.9991821
-0.008058408,-0.02243788,-0.03025615,0.9992577
-0.006806676,-0.02198561,-0.03059551,0.9992668
-0.001834729,-0.02016739,-0.03194605,0.9992844
-0.003673363,-0.02084374,-0.03144631,0.9992813
-0.005657284,-0.02156775,-0.03090884,0.9992735
-0.01769324,-0.02584755,-0.02764643,0.9991269
-0.02551107,-0.02851849,-0.02553514,0.9989413
-0.02811702,-0.02938955,-0.0248325,0.9988639
-0.02499202,-0.02834369,-0.02567552,0.9989558
-0.01579706,-0.02518673,-0.02815936,0.9991612
-0.01932058,-0.02641123,-0.02720485,0.9990941
-0.009780863,-0.0230567,-0.02978949,0.9992423
-0.008658888,-0.02265405,-0.03009356,0.9992528
-0.001880784,-0.02018449,-0.0319333,0.9992844
-0.003620526,-0.02083445,-0.03143655,0.999282
-0.02349827,-0.02783219,-0.02609453,0.9989957
0.02122161,-0.01130845,-0.03822445,0.9989799
-0.02281962,-0.02760978,-0.02626094,0.9990132
-0.3388568,-0.05434358,0.05647898,0.9375677
-0.3828515,-0.04282827,0.06967969,0.9201822
-0.268733,-0.06381685,0.03788633,0.9603513
-0.1916882,-0.06321754,0.01825596,0.9792476
-0.09796323,-0.04900415,-0.006229462,0.9939633
-0.02851104,-0.02952535,-0.02472155,0.9988515
0.01699704,-0.01297601,-0.03708697,0.9990833
0.05334783,0.002183651,-0.04707476,0.9974634
0.07937796,0.0140003,-0.05428987,0.9952667
0.1093297,0.02850832,-0.06268146,0.9916176
0.140601,0.04449362,-0.07145566,0.9864815
0.1345201,0.04133203,-0.06975528,0.9875881
0.1272414,0.03757031,-0.06770578,0.9888449
0.122369,0.03507848,-0.06633814,0.9896436
0.09723438,0.02252982,-0.05927001,0.9932396
0.08538018,0.01683817,-0.05597089,0.9946326
0.07007492,0.009684937,-0.05169727,0.9961542
0.05843778,0.00443136,-0.04847743,0.9971035
0.07168849,0.01043583,-0.05215972,0.9960076
0.06734326,0.008445827,-0.05095188,0.9963923
0.05512409,0.002967016,-0.0475675,0.9973414
0.04621067,-0.0009234413,-0.04510068,0.9979126
0.03847126,-0.004219661,-0.04297115,0.9983264
0.03793178,-0.004447023,-0.04282237,0.9983525
0.05094763,0.00112648,-0.04640195,0.9976222
0.06755909,0.008547217,-0.05101624,0.9963735
0.0649887,0.007376548,-0.05029851,0.9965903
0.06563686,0.007670293,-0.05047833,0.9965364
0.06399873,0.006929082,-0.05002407,0.9966713
0.06631637,0.007978879,-0.05066691,0.9964795
0.07337558,0.01121427,-0.05262907,0.9958516
0.08779004,0.01798568,-0.05664326,0.9943647
0.09668302,0.02227217,-0.05912901,0.9933077
0.09950019,0.02364434,-0.05991493,0.9929506
0.1009976,0.02438032,-0.06033726,0.9927561
0.08805703,0.01811307,-0.05671781,0.9943344
0.07654638,0.01268444,-0.05351032,0.9955483
0.06865666,0.009044781,-0.05131626,0.9962786
0.06849339,0.008973487,-0.05127569,0.9962926
0.08956459,0.01883441,-0.05713868,0.9941623
0.1170263,0.03238609,-0.06485725,0.9904795
0.1583464,0.05384105,-0.07639463,0.9829504
0.2385458,0.09826665,-0.09915781,0.9610448
0.2778327,0.1202825,-0.1102555,0.9466705
0.357385,0.1623189,-0.1322256,0.9101895
0.3989394,0.1812726,-0.1431062,0.8874166
0.4266063,0.1926031,-0.1503021,0.8708159
0.4339398,0.1953233,-0.152149,0.8662539
0.4409427,0.1978773,-0.1539381,0.8618104
0.3940976,0.1789392,-0.1416903,0.8902763
0.3280948,0.1474864,-0.1242539,0.92475
0.2633992,0.1122532,-0.1062053,0.9522292
0.215212,0.08523209,-0.09260491,0.9684232
0.1732197,0.06197486,-0.08070078,0.9796129
0.1167908,0.03220908,-0.06472591,0.9905216
0.09519197,0.02154718,-0.05871103,0.9934924
0.09331553,0.02062951,-0.05817412,0.9937215
0.06611897,0.00789706,-0.05062416,0.9964954
0.03680085,-0.004928145,-0.04250098,0.9984062
0.01142434,-0.01515559,-0.03555718,0.9991874
0.02759671,-0.008727201,-0.03998581,0.998781
0.01339978,-0.01439249,-0.03608915,0.999155
0.01483269,-0.01383071,-0.0364854,0.9991284
0.01983907,-0.01185393,-0.037857,0.9990158
0.004073737,-0.01796566,-0.03354789,0.9992673
0.03358784,-0.006258275,-0.04163534,0.9985485
0.06721814,0.008399265,-0.05092977,0.9964021
0.122006,0.03488969,-0.06623144,0.9897023
0.1206861,0.03421339,-0.06585538,0.9899128
0.1474063,0.04808114,-0.07337966,0.9851777
0.1525029,0.05080073,-0.07483277,0.9841556
0.1430475,0.04579264,-0.07216082,0.9860189
0.1065143,0.02709082,-0.06186925,0.9920146
0.0827299,0.01559573,-0.0552486,0.9949172
0.06447643,0.007135503,-0.05014285,0.9966331
0.05310882,0.002078712,-0.04700867,0.9974794
0.03307125,-0.006483226,-0.04147512,0.998571
0.0008537326,-0.01916657,-0.03268526,0.9992815
-0.03186698,-0.03063058,-0.02380895,0.9987389
-0.04068022,-0.03345238,-0.0214528,0.9983817
-0.05250894,-0.0370671,-0.01828465,0.9977648
-0.04594029,-0.0350856,-0.02004089,0.9981267
-0.05085707,-0.03657409,-0.01872932,0.9978603
-0.07908762,-0.04442883,-0.01120246,0.995814
-0.1149412,-0.05263559,-0.001724017,0.9919753
-0.1133276,-0.05231563,-0.002057848,0.9921772
-0.09172363,-0.04754632,-0.007978097,0.9946167
-0.2046352,-0.06402764,0.02160124,0.9765031
-0.1864546,-0.06272659,0.01769331,0.9802994
-0.08555956,-0.04609662,-0.009314679,0.9952225
-0.09553535,-0.04844944,-0.00677733,0.9942232
-0.06445173,-0.04050706,-0.01509453,0.9969842
-0.05344567,-0.03734454,-0.01803436,0.9977092
-0.04889768,-0.03598625,-0.01924693,0.9979697
-0.02556489,-0.02853723,-0.02551885,0.9989399
-0.04418399,-0.03454461,-0.02051288,0.9982153
-0.06229119,-0.04004513,-0.01453944,0.9971483
-0.2386557,-0.06510232,0.02940967,0.9684731
-0.4479182,-0.02084487,0.08540595,0.8897419
-0.1454757,-0.05801107,0.006254595,0.9876398
-0.1525297,-0.05903216,0.008115089,0.9865009
-0.1315686,-0.05573942,0.003019754,0.9897342
-0.007415319,-0.02222788,-0.03040061,0.9992632
-0.005537971,-0.0215249,-0.03093985,0.9992741
0.02868192,-0.008278616,-0.04029364,0.9987418
0.01872974,-0.0123034,-0.0375361,0.9990439
0.007458952,-0.01667812,-0.03447767,0.9992385
0.001115443,-0.01907278,-0.03274802,0.999281
-0.02266121,-0.02755294,-0.02630906,0.9990171
-0.02821045,-0.02941601,-0.02482233,0.9988607
-0.06209468,-0.03985227,-0.01569399,0.9971508
-0.0813244,-0.04499932,-0.01060914,0.9956148
-0.06862514,-0.04165817,-0.01398425,0.9966742
-0.04831709,-0.03581349,-0.01939229,0.9980014
-0.03345692,-0.03114337,-0.02339715,0.9986808
-0.04429479,-0.03457891,-0.02048297,0.9982098
-0.06302883,-0.0401077,-0.01547685,0.9970854
-0.05738395,-0.03849716,-0.01698034,0.9974651
-0.05908523,-0.0389879,-0.01652579,0.9973544
-0.06065166,-0.03943576,-0.0161078,0.9972496
-0.05249792,-0.03706413,-0.01828634,0.9977654
-0.05356481,-0.0373802,-0.01800042,0.9977021
-0.042572,-0.03404473,-0.02094365,0.9982935
-0.04165477,-0.03375795,-0.02119126,0.9983367
-0.05032738,-0.03641618,-0.01886713,0.9978904
-0.05166715,-0.03681692,-0.0185087,0.9978139
-0.05735144,-0.03848822,-0.01698706,0.9974672
-0.05977192,-0.03918463,-0.01634257,0.9973088
-0.05377797,-0.03744331,-0.01794264,0.9976894
-0.03575312,-0.03188785,-0.0227715,0.9985922
-0.01978816,-0.02657144,-0.02708099,0.999084
-0.02950609,-0.02985001,-0.02445791,0.9988194
-0.0318875,-0.03063315,-0.02381569,0.998738
-0.04262117,-0.03405983,-0.02093117,0.9982912
-0.05027793,-0.03640133,-0.01888024,0.9978931
-0.05611185,-0.03812759,-0.01731994,0.9975458
-0.07590991,-0.04360438,-0.01204941,0.9960878
-0.07697349,-0.04388251,-0.01176337,0.9959974
-0.07686949,-0.04385539,-0.01179154,0.9960064
-0.07107807,-0.04232296,-0.01333033,0.9964833
-0.08751637,-0.04653836,-0.008969541,0.995035
-0.08773635,-0.0465925,-0.008907294,0.9950137
-0.05598401,-0.03805726,-0.01772603,0.9975486
-0.2512338,-0.06452151,0.03360681,0.9651886
-0.2646011,-0.06394272,0.03703854,0.9615226
-0.1448563,-0.05790163,0.006551314,0.9877353
-0.07833597,-0.04422217,-0.01150232,0.9958793
-0.01528094,-0.02500611,-0.02829905,0.9991698
0.03939721,-0.0038123,-0.04325687,0.9982796
0.06495539,0.007345601,-0.05026584,0.9965943
0.0907908,0.01942413,-0.057483,0.9940198
0.08482066,0.01657259,-0.05581483,0.9946936
0.09830691,0.02306298,-0.05958301,0.9931031
0.09299304,0.02046398,-0.05807133,0.9937612
0.0792371,0.01394257,-0.05426148,0.9952802
0.07430273,0.01164221,-0.05288555,0.9957644
0.05914861,0.004752369,-0.04868064,0.9970502
0.04711616,-0.0005310655,-0.04535361,0.9978591
0.03406697,-0.006064767,-0.04175775,0.9985284
0.03570466,-0.005380982,-0.04220963,0.9984561
0.04082291,-0.003226493,-0.04361667,0.9982088
0.01834165,-0.01245361,-0.03743662,0.9990531
0.01259962,-0.01469909,-0.03587988,0.9991686
0.002441021,-0.01857706,-0.03310871,0.9992762
-0.008991156,-0.02277338,-0.03000366,0.9992498
-0.008233665,-0.0225013,-0.03020812,0.9992564
-0.0188058,-0.02623471,-0.02734084,0.9991049
-0.005901483,-0.0216571,-0.03084118,0.9992722
-0.02376799,-0.02793005,-0.02600641,0.9989888
-0.01042113,-0.0232857,-0.02961612,0.9992357
-0.01639071,-0.02539502,-0.02799655,0.999151
-0.01247797,-0.02401801,-0.0290579,0.9992113
-0.03047702,-0.03016906,-0.02419949,0.998787
-0.03002747,-0.03002263,-0.02431581,0.9988021
-0.03048874,-0.03017412,-0.02419305,0.9987866
-0.03254921,-0.03084888,-0.02363848,0.9987142
-0.03241073,-0.03080447,-0.02367358,0.9987193
-0.02058163,-0.02684202,-0.02687173,0.9990665
-0.001066542,-0.01987836,-0.03216444,0.9992844
0.04373639,-0.001984039,-0.04442122,0.9980531
0.05355884,0.002295138,-0.04715932,0.9974478
0.09350867,0.02060459,-0.05806934,0.99371
0.1836939,0.06772712,-0.08368874,0.97707
0.1134549,0.03056233,-0.0638289,0.9910195
-0.1500008,-0.05807061,0.009650144,0.9869319
-0.4172283,-0.03422598,0.07504284,0.9050512
-0.1542576,-0.05901384,0.009912817,0.9862168
-0.2245965,-0.06470748,0.02674993,0.9719329
-0.09439963,-0.04819023,-0.007212501,0.9943411
-0.07179625,-0.04252443,-0.01309705,0.9964264
-0.06625324,-0.04100792,-0.01460447,0.9968528
-0.01326903,-0.02429792,-0.02884365,0.9992005
-0.04360857,-0.03436387,-0.02067474,0.9982435
-0.01590616,-0.02523082,-0.02811488,0.9991597
0.001754309,-0.01883332,-0.03292391,0.9992788
0.0001465103,-0.01943362,-0.03248445,0.9992833
0.002952483,-0.01838506,-0.03324814,0.9992737
-0.002560288,-0.02043564,-0.03174696,0.9992837
-0.002863895,-0.02054653,-0.03166624,0.9992833
-0.00821457,-0.02249427,-0.03021355,0.9992565
-0.01484132,-0.02485155,-0.02841854,0.9991769
-0.01816491,-0.02601147,-0.02751801,0.9991177
-0.01988337,-0.02660415,-0.02705538,0.999082
-0.02950354,-0.02984916,-0.02445862,0.9988195
-0.03029837,-0.03011145,-0.02424416,0.998793
-0.03722217,-0.03235699,-0.0223811,0.9985322
-0.04273555,-0.03409363,-0.02090643,0.9982856
-0.02026407,-0.02673542,-0.02695153,0.9990737
-0.005985554,-0.02169043,-0.03081211,0.9992719
0.002226612,-0.01865832,-0.03304845,0.9992771
-0.01575873,-0.02517393,-0.02816813,0.9991619
-0.025147,-0.02839609,-0.0256331,0.9989516
-0.03177094,-0.0305946,-0.02384838,0.998742
-0.03071799,-0.03024956,-0.024131,0.9987788
-0.03055269,-0.03019499,-0.02417629,0.9987844
-0.0371084,-0.0323205,-0.02241224,0.9985369
-0.03337803,-0.0311198,-0.0234119,0.9986838
-0.04464737,-0.03468685,-0.02039129,0.9981922
-0.03397896,-0.03131455,-0.02325078,0.9986613
-0.03680703,-0.03222419,-0.02249326,0.9985495
-0.04220887,-0.03393105,-0.02104289,0.9983107
-0.04696161,-0.03540146,-0.0197552,0.9980736
-0.07226036,-0.04263945,-0.01301895,0.9963889
-0.0977755,-0.04895778,-0.006256887,0.9939839
-0.1316692,-0.05576689,0.002638079,0.9897203
-0.1245785,-0.05449489,0.0007994995,0.9907118
-0.1193779,-0.05350986,-0.0005752412,0.9914057
-0.1010696,-0.04969965,-0.005387862,0.9936225
-0.07545708,-0.04348623,-0.01216811,0.9961261
-0.05931032,-0.03905024,-0.01647448,0.9973394
-0.03035417,-0.03013332,-0.0242185,0.9987913
-0.05069137,-0.03652541,-0.0187694,0.9978697
-0.05451666,-0.03770093,-0.01760724,0.9976454
-0.02633024,-0.0288355,-0.02522638,0.9989188
-0.1218616,-0.05415471,-0.0006786212,0.9910684
-0.4157986,-0.03372167,0.07635184,0.9056184
-0.2512272,-0.06464193,0.0333585,0.9651909
-0.2439602,-0.06470399,0.03171523,0.9671044
-0.2045037,-0.06400006,0.02164912,0.9765314
-0.1798327,-0.06222425,0.01518698,0.9816098
-0.1693538,-0.06114592,0.01248926,0.9835773
-0.1421383,-0.05749723,0.005358174,0.988161
-0.1046744,-0.05049441,-0.004399053,0.9932141
-0.09269141,-0.0477793,-0.007599771,0.9945188
-0.1016643,-0.04983193,-0.005228073,0.9935561
-0.09770687,-0.04894238,-0.006273362,0.9939913
-0.1261121,-0.05477701,0.001203077,0.9905018
-0.134455,-0.05624498,0.003378166,0.9893163
-0.1835801,-0.0625658,0.01614188,0.9808789
-0.2034413,-0.06396861,0.02127436,0.9767636
-0.1701107,-0.06122645,0.01270216,0.983439
-0.134425,-0.05623984,0.003370311,0.9893208
-0.1364385,-0.05657667,0.003911751,0.9890239
-0.1600066,-0.06003397,0.01002213,0.9852378
-0.121814,-0.05398089,6.850809E-06,0.9910839
-0.2181877,-0.06456534,0.02509781,0.9734452
-0.3030187,-0.06037201,0.04716301,0.9499003
-0.1579843,-0.05980144,0.009452094,0.9855838
-0.1351761,-0.05636724,0.003547773,0.9892105
-0.1120811,-0.0520552,-0.002488284,0.9923315
-0.1079625,-0.05119655,-0.003572342,0.9928294
-0.09388699,-0.04806074,-0.007277925,0.9943955
-0.07683142,-0.04384557,-0.0118014,0.9960096
-0.06707546,-0.04123401,-0.01439554,0.9967915
-0.03962942,-0.03311842,-0.0217454,0.9984287
-0.053597,-0.03739334,-0.01798062,0.9977003
-0.0964432,-0.04865476,-0.006591114,0.9941267
-0.09987607,-0.04943274,-0.005702897,0.9937548
-0.1907446,-0.06280186,0.01927345,0.9794391
-0.287409,-0.06193088,0.04353212,0.9548118
-0.3930102,-0.04077001,0.07099816,0.9158821
-0.155363,-0.05942492,0.008831132,0.9860289
-0.1527588,-0.05905598,0.008270276,0.9864627
-0.1999684,-0.0637769,0.02033193,0.977513
-0.1194151,-0.05351819,-0.0004615751,0.9914009
-0.09385364,-0.04805231,-0.007292631,0.994399
-0.04148607,-0.03370479,-0.02124261,0.9983444
-0.01821639,-0.02602202,-0.02752323,0.9991164
0.00616821,-0.01717815,-0.03410684,0.9992515
0.02305312,-0.01056854,-0.038737,0.9989275
0.03824049,-0.00431867,-0.04290453,0.9983377
0.05176326,0.001491908,-0.04664137,0.9975685
0.03965472,-0.003723471,-0.04329114,0.9982683
0.03152094,-0.007118836,-0.04105977,0.9986339
0.01328459,-0.01444007,-0.03605169,0.9991572
-0.01326865,-0.02429475,-0.02885072,0.9992003
-0.01130272,-0.02360071,-0.02937564,0.9992259
-0.007728035,-0.02231886,-0.03034555,0.9992603
-0.009371969,-0.02291111,-0.02989807,0.9992464
-0.005275602,-0.02142944,-0.03101083,0.9992754
-0.01496394,-0.02489513,-0.02838406,0.9991751
-0.01223548,-0.023932,-0.02912361,0.9992144
-0.01039089,-0.02327603,-0.02962148,0.999236
-0.01489243,-0.02486944,-0.02840493,0.9991761
-0.02410398,-0.02804533,-0.02591141,0.99898
-0.01272774,-0.02410648,-0.0289903,0.9992079
-0.000800414,-0.01978468,-0.03222787,0.9992844
0.002832768,-0.01842999,-0.03321564,0.9992743
0.001945875,-0.01876249,-0.03297394,0.9992782
0.0001285238,-0.0194403,-0.0324796,0.9992833
-0.002163391,-0.02028885,-0.03185621,0.9992842
-0.006805612,-0.02198513,-0.030596,0.9992668
-0.003852927,-0.02090968,-0.03139719,0.9992809
-0.007904447,-0.02238246,-0.03029766,0.999259
-0.005373263,-0.02146476,-0.03098505,0.9992749
0.0006696702,-0.01923994,-0.03262455,0.9992822
0.01116213,-0.01525718,-0.03548519,0.9991913
0.01041156,-0.0155467,-0.0352808,0.9992022
0.01842874,-0.01241389,-0.03747093,0.9990506
0.02116266,-0.01132616,-0.03821937,0.9989811
0.01370404,-0.01426992,-0.03618031,0.9991494
0.0244367,-0.01001114,-0.03911615,0.9988856
0.02809736,-0.008524321,-0.04012027,0.9987634
0.03095778,-0.007351887,-0.04090349,0.9986563
0.03862859,-0.00415351,-0.0430141,0.9983187
0.0428456,-0.002364727,-0.04417562,0.9981018
0.06693708,0.008261193,-0.05083956,0.9964269
0.09155106,0.01979073,-0.05769617,0.9939305
0.1224184,0.03509501,-0.0663417,0.9896367
0.1496455,0.04927982,-0.07402416,0.9847325
0.2240138,0.09013794,-0.09507969,0.9657395
0.2569084,0.1087187,-0.1044508,0.9546037
0.3067147,0.1359089,-0.1181844,0.9346054
0.3333207,0.1501066,-0.1256238,0.9222711
0.3388666,0.1529695,-0.1271492,0.9195668
0.3118824,0.138765,-0.1196812,0.9322822
0.2461268,0.1025467,-0.1013158,0.9584576
0.2018624,0.07776356,-0.08881162,0.9722741
0.1617047,0.05557686,-0.07727655,0.9822378
0.1056712,0.02673649,-0.0617062,0.9921245
0.08661588,0.01741894,-0.05631033,0.9944965
0.02763254,-0.008714187,-0.03999248,0.9987798
-0.0006815119,-0.01974501,-0.03224946,0.9992846
-0.01183298,-0.0237917,-0.02922594,0.9992195
0.01158938,-0.0150893,-0.03560689,0.9991848
0.03872278,-0.004113799,-0.04304005,0.9983142
0.0479389,-0.0001755175,-0.04558026,0.9978097
0.04907532,0.000317277,-0.04589412,0.9977401
0.03148804,-0.007133658,-0.04104831,0.9986353
0.0429776,-0.002308369,-0.04421203,0.9980947
0.02372642,-0.01029529,-0.03892571,0.9989073
0.020349,-0.01165211,-0.03799422,0.9990028
0.01567175,-0.01350017,-0.03671825,0.9991115
0.007530176,-0.01665194,-0.03449496,0.9992378
-0.01419021,-0.02462208,-0.028596,0.999187
-0.01920481,-0.0263708,-0.02723745,0.9990965
-0.01890425,-0.02626604,-0.02732144,0.9991027
-0.03615952,-0.03201669,-0.02266731,0.9985759
-0.02201806,-0.02733571,-0.02647812,0.999033
-0.03921876,-0.03299215,-0.02184298,0.9984469
-0.03340658,-0.0311282,-0.02340663,0.9986827
-0.01185778,-0.02379791,-0.02922594,0.9992191
-0.0138473,-0.02450453,-0.02868097,0.9991922
0.00109937,-0.01907756,-0.03274642,0.999281
-0.001389334,-0.02000094,-0.03207128,0.9992844
0.01920328,-0.01210663,-0.03768301,0.9990318
0.009179502,-0.01602003,-0.03494598,0.9992186
0.01451946,-0.01395309,-0.03640012,0.9991344
0.01620191,-0.01329238,-0.03686216,0.9991006
0.01356914,-0.01432283,-0.03614276,0.9991519
0.005510368,-0.01742034,-0.03394408,0.9992567
0.00616441,-0.01717417,-0.03411807,0.9992512
0.006717886,-0.01696182,-0.03427301,0.9992461
-0.0004320185,-0.01964847,-0.03232712,0.9992841
-0.005649501,-0.02156539,-0.03090987,0.9992735
-0.007140553,-0.02210663,-0.03050465,0.9992645
-0.006860768,-0.02200419,-0.0305832,0.9992664
0.009018939,-0.0160823,-0.03490093,0.9992207
0.06009021,0.005139853,-0.04888527,0.9969819
0.1645504,0.05716978,-0.07814781,0.9816046
0.2631497,0.1120507,-0.1060904,0.9523349
0.3083654,0.1369565,-0.1187585,0.9338362
0.4256582,0.1923327,-0.1501322,0.8713688
0.4521126,0.2016241,-0.1566863,0.8546293
0.4386651,0.1970495,-0.1533511,0.8632659
0.4061243,0.184413,-0.1450358,0.8831871
0.314459,0.1403642,-0.1205426,0.9310655
0.2510413,0.1051609,-0.102594,0.9567623
0.1618559,0.05576736,-0.07742981,0.9821901
0.1480183,0.04841695,-0.07356445,0.9850557
0.09428168,0.02112035,-0.05847223,0.9936025
0.06930151,0.009347924,-0.05150703,0.9962214
0.04637324,-0.000857193,-0.04513956,0.9979034
0.0504946,0.0009349178,-0.04628618,0.9976507
0.0716901,0.01043706,-0.05216087,0.9960074
0.06638124,0.008015022,-0.05069371,0.9964735
0.1042242,0.02594602,-0.06121336,0.9923291
0.09346731,0.02071256,-0.05822889,0.9937022
0.09549482,0.02169443,-0.05879612,0.9934551
0.07971427,0.01415646,-0.05438115,0.9952326
0.07633884,0.01259371,-0.05346119,0.9955681
0.04807807,-0.0001151839,-0.04561894,0.9978012
0.02657051,-0.00914331,-0.03970712,0.9988161
0.02127094,-0.01128656,-0.0382426,0.9989784
-0.010289,-0.02324289,-0.02964122,0.9992373
-0.01900656,-0.02630228,-0.02729132,0.9991006
-0.04023713,-0.03331133,-0.02157687,0.9984016
-0.03258752,-0.03086374,-0.02362109,0.9987129
-0.03072665,-0.03024966,-0.02413644,0.9987784
-0.004096572,-0.02099876,-0.0313313,0.9992801
0.0004081517,-0.01933698,-0.03255423,0.9992829
0.007743558,-0.01656998,-0.03455418,0.9992355
0.002400119,-0.01859277,-0.03309675,0.9992763
0.003492904,-0.01818199,-0.0333951,0.9992707
0.006978129,-0.01686383,-0.03434159,0.9992435
0.004354477,-0.01785791,-0.03362853,0.9992653
-0.009650387,-0.0230159,-0.02981082,0.999244
-0.002905411,-0.02056183,-0.03165482,0.9992831
-0.0291993,-0.02974745,-0.02454338,0.9988293
-0.0329806,-0.03098855,-0.02352539,0.9986984
-0.04781505,-0.03565886,-0.01953692,0.9980283
-0.08535855,-0.04600887,-0.009540029,0.9952417
-0.07854649,-0.04428837,-0.01136013,0.9958614
-0.1103122,-0.05170695,-0.002689168,0.9925474
-0.1555243,-0.05944773,0.00880606,0.9860024
-0.08555953,-0.0460586,-0.009486862,0.9952226
-0.03269756,-0.03089146,-0.0236202,0.9987084
-0.01580504,-0.02518896,-0.02815892,0.9991611
-0.008130101,-0.02246312,-0.03023816,0.9992572
0.004666537,-0.01773943,-0.03371465,0.9992632
0.004832298,-0.01768021,-0.03375245,0.9992622
0.03453682,-0.005872825,-0.04188089,0.9985083
0.05079884,0.001070962,-0.04637554,0.997631
0.07023243,0.009766309,-0.05175418,0.9961393
0.07302935,0.01105193,-0.05252952,0.9958841
0.04821024,-6.682076E-05,-0.04564082,0.9977939
0.03729357,-0.004713559,-0.04264951,0.9983827
0.02891711,-0.008189287,-0.0403449,0.9987336
0.027314,-0.008844296,-0.03990467,0.998791
0.02708207,-0.008939221,-0.03984018,0.9987989
0.03349528,-0.006301361,-0.04160232,0.9985528
0.03039501,-0.007582709,-0.04075056,0.9986781
0.03441529,-0.005918677,-0.04185549,0.9985132
0.04135706,-0.002999835,-0.04376335,0.998181
0.05100507,0.001158359,-0.04642834,0.997618
0.04020562,-0.003487149,-0.04344834,0.9982402
0.02331274,-0.01046257,-0.03881101,0.9989198
0.02381611,-0.0102621,-0.03894482,0.9989047
0.02165569,-0.01112849,-0.03835532,0.9989675
0.0316724,-0.007056287,-0.0411014,0.9986279
0.04339239,-0.002135468,-0.04431931,0.9980723
0.04891078,0.0002399576,-0.04583917,0.9977507
0.03147829,-0.007134711,-0.04105124,0.9986355
0.01371475,-0.01426606,-0.03618252,0.9991492
0.0352665,-0.005561453,-0.04209387,0.9984756
0.013866,-0.0142128,-0.03621227,0.9991468
-0.002369729,-0.02036397,-0.03180203,0.9992839
0.003390359,-0.01822058,-0.03336714,0.9992713
-0.004782505,-0.0212487,-0.03114679,0.9992775
0.007641265,-0.01661417,-0.03451549,0.9992369
0.0189017,-0.01222563,-0.03760187,0.9990392
0.02392672,-0.01021688,-0.03897635,0.9989014
0.04350058,-0.002081765,-0.04436168,0.9980658
0.02464145,-0.009937033,-0.03915607,0.9988798
0.01035054,-0.0155691,-0.03526635,0.9992031
0.01491679,-0.01379655,-0.03651091,0.9991266
-0.002060224,-0.0202678,-0.03184763,0.9992851
0.02526971,-0.009666021,-0.03936194,0.9988587
-0.01276537,-0.02412339,-0.02897355,0.9992075
-0.05635349,-0.03819796,-0.01725544,0.9975306
-0.06970475,-0.04196072,-0.01380545,0.9965891
-0.2195127,-0.06427113,0.02665167,0.9731255
-0.2363043,-0.06472225,0.02991723,0.9690595
-0.1805194,-0.06228839,0.01536485,0.9814768
-0.1185064,-0.05334134,-0.0008327644,0.9915192
-0.1172374,-0.05309167,-0.001139377,0.9916831
-0.09652156,-0.04867083,-0.006579882,0.9941183
-0.05187726,-0.03687973,-0.01845207,0.9978017
0.005768062,-0.01731699,-0.03403063,0.9992541
0.02309277,-0.01053351,-0.03878872,0.998925
-0.03083951,-0.03031641,-0.02402441,0.9987756
-0.04271347,-0.03408843,-0.02090731,0.9982868
-0.03311168,-0.03127205,-0.02361886,0.998683
-0.3974212,-0.03664202,0.07586195,0.9137607
-0.2824689,-0.06094628,0.04466824,0.9562957
-0.3463143,-0.05321688,0.05813026,0.9348022
-0.2007008,-0.06384912,0.02051847,0.9773543
-0.1186477,-0.05336951,-0.0008491874,0.9915007
-0.05285856,-0.0371811,-0.01814636,0.9977446
-0.005286063,-0.02143314,-0.03100834,0.9992753
0.01829402,-0.01248566,-0.03739962,0.9990548
0.06135959,0.005749656,-0.04930726,0.9968805
0.0605626,0.005382941,-0.04907034,0.9969429
0.05593318,0.003323395,-0.04778977,0.9972846
0.06482932,0.007304041,-0.05025366,0.9966034
0.06979168,0.009564546,-0.05163216,0.9961786
0.06735041,0.008449018,-0.05095384,0.9963916
0.06748296,0.008509513,-0.05099063,0.9963802
0.06178536,0.005930087,-0.04940722,0.9968481
0.05541386,0.003094043,-0.04764626,0.9973212
0.05296535,0.002016252,-0.04697,0.997489
0.03745774,-0.004646247,-0.04269185,0.9983751
0.03095443,-0.007352257,-0.04090449,0.9986564
0.03647022,-0.005060372,-0.04242057,0.9984211
0.03020919,-0.007660394,-0.04069724,0.9986854
0.02961796,-0.00790192,-0.04053723,0.9987078
0.03245591,-0.00673913,-0.04130445,0.9985965
-0.003392233,-0.02074436,-0.03151315,0.9992823
-0.01711413,-0.02564513,-0.02780572,0.9991378
-0.02178298,-0.02725561,-0.02654116,0.9990386
-0.04455164,-0.03465808,-0.02041417,0.998197
-0.04520242,-0.03486297,-0.02022484,0.9981644
-0.02870666,-0.02958257,-0.02468231,0.9988452
-0.05582065,-0.03804256,-0.01739773,0.9975641
-0.05911648,-0.03899677,-0.01651758,0.9973523
-0.06090507,-0.03950702,-0.01604348,0.9972324
-0.04687067,-0.03536922,-0.01979424,0.9980783
-0.01639524,-0.02539576,-0.02799753,0.9991508
0.003744287,-0.0180849,-0.03346946,0.9992691
-0.02413013,-0.02806393,-0.02587731,0.9989798
-0.02378758,-0.02793952,-0.02599318,0.9989884
-0.02749421,-0.02918496,-0.02499825,0.9988831
-0.3168949,-0.05882264,0.04973717,0.9453273
-0.2585936,-0.06427243,0.03541087,0.9631949
-0.1640142,-0.06050579,0.01121326,0.9845368
-0.08061313,-0.04481893,-0.01079791,0.9956787
-0.003661823,-0.02082674,-0.03148843,0.9992805
0.03008888,-0.007701864,-0.04067902,0.9986894
0.06552246,0.007607638,-0.05043053,0.9965469
0.05894411,0.004660611,-0.04862322,0.9970656
0.0463353,-0.0008697312,-0.04513506,0.9979054
0.07187702,0.01051614,-0.05220298,0.995991
0.07564636,0.01226563,-0.05325954,0.9956358
0.07975089,0.01418138,-0.05440186,0.9952282
0.08321848,0.01581412,-0.05536842,0.9948663
0.06638068,0.008000575,-0.05067396,0.9964747
0.06000132,0.005133383,-0.04891708,0.9969857
0.06643258,0.008031571,-0.05069916,0.9964697
0.056438,0.003545312,-0.04792716,0.9972488
0.03699065,-0.004844699,-0.04255934,0.9983972
0.02687057,-0.009024184,-0.03978435,0.9988061
0.02883933,-0.008221049,-0.04032351,0.9987365
0.02313457,-0.01053516,-0.03876053,0.9989251
0.01356604,-0.01432806,-0.0361339,0.9991521
0.006974719,-0.01686336,-0.03434455,0.9992434
0.002286112,-0.01863512,-0.03306656,0.9992768
-0.02459805,-0.02820815,-0.02578901,0.9989666
-0.03409198,-0.03135059,-0.02322262,0.9986569
-0.05573014,-0.03801725,-0.01741775,0.9975698
-0.06888568,-0.04172951,-0.01391368,0.9966543
-0.07171612,-0.04252164,-0.01304303,0.9964329
-0.058252,-0.03881706,-0.01659517,0.9974089
-0.2276262,-0.06470255,0.02768402,0.9712021
-0.1330217,-0.05600105,0.00300295,0.9895251
-0.04211494,-0.03389007,-0.02112814,0.9983143
-0.005206423,-0.02140158,-0.03103662,0.9992754
0.03068636,-0.007469386,-0.04081884,0.9986673
0.04294917,-0.002320601,-0.04420411,0.9980961
-0.01505796,-0.02491314,-0.02839211,0.9991729
-0.008767001,-0.02269967,-0.03004793,0.9992522
0.003994677,-0.01782718,-0.03424421,0.9992465
-0.2636559,-0.06400064,0.03680103,0.9617875
-0.3153054,-0.05884175,0.04996872,0.9458454
-0.1978883,-0.06340993,0.02093919,0.9779474
-0.1759258,-0.06184339,0.01422619,0.982356
-0.1186889,-0.05337628,-0.0007524178,0.9914955
-0.1002676,-0.04951926,-0.005609939,0.9937117
-0.08002401,-0.04467738,-0.01089748,0.9957315
-0.03058017,-0.03020699,-0.02416193,0.9987836
-0.02569863,-0.02858158,-0.02548433,0.9989361
-0.01859575,-0.0261635,-0.02739415,0.9991091
0.005171131,-0.01754831,-0.03385319,0.9992594
0.01218658,-0.01486004,-0.03576591,0.9991754
0.01285969,-0.01459895,-0.03594908,0.9991643
-0.001397309,-0.02000498,-0.03206682,0.9992845
0.001265084,-0.01901693,-0.0327887,0.9992806
-0.005846015,-0.02163838,-0.03085293,0.9992726
-0.007247085,-0.02214499,-0.03047602,0.9992638
-0.003951667,-0.02094568,-0.03137074,0.9992805
-0.003739083,-0.02086782,-0.03142843,0.9992811
-0.006524298,-0.02188323,-0.03067211,0.9992686
-0.00350832,-0.02078323,-0.03149105,0.9992818
-0.0008546564,-0.01980556,-0.03221125,0.9992845
-0.0008982958,-0.01982318,-0.03219619,0.9992846
-0.01151532,-0.02367603,-0.02931896,0.9992232
-0.01567268,-0.02514324,-0.02819299,0.9991633
-0.03503375,-0.03165361,-0.02297279,0.9986205
-0.03313046,-0.03104011,-0.02347625,0.9986929
-0.02994252,-0.02999383,-0.02434133,0.9988049
-0.0412107,-0.03361889,-0.02131041,0.9983573
-0.03078043,-0.0302694,-0.02411628,0.9987766
-0.03747369,-0.03243813,-0.02231084,0.9985218
-0.05006768,-0.03633842,-0.01893579,0.9979049
-0.04953817,-0.03617893,-0.01907806,0.9979345
-0.05932317,-0.03905601,-0.01646306,0.9973386
-0.05725569,-0.03846011,-0.01701428,0.9974734
-0.05783053,-0.03862549,-0.01686457,0.9974364
-0.0382245,-0.03267617,-0.02211237,0.9984899
-0.000715849,-0.01977685,-0.03220215,0.9992855
0.04158061,-0.002888435,-0.04385496,0.9981681
0.03575961,-0.005354441,-0.04223133,0.9984534
0.00823056,-0.01638431,-0.03468593,0.9992301
0.009754993,-0.01579973,-0.03510123,0.9992113
0.01881495,-0.01212641,-0.03798799,0.9990274
-0.1383013,-0.05712092,0.004421555,0.9887317
-0.4331377,-0.02726443,0.08097779,0.8972687
-0.3018446,-0.0598399,0.04795144,0.9502682
-0.4546857,-0.01868934,0.08614688,0.8862789