0.03257963,-0.03085883,0.02363029,0.9987131
0.08453583,-0.04579981,0.009784689,0.9953192
0.08078688,-0.04486289,0.01075169,0.9956632
0.08016345,-0.04470417,0.01091707,0.9957189
0.0787174,-0.0443336,0.0113007,0.9958466
0.07852092,-0.04428302,0.01135284,0.9958637
0.07896018,-0.04439609,0.01123634,0.9958253
0.07851458,-0.04428141,0.01135456,0.9958643
0.07843814,-0.04426167,0.01137485,0.9958709
0.0786934,-0.04432743,0.01130709,0.9958487
0.07921263,-0.04446092,0.01116911,0.9958032
0.07952484,-0.04445401,0.01107982,0.9957796
0.07984016,-0.04462162,0.01100282,0.9957477
0.07799473,-0.04414722,0.01149256,0.9959095
0.07849453,-0.04427622,0.01135975,0.9958661
0.0798507,-0.04462431,0.01100014,0.9957468
0.07687656,-0.04385724,0.01178932,0.9960058
0.06391203,-0.04035589,0.01523996,0.9970227
0.05419807,-0.03756583,0.01783483,0.9976639
0.02964288,-0.02989761,0.02441359,0.998815
0.01082238,-0.02342931,0.02950654,0.9992313
0.004287844,-0.02106874,0.03127929,0.9992794
-0.003910504,-0.01802511,0.03350805,0.9992682
-0.001224002,-0.01903174,0.03277892,0.9992807
0.01585295,-0.02520631,0.02814422,0.9991602
0.01622633,-0.0253367,0.02804338,0.9991539
0.02102972,-0.02700203,0.02673379,0.9990565
0.0334751,-0.03114979,0.02339043,0.9986801
0.03158551,-0.03053401,0.02389791,0.9987487
0.03498419,-0.03163854,0.02298349,0.9986225
0.03044368,-0.03015944,0.02420466,0.9987881
0.02680971,-0.02895326,0.02518647,0.9989038
0.0396718,-0.0331347,0.02172358,0.998427
0.06023339,-0.03931574,0.01622239,0.9972778
0.06185033,-0.0397795,0.01577285,0.9971676
0.08205788,-0.04518457,0.01041553,0.9955482
0.07666608,-0.04380246,0.01184528,0.9960238
0.07808035,-0.04416946,0.01146924,0.9959021
0.07780353,-0.04409825,0.01154049,0.9959261
0.06854642,-0.04163702,0.01400396,0.9966804
0.06863192,-0.04166035,0.01398117,0.9966738
0.06099976,-0.03953475,0.01601521,0.9972259
0.05888747,-0.03893083,0.01657948,0.9973674
0.06648096,-0.0410703,0.0145533,0.9968359
0.07659999,-0.04378522,0.01186282,0.9960294
0.07187544,-0.04253717,0.01311723,0.9964198
0.07677273,-0.04383022,0.01181699,0.9960147
0.07643972,-0.04374346,0.01190531,0.996043
0.07810532,-0.04417579,0.01146317,0.9958999
0.07800478,-0.04414984,0.01148986,0.9959087
0.07524315,-0.04343,0.0122245,0.9961441
0.08422261,-0.04572729,0.009840233,0.9953485
0.1026874,-0.05005762,0.004961298,0.993441
0.1197249,-0.05357697,0.0004801652,0.9913602
0.1382482,-0.05687483,-0.004369434,0.9887535
0.1570183,-0.05964713,-0.009248806,0.9857494
0.2015376,-0.06385984,-0.02080172,0.9771754
0.2593984,-0.06423645,-0.03564128,0.9629723
0.3155471,-0.05858148,-0.05048084,0.9457536
0.2712263,-0.06342848,-0.03897583,0.9596322
0.14729,-0.05828174,-0.006729509,0.9873518
0.1587472,-0.05987077,-0.009717191,0.9854544
0.1305924,-0.05557935,-0.002368678,0.9898742
0.1488274,-0.05850666,-0.007153088,0.987105
0.1425978,-0.05756834,-0.005505436,0.9880897
0.1301388,-0.05549918,-0.002262053,0.9899387
0.149278,-0.05857329,-0.007243805,0.9870323
0.1390103,-0.05699857,-0.004569333,0.9886387
0.1415798,-0.05740893,-0.005239687,0.9882469
0.1229098,-0.05418376,-0.0003610747,0.9909375
0.1071145,-0.05101622,0.003798927,0.9929297
0.1123346,-0.05210711,0.002421638,0.9923003
0.1058706,-0.05075015,0.004122597,0.9930754
0.1082217,-0.05125134,0.003503637,0.9927985
0.106935,-0.05097799,0.003844463,0.9929509
0.09293794,-0.04783799,0.00752973,0.9944935
0.09221531,-0.04766688,0.007725635,0.9945675
0.07476697,-0.04330463,0.0123518,0.9961837
0.0699208,-0.04201048,0.0136387,0.9965742
0.06622142,-0.04099856,0.01462275,0.996855
0.06804924,-0.04150115,0.01413625,0.9967182
0.06857365,-0.04164443,0.01399668,0.9966782
0.07048213,-0.04216187,0.0134911,0.9965303
0.05750672,-0.03853429,0.016941,0.9974573
0.05397042,-0.03749982,0.01789229,0.9976778
0.05830393,-0.03876308,0.01673445,0.9974056
0.07065117,-0.04220885,0.01343931,0.9965171
0.0708492,-0.04226083,0.01339396,0.9965014
0.08903251,-0.04690633,0.008567404,0.9948868
0.09100537,-0.04738011,0.008042084,0.9946902
0.08042644,-0.04477097,0.01084887,0.9956955
0.07789819,-0.04412227,0.01151792,0.9959179
0.07500149,-0.04336671,0.01228738,0.9961643
0.07652883,-0.04376689,0.01188072,0.9960355
0.08295435,-0.04541013,0.01017756,0.9954662
0.08067922,-0.04483554,0.01078024,0.9956728
0.07557336,-0.0435169,0.01213548,0.9961163
0.07982989,-0.04461918,0.01100437,0.9957486
0.08085219,-0.04487998,0.01073158,0.9956574
0.08409432,-0.04569525,0.009874389,0.9953606
0.07236931,-0.04266905,0.01298695,0.9963801
0.07277282,-0.04277753,0.01287525,0.9963475
0.05588396,-0.03806091,0.01738175,0.9975602
0.05167354,-0.03681885,0.01850685,0.9978135
0.05368405,-0.03741534,0.01796883,0.997695
0.05614286,-0.03813699,0.01731005,0.9975439
0.04745195,-0.03554696,0.01963752,0.9980476
0.04801528,-0.03571814,0.01948668,0.9980175
0.03899544,-0.03292078,0.02190522,0.9984567
0.05018878,-0.03637428,0.01890512,0.9978982
0.04894285,-0.03599893,0.01923884,0.9979672
0.06019082,-0.03930504,0.01622787,0.9972807
0.06481552,-0.04060844,0.01499757,0.9969578
0.07504331,-0.04337751,0.01227724,0.9961607
0.07614253,-0.0436654,0.01198718,0.9960682
0.09008746,-0.04716064,0.008285234,0.9947822
0.1085849,-0.05132809,0.003407954,0.9927554
0.1341724,-0.05619594,-0.003334596,0.9893577
0.1795638,-0.06220058,-0.01510006,0.9816618
0.163313,-0.0604425,-0.01090823,0.9846607
0.1257212,-0.05470526,-0.00109203,0.9905555
0.167579,-0.06094356,-0.0120511,0.9838994
0.1633406,-0.06042324,-0.01113325,0.9846547
0.1673012,-0.06090935,-0.01198124,0.9839496
0.1501897,-0.05870454,-0.007485331,0.9868844
0.1685252,-0.0610528,-0.01227604,0.9837282
0.1515373,-0.05889533,-0.00785011,0.9866641
0.1682705,-0.0610271,-0.01218021,0.9837745
0.1432289,-0.05766653,-0.005670142,0.9879918
0.1608715,-0.06014227,-0.01026113,0.9850878
0.1479068,-0.05837191,-0.006906487,0.9872531
0.1515419,-0.05889653,-0.00784417,0.9866635
0.1475699,-0.05832321,-0.006802457,0.9873071
0.1470984,-0.05825329,-0.006681176,0.9873824
0.1528836,-0.05908487,-0.008186256,0.9864424
0.1450596,-0.05794713,-0.00614812,0.9877055
0.1362368,-0.05654376,-0.003843976,0.9890539
0.1110304,-0.0518389,0.002764267,0.9924603
0.09171871,-0.04754922,0.007858167,0.994618
0.08474819,-0.04585767,0.009702081,0.9952992
0.08233343,-0.0452542,0.01034161,0.9955232
0.07641026,-0.04373599,0.01191209,0.9960455
0.07100009,-0.04230173,0.01335222,0.9964895
0.06385381,-0.04034027,0.01525217,0.9970269
0.06860602,-0.04165328,0.01398807,0.9966757
0.08922968,-0.04695344,0.008518206,0.9948673
0.09549753,-0.04843463,0.006858908,0.9942269
0.09450649,-0.04820461,0.007120333,0.9943311
0.08860831,-0.04680379,0.008679634,0.9949285
0.08442187,-0.04577685,0.009787006,0.9953299
0.0765825,-0.04377972,0.01187222,0.9960309
0.05983922,-0.03920289,0.01632732,0.9973043
0.02560347,-0.02854962,0.02551,0.9989387
0.005884268,-0.02165036,0.03084718,0.9992723
0.001542361,-0.02005939,0.03202556,0.9992846
0.01246976,-0.02401382,0.02906364,0.9992113
0.03506826,-0.0316657,0.02296074,0.9986192
0.06478497,-0.04059912,0.01500812,0.99696
0.08200925,-0.04517177,0.01043129,0.9955527
0.07182194,-0.04252362,0.01312722,0.9964241
0.07481961,-0.04331883,0.01233569,0.9961794
0.07869456,-0.04432774,0.01130681,0.9958486
0.08198568,-0.0451678,0.01042565,0.9955549
0.09314395,-0.04788572,0.007481217,0.9944723
0.08809245,-0.0466787,0.008816158,0.9949789
0.09413809,-0.0481187,0.007217872,0.9943694
0.09239872,-0.04771026,0.00767709,0.9945487
0.08824143,-0.0467148,0.008777143,0.9949644
0.08008154,-0.04468325,0.0109388,0.9957262
0.08316801,-0.04546378,0.01012048,0.9954466
0.08189981,-0.04514487,0.01045628,0.9955627
0.07214964,-0.04261045,0.01304467,0.9963978
0.06476007,-0.04059298,0.01501231,0.9969619
0.04196003,-0.03385285,0.02111159,0.9983224
0.03109654,-0.03037292,0.02403194,0.9987657
0.0205883,-0.0268471,0.02686275,0.9990664
0.009804343,-0.02306542,0.02978244,0.9992421
0.008936964,-0.0227542,0.0300176,0.9992504
0.004288192,-0.02106912,0.03127869,0.9992794
0.00506438,-0.02135248,0.03106822,0.9992763
0.008121473,-0.02246073,0.03023879,0.9992573
0.02082721,-0.02692816,0.02680055,0.999061
0.02540532,-0.02848293,0.02556359,0.9989443
0.02939913,-0.02981463,0.02448683,0.9988229
0.02484658,-0.02829487,0.02571418,0.9989599
0.04075767,-0.03347867,0.02142512,0.9983782
0.0549823,-0.03779632,0.01762542,0.9976161
0.05956229,-0.03912484,0.01639772,0.9973227
0.06982449,-0.04198452,0.01366385,0.9965818
0.07234592,-0.04266291,0.01299269,0.9963821
0.07856504,-0.04429436,0.01134127,0.9958599
0.07528162,-0.04343989,0.01221558,0.9961407
0.09276611,-0.04779692,0.007580034,0.9945111
0.1088595,-0.05138673,0.003323075,0.9927225
0.1464837,-0.05816095,-0.006525815,0.9874802
0.1599785,-0.06002924,-0.01003099,0.9852424
0.1566423,-0.05959555,-0.009165539,0.9858131
0.1631898,-0.06042486,-0.01090899,0.9846821
0.2359816,-0.06476509,-0.02972767,0.9691411
0.2696208,-0.06365393,-0.03832636,0.9600958
0.2806723,-0.06282896,-0.04118141,0.9568593
0.2105598,-0.06429743,-0.02314972,0.9751894
0.2391078,-0.06474715,-0.03053344,0.9683506
0.2137243,-0.06442653,-0.02393492,0.9744734
0.2405388,-0.06474764,-0.03085527,0.9679859
0.2220728,-0.0646596,-0.0261005,0.9725336
0.2157633,-0.06449291,-0.02447028,0.9740062
0.2020369,-0.06388585,-0.02093992,0.9770677
0.2054583,-0.0640692,-0.0218141,0.9763228
0.1889601,-0.06300454,-0.01758313,0.9798037
0.1563558,-0.05955904,-0.009076401,0.9858617
0.1638125,-0.06050473,-0.01102649,0.9845725
0.1433221,-0.0576809,-0.005694452,0.9879774
0.1366211,-0.05660736,-0.003950553,0.9889968
0.1162992,-0.05290654,0.001381154,0.9918032
0.1113933,-0.05191365,0.002669543,0.992416
0.1097355,-0.05156949,0.003105198,0.9926173
0.1128249,-0.0522075,0.002289801,0.9922397
0.1152846,-0.05270546,0.001621157,0.9919319
0.1335308,-0.05608773,-0.003133928,0.9894513
0.1337161,-0.05611936,-0.003184913,0.9894243
0.1271714,-0.05496953,-0.001471821,0.9903553
0.1217417,-0.05396299,-4.873052E-05,0.9910938
0.1148273,-0.05261265,0.001766436,0.9919897
0.121193,-0.05385867,9.519653E-05,0.9911668
0.1286065,-0.05522758,-0.001847308,0.990155
0.1255864,-0.05468047,-0.001054781,0.9905741
0.1125826,-0.05215812,0.002352241,0.9922696
0.1097346,-0.05156925,0.003105454,0.9926174
0.1175755,-0.05315852,0.001045464,0.9916396
0.1114577,-0.05192761,0.002640809,0.9924081
0.1072769,-0.05105064,0.003757179,0.9929106
0.08546698,-0.04603562,0.009511294,0.9952314
0.09024284,-0.04719753,0.008246152,0.9947667
0.09155867,-0.04751157,0.007897054,0.9946343
0.0937413,-0.04802614,0.007320835,0.9944106
0.09779751,-0.04896271,0.0062511,0.9939815
0.1110362,-0.05183976,0.002764724,0.9924596
0.110211,-0.05166865,0.002980118,0.9925598
0.1122518,-0.05209015,0.002443314,0.9923106
0.1171542,-0.05307563,0.00115521,0.9916939
0.1187418,-0.05338657,0.0007385085,0.9914886
0.1268974,-0.05491981,-0.001402537,0.9903932
0.1268798,-0.05491669,-0.001395285,0.9903958
0.1350915,-0.05635215,-0.003544585,0.9892229
0.1298335,-0.05544554,-0.002168732,0.9899819
0.1258181,-0.05472304,-0.00111807,0.9905422
0.1200481,-0.05363923,0.0003958084,0.9913179
0.1255369,-0.05467153,-0.001043736,0.9905808
0.1200764,-0.05364469,0.0003885305,0.9913142
0.1243732,-0.05445682,-0.0007423596,0.9907398
0.1230814,-0.05421573,-0.0004001232,0.9909145
0.1093581,-0.05149058,0.003204495,0.9926627
0.1113484,-0.05190454,0.002679618,0.9924214
0.1317985,-0.05578946,-0.002692,0.9897017
0.1337184,-0.05611975,-0.003186353,0.989424
0.1268139,-0.05490462,-0.001378326,0.9904048
0.1259685,-0.05475056,-0.00115742,0.9905216
0.1151041,-0.05266818,0.001693341,0.9919547
0.1017406,-0.04984872,0.005209506,0.9935477
0.09561636,-0.04846221,0.006826966,0.9942144
0.09642409,-0.04864869,0.006611092,0.9941288
0.08383144,-0.04562955,0.009945462,0.995385
0.07827566,-0.0442198,0.01141788,0.9958851
0.07683183,-0.04384562,0.01180124,0.9960096
0.07087302,-0.042268,0.01338329,0.9964995
0.04885465,-0.03597545,0.01925098,0.9979722
0.04272278,-0.0340909,0.02090591,0.9982864
0.05167228,-0.03681852,0.01850691,0.9978136
0.08377787,-0.04561653,0.009954896,0.9953899
0.1092702,-0.05147152,0.00323293,0.9926733
0.1171809,-0.05308082,0.001148575,0.9916904
0.1227646,-0.05415618,-0.0003170311,0.9909571
0.1189102,-0.0534197,0.000684977,0.9914666
0.1100748,-0.05164061,0.003012843,0.9925762
0.1347098,-0.05628781,-0.003449392,0.989279
0.1325815,-0.05592498,-0.00288814,0.989589
0.1391717,-0.05702463,-0.004610474,0.9886143
0.1372627,-0.05671335,-0.004112092,0.9889012
0.1361236,-0.05652486,-0.003814361,0.9890706
0.1388745,-0.05697662,-0.004533212,0.9886591
0.1422612,-0.05751584,-0.005417162,0.988142
0.1347142,-0.05628867,-0.003446638,0.9892784
0.1471452,-0.05826006,-0.006698125,0.987375
0.1325005,-0.05591098,-0.002866989,0.9896006
0.1301992,-0.05551001,-0.002270089,0.98993
0.1440589,-0.05779441,-0.005884438,0.9878625
0.1455556,-0.05802236,-0.006275932,0.9876272
0.1340894,-0.05618278,-0.003282574,0.9893699
0.124738,-0.05452434,-0.0008376562,0.9906901
0.1088612,-0.05138616,0.003336246,0.9927223
0.1110279,-0.05183826,0.002764541,0.9924605
0.1079399,-0.05119184,0.003577714,0.9928321
0.09286819,-0.04782095,0.007553527,0.9945006
0.100341,-0.04953679,0.005580768,0.9937035
0.09398838,-0.0480838,0.007256588,0.994385
0.09826973,-0.0490701,0.006126498,0.9939305
0.09852059,-0.04912701,0.006060339,0.9939032
0.1037196,-0.05028512,0.004675827,0.9933236
0.1172058,-0.05308577,0.001143464,0.9916871
0.1106819,-0.05176648,0.002856239,0.9925027
0.1104333,-0.05171476,0.0029207,0.9925329
0.08218789,-0.04522001,0.01036404,0.9955365
0.05315981,-0.03726063,0.01810854,0.9977263
0.03967416,-0.03313548,0.02172296,0.9984268
0.006985389,-0.02204729,0.03055509,0.9992656
0.002227199,-0.02031217,0.03183927,0.9992841
0.006398563,-0.02183696,0.03070793,0.9992693
0.01901346,-0.02630464,0.02728949,0.9991004
0.01901931,-0.02630725,0.02728642,0.9991003
0.01071271,-0.02338968,0.02953739,0.9992326
0.005783401,-0.02161028,0.03088183,0.9992726
-0.02444782,-0.01000665,0.03911915,0.9988853
-0.06501965,0.007386354,0.05030208,0.9965879
-0.09748445,0.02266573,0.05935831,0.9932067
-0.1020428,0.02489285,0.06062892,0.9926186
-0.1039787,0.02584563,0.06117047,0.9923601
-0.1184435,0.03308297,0.06523403,0.9902632
-0.107748,0.02769433,0.06220561,0.9918437
-0.0849089,0.01662062,0.05584728,0.9946835
-0.1093879,0.02852834,0.06268696,0.9916102
-0.1461509,0.04741207,0.07301936,0.985424
-0.2049544,0.07942891,0.08964047,0.9714161
-0.2249009,0.09066391,0.09534858,0.9654576
-0.2341379,0.09584081,0.09795195,0.9624965
-0.2678859,0.1147742,0.1074799,0.9505325
-0.2620669,0.1115143,0.1058347,0.9527249
-0.2436071,0.1011644,0.1006298,0.9593201
-0.2734797,0.1178686,0.1090357,0.9483812
-0.2555149,0.107846,0.1039887,0.9551271
-0.2441662,0.1014726,0.1007833,0.9591292
-0.2388557,0.09849402,0.09928728,0.9609314
-0.2492181,0.1043118,0.1022112,0.9573726
-0.2568963,0.1086193,0.1043777,0.9546263
-0.2322068,0.09474989,0.09740236,0.9631279
-0.1863815,0.06917097,0.08441168,0.9763975
-0.1436457,0.04610739,0.07232971,0.9859049
-0.09808086,0.0229388,0.0595003,0.9931332
-0.05184129,0.001532649,0.04667103,0.9975629
-0.02850714,-0.00835491,0.04023635,0.9987485
-0.003456637,-0.01819568,0.03338521,0.9992709
0.003475003,-0.02076891,0.03150541,0.9992818
0.02602655,-0.0287077,0.02535039,0.9989274
0.03928037,-0.03300945,0.02183316,0.9984441
0.02409978,-0.0280428,0.02591572,0.9989801
0.01354009,-0.02439821,0.02875911,0.9991968
0.004578819,-0.02117907,0.03119114,0.9992786
0.01770007,-0.02584938,0.02764584,0.9991267
0.02212694,-0.027373,0.02644829,0.9990303
0.04154115,-0.03372131,0.02122507,0.998342
0.03898714,-0.03291951,0.02190308,0.9984571
0.03368932,-0.03121933,0.02333287,0.9986721
0.02489315,-0.02831056,0.02570161,0.9989586
0.02932203,-0.02979136,0.024501,0.9988255
0.0396488,-0.03312729,0.02173018,0.9984279
0.03946996,-0.03307105,0.02177732,0.9984359
0.041708,-0.03377462,0.02117695,0.9983342
0.04826299,-0.03579465,0.01941528,0.9980043
0.06140107,-0.03964816,0.01591022,0.9971985
0.06593069,-0.0409181,0.01470031,0.9968765
0.07143024,-0.04241757,0.01323665,0.9964554
0.07023561,-0.042096,0.01355309,0.9965496
0.07963512,-0.04456724,0.01107166,0.9957657
0.1152013,-0.05268955,0.001638755,0.9919424
0.1060641,-0.05079181,0.004071633,0.9930528
0.1106453,-0.05176246,0.002789155,0.9925072
0.1836753,-0.06257351,-0.01615865,0.9808602
0.2269901,-0.06473859,-0.02737767,0.9713573
0.2338091,-0.06478545,-0.02912281,0.9696845
0.2080283,-0.06419374,-0.02247013,0.9757553
0.1955288,-0.06347553,-0.01930795,0.9784511
0.2047193,-0.06402498,-0.02165421,0.9764845
0.2070469,-0.06414644,-0.02222419,0.9759728
0.1963373,-0.06354045,-0.01946268,0.9782819
0.1978768,-0.06363644,-0.01987568,0.9779571
0.1997926,-0.06375825,-0.02035028,0.9775499
0.1749151,-0.06174226,-0.01391221,0.9825472
0.184609,-0.06265321,-0.01642372,0.9806753
0.1858748,-0.06276017,-0.01675223,0.980424
0.185863,-0.06275932,-0.01674859,0.9804263
0.1918887,-0.06323212,-0.01830789,0.9792064
0.1882394,-0.06295317,-0.0173637,0.9799497
0.1779249,-0.06204207,-0.01469148,0.9819764
0.1572633,-0.05967728,-0.009329475,0.9857079
0.136205,-0.05653843,-0.0038357,0.9890586
0.1338924,-0.05614944,-0.003232352,0.9893985
0.1232425,-0.0542459,-0.000441113,0.9908928
0.1118799,-0.0520138,0.002541344,0.9923563
0.09633549,-0.04862801,0.006637068,0.9941382
0.09024065,-0.04719683,0.008248303,0.9947668
0.0980925,-0.04903004,0.006171224,0.9939497
0.09571529,-0.04848513,0.006799811,0.994204
0.08775431,-0.04659647,0.008905672,0.9950119
0.09030852,-0.04721314,0.008230006,0.9947601
0.08541787,-0.04602364,0.00952334,0.9952361
0.08175165,-0.04510741,0.01049602,0.9955762
0.07976618,-0.04460269,0.01102245,0.9957542
0.08225171,-0.04523361,0.01036324,0.9955306
0.08044531,-0.04477601,0.01084235,0.9956937
0.085012,-0.0459199,0.009649285,0.9952744
0.04287504,-0.03413866,0.0208638,0.998279
0.05267119,-0.03711604,0.01823806,0.9977553
0.06642728,-0.04105484,0.01457031,0.9968399
0.05527419,-0.0378845,0.01753685,0.9975982
0.05198626,-0.0369121,0.01842291,0.9977953
0.08409153,-0.04569265,0.009885848,0.9953607
0.08020263,-0.04471421,0.01090635,0.9957155
0.08032353,-0.0447448,0.01087573,0.9957047
0.09206448,-0.04763124,0.007765536,0.9945829
0.1000377,-0.04946907,0.005659531,0.9937369
0.1074237,-0.05108226,0.003713901,0.9928932
0.1080524,-0.05121564,0.003548141,0.9928187
0.1079162,-0.05118682,0.003583982,0.9928349
0.1182298,-0.05328656,0.000874328,0.9915551
0.1095366,-0.05152823,0.003152753,0.9926412
0.1029681,-0.05011929,0.004888183,0.9934092
0.09706162,-0.04879471,0.006445361,0.9940606
0.0963119,-0.04862266,0.006643716,0.9941407
0.116437,-0.0529344,0.001329615,0.9917856
0.1277322,-0.05507069,-0.001616376,0.9902773
0.1361449,-0.05652836,-0.003819986,0.9890674
0.158716,-0.05986584,-0.009718825,0.9854597
0.2007752,-0.06381441,-0.02061028,0.9773394
0.2261294,-0.06473098,-0.02714364,0.9715651
0.2371811,-0.06477667,-0.0299909,0.9688393
0.1724133,-0.0614886,-0.01322279,0.9830147
0.1805583,-0.06230612,-0.01531138,0.9814695
0.2574251,-0.06425561,-0.03531762,0.9635125
0.2062008,-0.06410596,-0.0220057,0.9761595
0.190961,-0.06316239,-0.01807292,0.9793966
0.1914204,-0.0631913,-0.01821986,0.9793023
0.1879668,-0.06293096,-0.01729647,0.9800046
0.1803786,-0.06227523,-0.01532841,0.9815041
0.1925915,-0.06328322,-0.01848975,0.9790617
0.1986845,-0.06369159,-0.02006151,0.9777859
0.1841855,-0.06261576,-0.01631938,0.9807593
0.175085,-0.0617596,-0.01395627,0.9825153
0.171116,-0.06134172,-0.01292869,0.9832545
0.1530664,-0.05911046,-0.00822706,0.9864122
0.1209991,-0.05382095,0.0001445324,0.9911925
0.07771935,-0.044076,0.01156566,0.9959334
0.04033979,-0.03334304,0.0215528,0.9983969
0.01464829,-0.02478695,0.02846308,0.9991802
-0.00699126,-0.01685739,0.03434836,0.9992433
0.001275655,-0.01996093,0.03209779,0.9992845
0.01333331,-0.02432015,0.02882743,0.9991996
0.02226993,-0.02742123,0.02641106,0.9990268
0.04147936,-0.03370452,0.02123349,0.9983449
0.03448363,-0.03147697,0.02311797,0.9986419
0.06608624,-0.04095876,0.01466893,0.996865
0.06056447,-0.03941199,0.01612648,0.9972555
0.06208367,-0.03984186,0.01572656,0.9971514
0.08005527,-0.04467655,0.01094576,0.9957285
0.06832915,-0.04157759,0.01406231,0.9966968
0.05868764,-0.03887281,0.01663498,0.9973805
0.03927,-0.03300953,0.0218254,0.9984448
0.02937865,-0.0298079,0.0244923,0.9988236
0.02993695,-0.02999195,0.02434267,0.9988051
0.01823727,-0.02603923,0.02749132,0.9991164
0.00676026,-0.02196824,0.03060946,0.999267
0.01323491,-0.02428589,0.02885291,0.9992009
0.01429662,-0.02465769,0.02857148,0.9991853
-0.003370428,-0.01821383,0.03337928,0.999271
-0.07929467,0.01392045,0.0542052,0.9952791
-0.1358306,0.042014,0.07012478,0.9873537
-0.1303747,0.03918458,0.06858768,0.9883131
-0.1361162,0.04215188,0.07019316,0.9873037
-0.1664963,0.05831496,0.07878831,0.9811578
-0.1918653,0.0722136,0.08597769,0.9749773
-0.2106147,0.08265227,0.09129687,0.9697808
-0.2191474,0.08742428,0.09370932,0.9672382
-0.2394137,0.09880055,0.09943919,0.9607452
-0.2551096,0.1076154,0.103872,0.955274
-0.2565664,0.1084318,0.1042826,0.9547467
-0.2495016,0.1044735,0.1022933,0.9572724
-0.2308113,0.09396653,0.09700709,0.9635798
-0.2130707,0.08402045,0.09198806,0.9690612
-0.1794927,0.06539945,0.08247311,0.9781122
-0.1274364,0.03762771,0.06771335,0.988817
-0.0719435,0.01055957,0.05223981,0.9959838
-0.0209763,-0.01140067,0.03816828,0.9989861
-0.003424593,-0.01820811,0.03337549,0.9992712
0.01092975,-0.0234661,0.02948086,0.99923
-0.0001867674,-0.01942128,0.0324894,0.9992833
-0.008454942,-0.01629841,0.03474708,0.9992275
-0.02066759,-0.01152645,0.03807897,0.9989945
-0.03091997,-0.007365905,0.04089597,0.9986577
-0.02950012,-0.00795021,0.04050516,0.9987122
-0.0352894,-0.005554435,0.0420954,0.9984747
-0.01322408,-0.01445535,0.03605217,0.9991578
-0.006114737,-0.01718894,0.03411352,0.9992514
0.01097564,-0.023487,0.02945755,0.9992298
0.0170112,-0.02561045,0.02783088,0.9991397
0.04126543,-0.03363449,0.02130052,0.9983547
0.03195519,-0.03065457,0.0237996,0.9987355
0.02363818,-0.02788703,0.02603888,0.9989923
0.02045369,-0.0268005,0.02690024,0.9990693
0.02500365,-0.02834773,0.02567209,0.9989555
0.0271633,-0.02907234,0.02508827,0.9988931
0.02861063,-0.02955351,0.02469931,0.9988483
0.0250501,-0.02836345,0.02565927,0.9989542
0.02594552,-0.02866457,0.02541744,0.998929
0.02312871,-0.02771364,0.0261782,0.9990054
0.02796661,-0.02933981,0.02487222,0.9988685
0.03062884,-0.03022009,0.0241555,0.9987818
0.04807586,-0.0357359,0.01947254,0.9980143
0.04244966,-0.0340062,0.02097792,0.9982994
0.03703511,-0.03229651,0.02243382,0.99854
0.05129223,-0.03670513,0.01860861,0.9978355
0.06806929,-0.04150606,0.01413359,0.9967167
0.07042258,-0.04214625,0.01350472,0.9965349
0.06986001,-0.04199412,0.0136543,0.996579
0.06947636,-0.04189008,0.01375642,0.9966087
0.06072148,-0.03945561,0.01608933,0.9972449
0.07603554,-0.04363875,0.01200785,0.9960773
0.07712261,-0.04392125,0.01172389,0.9959847
0.08321606,-0.04547581,0.01010767,0.9954421
0.06996774,-0.04202392,0.01362275,0.9965706
0.06493954,-0.04064373,0.01496094,0.996949
0.06495639,-0.04064712,0.01496277,0.9969476
0.08366328,-0.0455877,0.00998912,0.9954007
0.1249729,-0.0545669,-0.0008811462,0.9906581
0.1382985,-0.05688295,-0.004384358,0.988746
0.1320668,-0.05583605,-0.002757811,0.9896632
0.1255064,-0.054666,-0.001035731,0.990585
0.1342158,-0.05620424,-0.00331362,0.9893514
0.1205461,-0.0537352,0.0002554497,0.9912523
0.1033107,-0.050194,0.004802348,0.9933702
0.07926749,-0.04447496,0.01115477,0.9957982
0.04919765,-0.03607421,0.01917721,0.9979532
0.02937696,-0.02980837,0.02448915,0.9988237
-0.001166868,-0.01905749,0.03275336,0.9992811
-0.0101308,-0.01565488,0.03520418,0.9992061
0.003433171,-0.02075666,0.03150916,0.999282
0.02141517,-0.02713007,0.02664001,0.9990473
0.03181566,-0.03060931,0.02383605,0.9987406
0.02988386,-0.02997474,0.02435617,0.9988069
0.02894969,-0.02966631,0.02460684,0.9988374
0.02657489,-0.02887547,0.02524756,0.9989106
0.03651546,-0.03213108,0.02257081,0.9985614
0.04079656,-0.0334889,0.0214216,0.9983764
0.04660276,-0.03528811,0.01986438,0.9980924
0.04812142,-0.03575049,0.01945783,0.9980119
0.05241429,-0.03703944,0.01830801,0.9977704
0.0604551,-0.03937972,0.01616026,0.9972628
0.06378143,-0.04031995,0.01527184,0.9970321
0.06784978,-0.04144637,0.01419016,0.9967333
0.05576708,-0.03802744,0.01741004,0.9975675
0.05934438,-0.03906222,0.01645669,0.9973372
0.05671626,-0.0383037,0.0171578,0.9975077
0.0616062,-0.0397068,0.0158535,0.9971845
0.05939563,-0.03907689,0.016443,0.9973338
0.06210975,-0.03984936,0.01571886,0.9971496
0.06573393,-0.04086355,0.01475298,0.996891
0.06630775,-0.04102239,0.01459982,0.9968488
0.06458192,-0.04054315,0.01506063,0.9969746
0.05286691,-0.03717367,0.01818734,0.9977437
0.03628926,-0.03205786,0.02263397,0.9985705
0.0308059,-0.03027803,0.02410868,0.9987758
0.0261527,-0.02873412,0.02536124,0.998923
0.024327,-0.02811955,0.02585441,0.998974
0.03120716,-0.03041005,0.02399967,0.9987619
0.03541259,-0.03177654,0.02286843,0.9986057
0.03692574,-0.03226209,0.02246141,0.9985446
0.03996812,-0.03322817,0.02164404,0.9984138
0.03034687,-0.03012769,0.02423042,0.9987914
0.02479223,-0.02827645,0.0257292,0.9989614
0.02805396,-0.02936851,0.02484976,0.9988658
0.03551187,-0.03180861,0.02284145,0.9986017
0.0565481,-0.03825343,0.01720774,0.9975184
0.05909233,-0.03899173,0.01651618,0.9973539
0.0598639,-0.03921127,0.01631668,0.9973027
0.05877609,-0.03889901,0.01660838,0.9973748
0.05471456,-0.03772012,0.01768794,0.9976326
0.03397186,-0.03130839,0.02326402,0.9986614
0.00869792,-0.02265244,0.03011372,0.9992519
-0.05819145,0.00432508,0.04841484,0.9971215
-0.1416944,0.04515161,0.07185923,0.9862658
-0.1827151,0.06708844,0.08331228,0.9773298
-0.2245485,0.09049196,0.09527183,0.9655633
-0.1784585,0.06483145,0.08217814,0.978364
-0.1507572,0.04977165,0.07423343,0.9845225
-0.09168083,0.01990253,0.05779202,0.9939107
-0.0620207,0.006022471,0.04945311,0.9968308
-0.04613132,-0.0009559903,0.04508168,0.9979172
-0.003791613,-0.01806453,0.0334858,0.9992688
0.019144,-0.02634873,0.02725636,0.9990978
0.03473165,-0.03155743,0.02305005,0.9986323
0.03382267,-0.03126299,0.02329579,0.9986671
0.03216565,-0.03072392,0.02374119,0.998728
0.01954301,-0.02648811,0.02714429,0.9990894
0.006261296,-0.02178816,0.03074276,0.9992703
0.007808675,-0.02234787,0.03032367,0.9992597
0.02710027,-0.02905417,0.02509673,0.9988952
0.0560619,-0.03811206,0.0173361,0.9975489
0.06950755,-0.04189777,0.01375232,0.9966063
0.09089623,-0.04735363,0.008074425,0.9947011
0.110285,-0.05168396,0.002961511,0.9925508
0.1215637,-0.05392912,-5.73229E-07,0.9911175
0.1158976,-0.05282674,0.001483566,0.9918543
0.118153,-0.05327166,0.0008929665,0.991565
0.1242366,-0.05443127,-0.0007025129,0.9907584
0.1260704,-0.05476924,-0.001184776,0.9905076
0.129946,-0.05546551,-0.002198278,0.989966
0.1273158,-0.05499558,-0.001509797,0.9903353
0.1344385,-0.05624203,-0.003374279,0.9893188
0.1433061,-0.05767908,-0.005680775,0.9879798
0.1704128,-0.06126583,-0.0127447,0.9833838
0.2155595,-0.06448571,-0.02442034,0.974053
0.291112,-0.0618148,-0.04392687,0.9536787
0.3004553,-0.0606821,-0.04649166,0.9507275
0.1848395,-0.06266795,-0.01653259,0.9806293
0.2074712,-0.06416634,-0.02233373,0.9758789
0.2649271,-0.06391842,-0.03716161,0.9614297
0.2136077,-0.064428,-0.02388618,0.9745
0.2021809,-0.06390108,-0.02093835,0.977037
0.1405222,-0.05724129,-0.00496355,0.988409
0.1615243,-0.06022333,-0.01043962,0.9849742
0.1474403,-0.05830446,-0.006764729,0.9873278
0.1679097,-0.06098456,-0.01210027,0.9838399
0.1645638,-0.06059467,-0.01122528,0.9844394
0.1618688,-0.06026626,-0.01052714,0.9849141
0.171931,-0.06143012,-0.01313667,0.9831041
0.1668089,-0.06085884,-0.01180891,0.9840384
0.1581099,-0.05978857,-0.009547385,0.9855635
0.1327299,-0.0559507,-0.002922783,0.9895675
0.1338415,-0.05614074,-0.003221923,0.989406
0.1250136,-0.05457517,-0.0009143697,0.9906524
0.129077,-0.05531149,-0.00197101,0.9900888
0.1414741,-0.05739202,-0.005216343,0.9882632
0.1221348,-0.05403743,-0.0001497027,0.9910414
0.1262657,-0.05480495,-0.001236287,0.9904805
0.1280702,-0.05513156,-0.001707382,0.9902301
0.1171981,-0.05308435,0.001143765,0.9916881
0.1215867,-0.05393345,-6.409828E-06,0.9911144
0.1064187,-0.05086809,0.003974129,0.9930114
0.1041074,-0.05036857,0.00458708,0.9932792
0.104085,-0.05036367,0.004592938,0.9932818
0.1044059,-0.05043352,0.004508298,0.9932451
0.1072654,-0.05104861,0.003755558,0.9929119
0.1016216,-0.04982224,0.005242269,0.9935609
0.1086705,-0.05134609,0.003385264,0.9927451
0.1146511,-0.0525772,0.001812921,0.9920118
0.1169105,-0.05302748,0.001219814,0.991725
0.1089343,-0.05140158,0.003316049,0.9927136
0.1091658,-0.05145026,0.003255006,0.9926858
0.1069341,-0.05097812,0.003840646,0.992951
0.1119608,-0.05203069,0.002516925,0.9923463
0.1147715,-0.05260149,0.001781104,0.9919966
0.1119224,-0.05202259,0.002529644,0.9923511
0.1146041,-0.05256782,0.001825206,0.9920177
0.1170095,-0.05304723,0.001192947,0.9917123
0.1148649,-0.0526202,0.001756579,0.9919849
0.1130044,-0.05224391,0.002245851,0.9922175
0.1257117,-0.05470365,-0.001094677,0.9905568
0.1375356,-0.05675852,-0.004177069,0.9888604
0.1631662,-0.06042596,-0.0108621,0.9846864
0.1619559,-0.06027731,-0.0105476,0.9848988
0.150389,-0.05873299,-0.007538468,0.986852
0.1316232,-0.05575913,-0.002639822,0.9897269
0.1402357,-0.05719551,-0.004888804,0.9884526
0.1310804,-0.05566471,-0.002504478,0.9898046
0.1240226,-0.05439184,-0.0006540101,0.9907873
0.1532842,-0.05914006,-0.008296476,0.9863759
0.1462973,-0.05813385,-0.006470625,0.9875098
0.1713754,-0.06136911,-0.01300047,0.9832066
0.1767231,-0.06192134,-0.01440055,0.9822054
0.1587039,-0.05986584,-0.009699724,0.9854619
0.1546146,-0.05932301,-0.008637738,0.9861544
0.1363514,-0.05656276,-0.003872484,0.9890369
0.1233392,-0.05426379,-0.0004631751,0.9908797
0.09885453,-0.04920352,0.005962261,0.9938667
0.09124576,-0.04743689,0.007981949,0.9946659
0.09789583,-0.04898507,0.006225822,0.9939709
0.09123558,-0.04743448,0.007984374,0.994667
0.0769381,-0.04387347,0.01177168,0.9960005
0.0650681,-0.04067874,0.01493025,0.9969396
0.06397153,-0.04037347,0.01521971,0.9970185
0.06632537,-0.04102828,0.01459046,0.9968475
0.06934526,-0.04185499,0.01378888,0.9966189
0.08076916,-0.04485838,0.01075639,0.9956648
0.08391044,-0.04564964,0.009921753,0.9953777
0.09411719,-0.04811373,0.007223802,0.9943716
0.09223364,-0.04767116,0.007721236,0.9945655
0.1005871,-0.04959195,0.005515053,0.9936762
0.09728824,-0.04884714,0.006379872,0.9940364
0.08894619,-0.04688565,0.008589212,0.9948952
0.09985797,-0.04942864,0.005707337,0.9937568
0.1061433,-0.05080879,0.004050745,0.9930437
0.1184812,-0.05333591,0.0008040061,0.9915225
0.103859,-0.05031421,0.004655594,0.9933077
0.1120341,-0.05204559,0.002500698,0.9923373
0.1303307,-0.05553318,-0.002299197,0.9899115
0.1425473,-0.0575603,-0.005496942,0.9880975
0.1673336,-0.06092043,-0.01193772,0.983944
0.1993357,-0.06373163,-0.02023132,0.9776473
0.2431727,-0.064711,-0.03153308,0.9673082
0.2642799,-0.06397006,-0.03695301,0.9616124
0.2392209,-0.06475614,-0.03052483,0.9683224
0.1700693,-0.06122007,-0.01270985,0.9834464
0.161767,-0.06025416,-0.01049861,0.9849319
0.2527315,-0.06439566,-0.03423619,0.9647838
0.1104297,-0.05173048,0.003054512,0.9925321
0.1451923,-0.05796615,-0.006245226,0.9876842
0.09860227,-0.04914548,0.006038652,0.9938943
0.1532768,-0.05914022,-0.008263221,0.9863773
0.1566036,-0.05959036,-0.009154392,0.9858196
0.1473861,-0.05829609,-0.006753848,0.9873365
0.1323072,-0.05587772,-0.002816386,0.9896286
0.1200244,-0.05363448,0.0004054871,0.991321
0.0967577,-0.04872818,0.006497256,0.9940932
0.08418686,-0.04571784,0.009853316,0.9953519
0.07875926,-0.0443444,0.01128966,0.9958429
0.06721614,-0.0412725,0.01435909,0.9967811
0.06802794,-0.04149531,0.01414223,0.9967197
0.07537448,-0.04346524,0.01218587,0.996133
0.0873808,-0.04650543,0.009004497,0.9950482
0.08509181,-0.04594319,0.009608696,0.995267
0.07994744,-0.04464908,0.01097416,0.9957382
0.07977106,-0.04460398,0.01102092,0.9957538
0.07671856,-0.04381612,0.01183135,0.9960192
0.09105881,-0.04739245,0.00803065,0.9946848
0.09712306,-0.04880863,0.006429614,0.9940541
0.09990355,-0.04943897,0.005694454,0.9937518
0.1027912,-0.05008047,0.004933901,0.9934292
0.1031622,-0.05016199,0.004836157,0.9933871
0.102578,-0.05003354,0.004990668,0.9934533
0.09439966,-0.04817981,0.007147777,0.9943421
0.0848496,-0.04588287,0.009674838,0.9952897
0.08818302,-0.04670073,0.008791886,0.9949701
0.09193692,-0.04760082,0.007800359,0.9945959
0.0843283,-0.04575326,0.009813746,0.9953386
0.06680284,-0.04115893,0.01446816,0.9968119
0.05646301,-0.03822963,0.01722705,0.9975238
0.05951955,-0.03911236,0.0164101,0.9973255
0.05649479,-0.03823905,0.01721779,0.9975217
0.06270322,-0.0400168,0.01556063,0.9971083
0.06330504,-0.04018576,0.01540149,0.9970659
0.07394647,-0.04309024,0.01255775,0.9962518
0.09034238,-0.04722118,0.008221297,0.9947566
0.09323519,-0.04790726,0.007456039,0.9944628
0.09097519,-0.04737244,0.008053575,0.9946932
0.09096699,-0.04737042,0.008056526,0.9946941
0.09953152,-0.04935544,0.005791672,0.9937928
0.0952668,-0.04838132,0.006919301,0.9942513
0.09144151,-0.04748317,0.007933409,0.9946461
0.1120127,-0.05204294,0.002476685,0.99234
0.1234313,-0.05428081,-0.0004819757,0.9908673
0.09340025,-0.04794608,0.007412452,0.9944459
0.06337981,-0.04020589,0.01538645,0.9970605
0.05971573,-0.03916731,0.01636404,0.9973125
0.08510669,-0.04594694,0.009608936,0.9952655
0.1273163,-0.05499561,-0.001509931,0.9903352
0.09980537,-0.04941601,0.005732424,0.9937626
0.1187861,-0.05339722,0.0006747148,0.9914827
0.1244823,-0.05447684,-0.0007687672,0.9907249
0.1033719,-0.05020797,0.004780858,0.9933633
0.1405441,-0.05724491,-0.004954629,0.9884057
0.1251199,-0.05459544,-0.000978475,0.9906378
0.1299045,-0.05545827,-0.002204234,0.989972
0.1449842,-0.05793576,-0.006128102,0.9877173
0.1512708,-0.0588584,-0.007770654,0.9867079
0.172749,-0.0615164,-0.01335405,0.9829522
0.1762562,-0.06187775,-0.01425951,0.9822941
0.1813846,-0.06236781,-0.01558907,0.9813088
0.1981972,-0.06366126,-0.01993586,0.9778894
0.2005238,-0.06380188,-0.02053778,0.9773933
0.2177937,-0.06455233,-0.02500176,0.9735367
0.2248257,-0.06471113,-0.02680889,0.9718782
0.2329643,-0.0647845,-0.02890562,0.9698943
0.2357869,-0.06478566,-0.02962216,0.9691903
0.2059917,-0.06409259,-0.02196247,0.9762055
0.1707361,-0.06130059,-0.01282804,0.9833245
0.1362412,-0.0565449,-0.00383832,0.9890532
0.1376548,-0.0567784,-0.0042203,0.9888426
0.1837147,-0.062572,-0.01621552,0.9808519
0.1849041,-0.06267833,-0.01650054,0.980617
0.2073146,-0.06415995,-0.02228867,0.9759136
0.2099477,-0.06427406,-0.02298126,0.975327
0.214228,-0.06444147,-0.02407458,0.9743583
0.1971239,-0.06359258,-0.01966137,0.9781163
0.1529334,-0.05910043,-0.008150414,0.9864341
0.2280222,-0.06469177,-0.02785754,0.9711049
0.3387696,-0.05475777,-0.05613892,0.9375954
0.2565357,-0.06433284,-0.03497131,0.9637571
0.2595328,-0.06420441,-0.03574087,0.9629347
0.2412099,-0.06473534,-0.03104036,0.9678138
0.2564984,-0.06432559,-0.03498553,0.963767
0.2704188,-0.06359793,-0.03854303,0.9598663
0.2620404,-0.06408043,-0.03639451,0.962239
0.2242965,-0.06469794,-0.02668807,0.9720046
0.1950944,-0.06346449,-0.01909859,0.9785426
0.1295995,-0.05540432,-0.002107696,0.9900151
0.07380542,-0.04304668,0.01263587,0.996263
0.07998469,-0.04465856,0.0109641,0.9957348
0.07473907,-0.04329643,0.01236244,0.996186
0.04494394,-0.03477915,0.02030893,0.9981774
0.02491085,-0.02831584,0.02569896,0.9989581
0.01827548,-0.02604877,0.02749068,0.9991155
0.01111966,-0.02353557,0.0294252,0.9992279
0.0005519409,-0.01969291,0.03229458,0.9992842
0.001371168,-0.01999634,0.03207162,0.9992846
0.003314007,-0.02071185,0.03154406,0.9992823
0.006373556,-0.02182866,0.0307128,0.9992695
0.01074281,-0.02340086,0.02952809,0.9992322
0.01784429,-0.02589965,0.02760634,0.9991239
0.01376239,-0.0244723,0.02870955,0.9991934
0.001763209,-0.02014144,0.03196442,0.9992844
-0.008160625,-0.01641108,0.03466682,0.9992308
-0.01789967,-0.01262363,0.03732534,0.9990631
-0.01361735,-0.01430497,0.03615417,0.999151
-0.01735388,-0.01283855,0.0371774,0.9990755
-0.01962651,-0.01193847,0.0377988,0.9990212
-0.01035889,-0.01556906,0.03526217,0.9992031
0.00431925,-0.02107835,0.03127506,0.9992793
-0.007514846,-0.01666047,0.03448508,0.9992381
-0.006795197,-0.01693217,0.03429466,0.9992452
-0.0101926,-0.01563104,0.03522119,0.9992053
-0.007312924,-0.01673665,0.03443201,0.9992401
-0.004845319,-0.01767189,0.03376332,0.9992619
-0.007360536,-0.01671671,0.03444872,0.9992395
-0.003270147,-0.01826577,0.03333446,0.999272
-0.001025445,-0.0191085,0.03271873,0.9992814
0.003564332,-0.02080365,0.03147615,0.9992816
0.004756287,-0.02123992,0.03115213,0.9992777
-0.0005223838,-0.01929389,0.03258656,0.9992826
-0.0008446643,-0.01917422,0.03267334,0.9992818
0.006959378,-0.02204092,0.03055402,0.9992658
0.002679422,-0.02047874,0.03171624,0.9992835
0.002183273,-0.02029622,0.03185073,0.9992841
0.00508887,-0.02136101,0.03106246,0.9992763
0.01052348,-0.02332295,0.02958664,0.9992347
0.01673325,-0.02551364,0.02790604,0.9991448
0.0263018,-0.028784,0.02532132,0.9989187
0.03128172,-0.03043426,0.02398025,0.9987593
0.03314502,-0.03104266,0.0234789,0.9986923
0.04381318,-0.03442988,0.02061218,0.9982336
0.05051242,-0.03647161,0.01881774,0.9978799
0.03912796,-0.03296173,0.02187233,0.9984509
0.01527968,-0.02500683,0.0282957,0.99917
-0.01013789,-0.01565213,0.03520613,0.9992061
-0.00379783,-0.01806897,0.03347424,0.9992691
0.009059586,-0.02279636,0.02998907,0.9992491
0.02296948,-0.02766008,0.02621996,0.9990095
0.04505018,-0.03481184,0.02028044,0.998172
0.04734377,-0.0355144,0.01966498,0.9980534
0.04761102,-0.03559675,0.01958978,0.9980392
0.05008332,-0.03634296,0.01893205,0.9979041
0.0462978,-0.03519486,0.01994604,0.9981083
0.07383824,-0.04306132,0.01258616,0.9962607
0.08927294,-0.04696417,0.008504357,0.994863
0.07653982,-0.04376951,0.01187908,0.9960346
0.08226873,-0.0452379,0.01035875,0.9955291
0.1069205,-0.0509747,0.003850208,0.9929526
0.09431402,-0.04815973,0.007171796,0.9943511
0.1008665,-0.04965369,0.005446772,0.9936453
0.07426406,-0.04317232,0.01248332,0.9962255
0.07942471,-0.04451513,0.01111378,0.9957845
0.0860145,-0.04617134,0.00936139,0.9951794
0.0854282,-0.04602607,0.009521045,0.9952351
0.07447407,-0.04322779,0.01242752,0.9962081
0.06148298,-0.03967213,0.0158854,0.9971929
0.04947689,-0.03616007,0.01909598,0.9979378
0.06000987,-0.03925092,0.01628541,0.9972928
0.02787008,-0.02930752,0.02489881,0.9988716
0.04315903,-0.03422972,0.02077764,0.9982655
0.06026456,-0.03932432,0.01621542,0.9972757
0.05751506,-0.03853519,0.01694514,0.9974567
0.05873605,-0.03888752,0.01661907,0.9973773
0.07707682,-0.04390903,0.01173765,0.9959887
0.07911715,-0.04443662,0.01119288,0.9958115
0.06877289,-0.04169881,0.01394325,0.996663
0.06759301,-0.04137617,0.01425776,0.9967527
0.06856288,-0.04164152,0.01399944,0.9966791
0.08160394,-0.04507092,0.01052981,0.9955895
0.08561562,-0.04607225,0.009472181,0.9952174
0.08271179,-0.04534934,0.01024133,0.9954885
0.08626299,-0.04623177,0.009299984,0.9951557
0.07221468,-0.04262779,0.01302801,0.9963926
0.08604558,-0.04618025,0.009345353,0.9951764
0.09191123,-0.04759495,0.00780598,0.9945986
0.0881452,-0.04669154,0.008801922,0.9949738
0.08951024,-0.0470216,0.008440292,0.9948395
0.08936515,-0.04698652,0.008479654,0.9948539
0.09681158,-0.04873737,0.006511357,0.9940874
0.1074965,-0.05109778,0.003693404,0.9928846
0.1198677,-0.05360427,0.0004489534,0.9913417
0.09738531,-0.04886924,0.006354935,0.9940259
0.1315549,-0.05574755,-0.002619523,0.9897366
0.1828252,-0.06245559,-0.01640426,0.9810225
0.0640852,-0.0403867,0.01536668,0.9970085
0.08233573,-0.04525463,0.01034184,0.995523
0.07417271,-0.04314825,0.01250757,0.996233
0.08685157,-0.04637912,0.009125299,0.9950992
0.04904898,-0.03602998,0.0192158,0.9979613
0.02914283,-0.02973063,0.02455375,0.9988313
0.03113307,-0.03038569,0.02401968,0.9987645
0.01324643,-0.02429029,0.0288496,0.9992008
0.04891132,-0.03599708,0.01921813,0.9979693
0.05894099,-0.03894591,0.01656623,0.9973639
0.05261404,-0.03709866,0.01825497,0.9977586
0.04964613,-0.03621167,0.01904828,0.9979284
0.05289339,-0.0371032,0.01837917,0.9977414
-0.07709996,0.01272823,0.05332777,0.9955148
0.0528956,-0.03718204,0.0181802,0.9977421
0.04865208,-0.03591241,0.01931159,0.9979832
0.04064052,-0.03343972,0.02146392,0.9983834
0.04019838,-0.03330085,0.02158184,0.9984034
0.0375704,-0.03246796,0.0222881,0.9985177
0.05406415,-0.03752688,0.01786922,0.997672
0.05701535,-0.03838852,0.01708697,0.9974886
0.0784159,-0.04425582,0.01138941,0.9958729
0.1315076,-0.05573915,-0.002607176,0.9897434
0.1471968,-0.05826784,-0.006706963,0.9873667
0.1644391,-0.06058006,-0.01118854,0.9844616
0.1493047,-0.05857633,-0.007263656,0.9870279
0.1285379,-0.05521524,-0.001829844,0.9901646
0.1202972,-0.0536883,0.0003069132,0.9912851
0.08200722,-0.04517066,0.01044071,0.9955528
0.1008875,-0.04966131,0.005415417,0.9936429
0.09774756,-0.04895128,0.006264283,0.9939869
0.08923548,-0.04695559,0.008511552,0.9948667
0.08983505,-0.04710037,0.0083474,0.9948072
0.05721777,-0.03845136,0.01701522,0.9974759
0.05106607,-0.03663755,0.01866909,0.9978483
0.02965478,-0.02989759,0.02442271,0.9988144
0.03442642,-0.03145891,0.02313198,0.9986441
0.03776193,-0.03252817,0.0222393,0.9985096
0.05365331,-0.03740627,0.01797707,0.9976969
0.06177102,-0.03975467,0.01580456,0.9971731
0.04843228,-0.0358442,0.01937653,0.9979951
0.04601159,-0.03510729,0.02002245,0.998123
0.04612108,-0.03514077,0.01999342,0.9981174
0.04874132,-0.03594352,0.01927211,0.9979785
0.08736809,-0.04650189,0.009007333,0.9950494
0.09906245,-0.04924906,0.005922365,0.9938442
0.1173873,-0.05312155,0.001094007,0.9916639
0.1078946,-0.05118216,0.003590152,0.9928375
0.1024081,-0.04999596,0.005036031,0.9934725
0.09208979,-0.04763718,0.007758399,0.9945804
0.07808965,-0.04417178,0.01146733,0.9959013
0.05897926,-0.03896142,0.01653876,0.9973614
0.03287739,-0.03095234,0.02356181,0.9987021
0.04736524,-0.03552275,0.01965317,0.9980523
0.05855603,-0.03883567,0.01666711,0.9973891
0.0532677,-0.03729228,0.01808036,0.9977199
0.06412943,-0.04041757,0.01517798,0.9970073
0.07622585,-0.04368768,0.01196191,0.9960612
0.07234813,-0.04266341,0.01299256,0.9963818
0.06396152,-0.04037003,0.01522538,0.9970192
0.06376719,-0.04031592,0.01527581,0.9970331
0.07265959,-0.04274642,0.01291024,0.9963567
0.06403053,-0.04038939,0.01520678,0.9970143
0.06798521,-0.04148373,0.01415277,0.9967231
0.07451632,-0.04323889,0.01241642,0.9962046
0.07780997,-0.04409903,0.01154395,0.9959255
0.06251554,-0.03996389,0.01561068,0.9971213
0.06284659,-0.04005717,0.01552243,0.9970982
0.05962211,-0.03914264,0.01637894,0.9973187
0.05657798,-0.03826315,0.01719588,0.9975165
0.05073444,-0.03653832,0.0187579,0.9978673
0.04745398,-0.03554861,0.01963315,0.9980476
0.0567936,-0.03832565,0.01713907,0.9975027
0.05125028,-0.03669263,0.01861974,0.997838
0.05715853,-0.0384319,0.01704033,0.9974796
0.04660311,-0.03528855,0.01986322,0.9980924
0.03978588,-0.03317046,0.02169377,0.9984218
0.04177831,-0.03379633,0.02115902,0.9983309
0.05186759,-0.03687676,0.01845466,0.9978023
0.0483003,-0.03580495,0.0194091,0.9980022
0.04715198,-0.03545599,0.01971645,0.9980636
0.05537992,-0.03791388,0.01751504,0.9975916
0.05527594,-0.03788336,0.01754332,0.997598
0.03310012,-0.03102671,0.02349543,0.998694
0.03050366,-0.0301795,0.02418755,0.9987861
0.02178933,-0.02725767,0.02653968,0.9990385
0.02795309,-0.02933512,0.02487645,0.998869
0.01036546,-0.02326559,0.02963182,0.9992363
0.01066282,-0.0233732,0.02954811,0.9992331
0.03617123,-0.03202292,0.02265656,0.9985754
0.04005491,-0.03325559,0.02162068,0.9984098
0.08117916,-0.04495911,0.01066586,0.9956278
0.1040335,-0.05035445,0.004584292,0.9932877
0.1299897,-0.05547308,-0.002205715,0.9899599
0.1493887,-0.05858915,-0.007276591,0.9870144
0.1625728,-0.06035123,-0.01072731,0.9847907
0.1800942,-0.06225195,-0.01521656,0.9815596
0.1085203,-0.05131702,0.003417133,0.9927629
0.1970782,-0.06358966,-0.01964931,0.9781259
0.2005654,-0.0637988,-0.02057458,0.9773842
0.1491579,-0.058556,-0.007227613,0.9870517
0.1617175,-0.06024789,-0.0104773,0.9849405
0.1092343,-0.05146453,0.003237101,0.9926775
0.1320027,-0.05582489,-0.002731845,0.9896724
0.127218,-0.0549779,-0.001483844,0.9903488
0.1426122,-0.05757042,-0.005518072,0.9880875
0.1255164,-0.05466775,-0.001038374,0.9905836
0.1073742,-0.05107156,0.003730091,0.992899
0.1054991,-0.05067005,0.004221544,0.9931186
0.08694045,-0.04639854,0.009115982,0.9950906
0.08057331,-0.0448086,0.01080834,0.9956823
0.06281449,-0.04004785,0.01553253,0.9971004
0.06150125,-0.03967768,0.01587881,0.9971916
0.06593911,-0.04092026,0.01469893,0.9968759
0.05864573,-0.03886154,0.0166432,0.9973832
0.05883214,-0.03891578,0.01659073,0.9973711
0.05393883,-0.03749085,0.01789935,0.9976797
0.05357634,-0.03738372,0.01799707,0.9977015
0.04894451,-0.03599975,0.01923701,0.9979671
0.0541314,-0.03754726,0.01784912,0.997668
0.05961631,-0.03914013,0.01638396,0.9973192
0.06280355,-0.04004477,0.01553501,0.9971011
0.05216289,-0.03696465,0.01837562,0.997785
0.04772718,-0.03563083,0.01956307,0.998033
0.04982441,-0.03626469,0.01900295,0.9979185
0.03721189,-0.03235353,0.02238473,0.9985327
0.05601423,-0.03809913,0.01734604,0.997552
0.06575283,-0.04086847,0.01474947,0.9968895
0.08006901,-0.04468109,0.01093641,0.9957274
0.1041962,-0.05038814,0.004560106,0.993269
0.09933481,-0.04931103,0.005845386,0.9938143
0.0841426,-0.04570723,0.009863913,0.995356
0.1197886,-0.0535904,0.000427309,0.991352
0.127582,-0.0550435,-0.001576069,0.9902982
0.1045824,-0.05047186,0.00446193,0.9932246
0.100851,-0.0496514,0.005440542,0.993647
0.08947138,-0.04701195,0.008453218,0.9948434
0.09557538,-0.04845275,0.006837592,0.9942187
0.0906458,-0.04729382,0.008140611,0.9947263
0.09650776,-0.04866758,0.006592214,0.9941198
0.08270066,-0.04534733,0.01023928,0.9954896
0.06577783,-0.04087572,0.01474142,0.9968877
0.07579672,-0.04357543,0.01207611,0.9960975
0.08846783,-0.04676933,0.008720201,0.9949422
0.1028656,-0.05009843,0.004897016,0.9934208
0.1119779,-0.0520329,0.002528073,0.9923443
0.07652866,-0.04376664,0.0118818,0.9960355
0.08469924,-0.04584548,0.009715378,0.9953039
0.08646633,-0.04628173,0.009246169,0.9951362
0.09020249,-0.04718754,0.00825929,0.9947706
0.07820396,-0.04420127,0.01143701,0.9958914
0.0757815,-0.04357241,0.01207481,0.9960988
0.05339731,-0.03733124,0.01804371,0.9977121
0.05542627,-0.03792725,0.01750344,0.9975886
0.04171845,-0.03377787,0.02117415,0.9983337
0.04186889,-0.03382498,0.02113358,0.9983267
0.045691,-0.03500882,0.02010868,0.9981395
0.04520015,-0.03485778,0.02024098,0.9981644
0.05390212,-0.0374797,0.01791058,0.9976819
0.05872625,-0.03888526,0.01661957,0.9973781
0.05110183,-0.03664798,0.01866034,0.9978463
0.0487811,-0.03595043,0.01928067,0.9979761
0.04187839,-0.03382786,0.02113119,0.9983262
0.03792195,-0.03258013,0.0221929,0.9985029
0.04216239,-0.03391639,0.02105576,0.9983129
0.04741656,-0.03553651,0.01964576,0.9980496
0.05797296,-0.03866758,0.01682283,0.9974272
0.05011392,-0.03635202,0.0189244,0.9979023
0.0638861,-0.04034957,0.01524234,0.9970247
0.05512424,-0.03784028,0.01757807,0.9976074
0.03766358,-0.03249767,0.02226298,0.9985138
0.06405647,-0.04039565,0.01520343,0.9970125
0.0742216,-0.04316014,0.01249939,0.996229
0.05653388,-0.03825074,0.01720636,0.9975193
0.08365957,-0.04558681,0.009990119,0.995401
0.1191202,-0.05345942,0.0006486271,0.9914393
0.1128014,-0.05220258,0.002301547,0.9922426
0.1385128,-0.05691814,-0.004441645,0.9887137
0.1679536,-0.0609905,-0.01210603,0.9838319
0.07689413,-0.04386182,0.01180564,0.996004
0.07604184,-0.04370653,0.0116453,0.9960782
0.05737954,-0.03850168,0.01696312,0.9974655
0.04130432,-0.03364828,0.02128535,0.998353
0.02715515,-0.02907713,0.02506811,0.9988937
0.05095006,-0.03660097,0.01870641,0.997855
0.03479739,-0.03157812,0.02303418,0.9986297
0.04975577,-0.03624446,0.01901981,0.9979224
0.02928488,-0.02978032,0.02450822,0.9988268
0.01201588,-0.02384963,0.0291941,0.9992169
-0.006592946,-0.01701472,0.03422719,0.9992475
-0.02303944,-0.01057404,0.03873328,0.998928
-0.053038,0.002049037,0.04699158,0.9974841
-0.08461806,0.0164641,0.05574249,0.9947168
-0.1054487,0.02657477,0.06158595,0.9921601
-0.09548302,0.02168831,0.0587924,0.9934565
-0.08557357,0.01693139,0.05602663,0.9946112
-0.08044002,0.01450506,0.05459457,0.9951575
-0.05634795,0.003502111,0.04789715,0.9972556
-0.04186486,-0.002782657,0.04390541,0.9981542
-0.05288161,0.001977853,0.04694417,0.9974948
-0.05843279,0.004432619,0.04848137,0.9971036
-0.05389645,0.002424888,0.04722649,0.9974262
-0.05194782,0.001569783,0.04668771,0.9975566
-0.04266055,-0.002443049,0.04412555,0.9981117
-0.04176613,-0.002821099,0.04388433,0.9981592
-0.02077772,-0.01148666,0.0381014,0.9989918
-0.009803692,-0.0157808,0.03511497,0.9992106
-0.02286689,-0.01064261,0.03868754,0.998933
-0.02472264,-0.009895257,0.03919529,0.9988766
-0.01608866,-0.01333667,0.03683167,0.999103
-0.02981026,-0.007823027,0.04059003,0.9987005
-0.03599107,-0.005262302,0.04228652,0.9984431
-0.02690281,-0.009010932,0.03979331,0.998805
-0.02839028,-0.008404581,0.04020073,0.9987528
-0.02203983,-0.01097523,0.03845943,0.9989568
-0.00738429,-0.01670711,0.03445646,0.9992393
0.01846382,-0.02611627,0.02743299,0.9991119
-0.009051044,-0.01609408,0.03485655,0.9992217
-0.001143851,-0.01906245,0.03275564,0.9992809
0.07709235,-0.04389495,0.01180537,0.9959873
0.03542824,-0.03188159,0.02254533,0.998609
0.05554233,-0.03800754,0.0173109,0.9975824
0.08212897,-0.04520282,0.01039575,0.9955418
0.03014555,-0.0300529,0.02431333,0.9987977
0.04353936,-0.03434586,0.02068255,0.998247
0.03536466,-0.03176327,0.02287441,0.9986076
0.02727031,-0.02910767,0.02506048,0.9988899
0.01858751,-0.02615755,0.02740427,0.9991092
0.02299611,-0.02766811,0.02621525,0.9990087