0.03257963,-0.03085882,0.02363029,0.9987131
0.1136515,-0.0523678,0.00213956,0.9921373
0.1093324,-0.05148513,0.003211184,0.9926658
0.1089052,-0.0513955,0.003323672,0.9927171
0.1108001,-0.05179096,0.002825092,0.9924883
0.1129319,-0.05222915,0.00226472,0.9922265
0.1097985,-0.05158271,0.003088372,0.9926097
0.1019156,-0.04988742,0.005164341,0.9935279
0.09654896,-0.04867711,0.00658072,0.9941154
0.08238335,-0.0452669,0.01032753,0.9955186
0.06973407,-0.04195992,0.01368844,0.9965886
0.06963097,-0.04193185,0.01371627,0.9965968
0.05963865,-0.03914649,0.01637814,0.9973176
0.0482549,-0.03579095,0.01942229,0.9980047
0.04573319,-0.0350184,0.02010828,0.9981372
0.02073033,-0.02689499,0.02682336,0.9990633
-0.02728005,-0.008857959,0.03989578,0.9987921
-0.04715838,-0.0005112684,0.04536788,0.9978565
-0.05554704,0.003152668,0.04768309,0.9973119
-0.05711027,0.003846564,0.04811796,0.9972002
-0.04192102,-0.002758767,0.04392087,0.9981513
-0.02820844,-0.008480038,0.04014885,0.9987594
-0.004354824,-0.01785651,0.03363213,0.9992653
0.02988384,-0.02997657,0.02435191,0.998807
0.06518953,-0.04071254,0.01489793,0.9969307
0.1018062,-0.04986199,0.005201373,0.9935403
0.1130679,-0.05225618,0.002239081,0.9922096
0.08961385,-0.04704637,0.008409217,0.9948293
0.05159827,-0.03679649,0.01852668,0.9978179
0.009641609,-0.02300997,0.02982165,0.9992438
-0.01938283,-0.01200993,0.03777789,0.9990259
-0.06728665,0.008431165,0.05094027,0.9963968
-0.1526578,0.05088212,0.07487549,0.9841241
-0.224405,0.0904054,0.09522842,0.965609
-0.2550561,0.1076027,0.1038708,0.95529
-0.2564077,0.108352,0.1042447,0.9548026
-0.2796401,0.1212831,0.1107615,0.9459512
-0.3167776,0.1414672,0.1210968,0.9300401
-0.3211627,0.1437782,0.1222984,0.9280224
-0.3424683,0.1547563,0.1280985,0.9177999
-0.3448969,0.1560105,0.1287767,0.9165825
-0.3247573,0.1456492,0.1232743,0.926349
-0.3041278,0.1346797,0.1175874,0.9357035
-0.2921325,0.1281644,0.1142564,0.9408389
-0.2673255,0.1144441,0.1073086,0.9507493
-0.2118552,0.08331607,0.09162069,0.9694232
-0.1502963,0.04962592,0.07420481,0.9846024
-0.1142138,0.03095483,0.06405336,0.9909058
-0.0790167,0.01383728,0.05419742,0.9953027
-0.03656043,-0.005026343,0.04244045,0.9984171
0.02917162,-0.02974654,0.02454302,0.9988301
0.1235002,-0.05429636,-0.0006019915,0.9908578
0.1461547,-0.05811259,-0.006433412,0.9875324
0.07889096,-0.04437803,0.01126024,0.9958314
0.006715091,-0.02195219,0.0306123,0.9992677
-0.07713427,0.01294928,0.05365587,0.9954917
-0.153781,0.05148114,0.07519303,0.9838939
-0.2391275,0.09865712,0.09937944,0.9608374
-0.288453,0.1261752,0.1132524,0.9423633
-0.2929081,0.1285816,0.1144674,0.9405152
-0.2911784,0.1276338,0.1139844,0.9412397
-0.3001758,0.1325391,0.116489,0.937421
-0.3008623,0.1329123,0.1166803,0.9371243
-0.315814,0.1409286,0.1208119,0.9304865
-0.320428,0.1433785,0.122088,0.9283658
-0.3131443,0.1395122,0.1200783,0.9316964
-0.3043959,0.1348231,0.1176608,0.9355863
-0.3107473,0.1382314,0.1194158,0.9327744
-0.3139461,0.139942,0.1203014,0.9313333
-0.2975267,0.1311021,0.1157542,0.9385579
-0.2799165,0.1214489,0.1108493,0.945838
-0.2413146,0.0998602,0.09997076,0.9601046
-0.196659,0.07487066,0.08733665,0.9737
-0.1480289,0.04842791,0.07357227,0.985053
-0.09612451,0.02199469,0.058967,0.9933777
-0.03433945,-0.005950914,0.04183801,0.9985164
0.03447896,-0.03147547,0.02311927,0.998642
0.1022362,-0.04995153,0.005123904,0.993492
0.08912116,-0.04693101,0.008502434,0.9948782
0.02627231,-0.02877044,0.0253344,0.9989195
-0.03741217,-0.004665429,0.04267937,0.9983772
-0.06783604,0.008674615,0.05109516,0.9963495
-0.08653327,0.0173846,0.05629016,0.9945055
-0.1039482,0.02582917,0.06116033,0.9923644
-0.106547,0.0271159,0.06189027,0.992009
-0.1055696,0.02663118,0.06161557,0.9921439
-0.1079778,0.02782701,0.0622922,0.9918095
-0.118151,0.03294947,0.06516989,0.9903068
-0.07111953,0.01017357,0.05200066,0.9960595
-0.01939932,-0.01201396,0.03776261,0.9990262
-0.01107204,-0.01529074,0.03546313,0.9991927
-0.00264198,-0.01849603,0.03317701,0.9992749
0.03631498,-0.03206656,0.02262554,0.9985695
0.04433292,-0.03459188,0.02046818,0.9982079
0.0162577,-0.0253512,0.02802611,0.9991534
0.001948792,-0.02020791,0.03191875,0.9992843
-0.01312539,-0.01449563,0.03602158,0.9991596
-0.04409762,-0.001827209,0.04452314,0.9980329
-0.09220783,0.02012575,0.05789343,0.9938516
-0.1758369,0.06332314,0.08136094,0.9790056
-0.2379896,0.09800531,0.09904084,0.9612215
-0.2290593,0.09297615,0.09650627,0.9641441
-0.198584,0.0759337,0.08787662,0.9731784
-0.1757718,0.06336059,0.08141567,0.9790104
-0.1685259,0.05941683,0.07936478,0.9806987
-0.1502296,0.04959022,0.07418929,0.9846156
-0.1500751,0.04949639,0.07413368,0.9846481
-0.1543111,0.05176597,0.07534483,0.9837844
-0.1389976,0.04366729,0.07101793,0.9867772
-0.1517216,0.05038582,0.07461332,0.9843143
-0.1352073,0.04168084,0.06993962,0.9874666
-0.1182961,0.0330049,0.06518853,0.9902864
-0.1134703,0.03057093,0.06383272,0.9910172
-0.1071346,0.027408,0.06205544,0.9919274
-0.1228592,0.03531874,0.06646457,0.9895658
-0.1399426,0.04416501,0.07128774,0.986602
-0.1227267,0.03525713,0.0664341,0.9895867
-0.11567,0.0316769,0.06444943,0.9906883
-0.1196071,0.03366905,0.06555638,0.9900822
-0.1092362,0.0284526,0.06264413,0.9916317
-0.1170917,0.03239532,0.06484987,0.990472
-0.1141083,0.03089178,0.06401225,0.9909225
-0.1006449,0.02419954,0.06022879,0.9928029
-0.09824195,0.0230321,0.05956586,0.9931114
-0.1136533,0.03066286,0.06388409,0.9909902
-0.1054899,0.02659341,0.06159516,0.9921545
-0.1111108,0.02938205,0.06316258,0.9913635
-0.1226603,0.03522734,0.06642021,0.9895968
-0.1040286,0.02587015,0.06118446,0.9923534
-0.09566398,0.02177644,0.05884322,0.9934343
-0.1044661,0.02608569,0.06130638,0.9922942
-0.1100181,0.02884289,0.06286403,0.9915202
-0.1148988,0.03128921,0.06423386,0.9908044
-0.1199251,0.03382931,0.0656443,0.9900325
-0.1364241,0.04232058,0.07028925,0.9872471
-0.1304118,0.0391999,0.06859403,0.9883072
-0.1410989,0.04476846,0.07161082,0.9863867
-0.1520441,0.05055669,0.07470351,0.9842489
-0.1532036,0.05117301,0.07502969,0.9840124
-0.1518534,0.05045361,0.07464796,0.9842879
-0.148724,0.04879116,0.07376389,0.984916
-0.1701485,0.06029534,0.079822,0.9803278
-0.1710552,0.06077284,0.08006418,0.9801207
-0.1368879,0.04255706,0.07041413,0.9871638
-0.1386565,0.0434889,0.07092167,0.98684
-0.1435889,0.04607622,0.0723123,0.985916
-0.1407568,0.04459156,0.07151688,0.9864504
-0.1636311,0.05675801,0.07796936,0.9817964
-0.1618306,0.05579711,0.07746967,0.9821894
-0.1714181,0.06098787,0.08018349,0.9800342
-0.1707738,0.06063116,0.07999499,0.9801841
-0.1619991,0.05588957,0.07751893,0.9821524
-0.1707775,0.06063969,0.08000235,0.9801824
-0.1734713,0.06210622,0.08076522,0.9795547
-0.160833,0.05525681,0.0771843,0.9824063
-0.1459419,0.04731968,0.07297927,0.9854622
-0.1299116,0.03894476,0.0684566,0.9883926
-0.1292654,0.03860864,0.0682715,0.9885033
-0.1359909,0.04210258,0.0701756,0.9873244
-0.1135534,0.03060288,0.06384464,0.9910061
-0.1189618,0.03334201,0.06537547,0.9901831
-0.1333375,0.0407143,0.069418,0.9877979
-0.1246126,0.03622277,0.06696665,0.98928
-0.1473076,0.04803315,0.0733558,0.9851966
-0.144711,0.04666889,0.07263045,0.9857005
-0.1494977,0.04920169,0.07398267,0.9847621
-0.1494078,0.04915399,0.07395728,0.9847799
-0.1425014,0.04550553,0.07200716,0.9861225
-0.1310962,0.03955682,0.06879038,0.9881887
-0.1314747,0.03975191,0.06889621,0.9881232
-0.1389716,0.04365402,0.07101095,0.986782
-0.1459033,0.04729784,0.07296669,0.9854701
-0.1505257,0.04974757,0.07427292,0.9845561
-0.1514107,0.05021719,0.0745222,0.9843777
-0.1489828,0.04892887,0.07383755,0.9848645
-0.1617244,0.05573879,0.07743855,0.9822125
-0.1508005,0.04989353,0.07435062,0.9845008
-0.1297861,0.03888551,0.06842722,0.9884134
-0.1427254,0.04561653,0.07206303,0.9860809
-0.1570071,0.0532086,0.07610784,0.9832218
-0.1729115,0.06180125,0.08060666,0.979686
-0.1871596,0.0696153,0.08464523,0.9761968
-0.1849346,0.06837964,0.08400581,0.9767632
-0.1841716,0.06796639,0.0837958,0.9769542
-0.1892648,0.07077588,0.08524057,0.9756556
-0.1796466,0.06547154,0.08250444,0.9780765
-0.1689794,0.0596618,0.07949216,0.9805955
-0.1825872,0.0670958,0.0833474,0.9773501
-0.1879776,0.0700651,0.08487577,0.9759874
-0.1879934,0.07007391,0.08488026,0.9759833
-0.182377,0.06698076,0.08328828,0.9774023
-0.1715006,0.06103141,0.0802056,0.9800152
-0.1670186,0.05859967,0.07893805,0.9810401
-0.1637399,0.05681847,0.07800189,0.9817721
-0.1440351,0.04631708,0.07244423,0.9858299
-0.1533196,0.05122997,0.07505748,0.9839893
-0.1643466,0.05715432,0.07818171,0.9816371
-0.1381639,0.04323429,0.07078563,0.9869301
-0.1265402,0.03721223,0.06751074,0.9889617
-0.1177542,0.03273009,0.06503572,0.9903702
-0.1042336,0.02597137,0.06124188,0.9923257
-0.09795292,0.02289013,0.05948368,0.993148
-0.09640676,0.02213692,0.05905081,0.9933422
-0.09787878,0.02285358,0.05946236,0.9931574
-0.09864327,0.02322661,0.05967646,0.9930603
-0.1003683,0.02407025,0.0601591,0.9928381
-0.1029716,0.02534939,0.0608886,0.9924953
-0.09930585,0.02355002,0.05986144,0.9929755
-0.09613964,0.02200714,0.05897605,0.9933754
-0.08721162,0.01770996,0.05648213,0.9944296
-0.07701059,0.01290947,0.05365275,0.995502
-0.04344719,-0.002115224,0.04433099,0.9980694
0.0002098646,-0.019566,0.03238758,0.9992839
0.03268593,-0.03088984,0.0236121,0.9987091
0.05341247,-0.03733732,0.0180336,0.9977112
0.08269634,-0.04534488,0.0102513,0.99549
0.1193671,-0.05350794,0.0005743108,0.9914072
0.1233457,-0.05426519,-0.0004691659,0.9908788
0.1051756,-0.05060088,0.004298569,0.9931561
0.08426211,-0.04573688,0.009830989,0.9953448
0.06815684,-0.04153057,0.01410761,0.99671
0.07154053,-0.04244729,0.01320672,0.9964465
0.07624342,-0.04369183,0.01195946,0.9960597
0.06509984,-0.04068818,0.01491875,0.9969373
0.0556577,-0.03799498,0.01744128,0.9975743
0.05076845,-0.03654839,0.01874895,0.9978653
0.04830651,-0.0358066,0.01940808,0.9980019
0.04263712,-0.03406474,0.02092701,0.9982904
0.04041218,-0.03336807,0.02152482,0.9983938
0.03869643,-0.0328261,0.02198543,0.9984698
0.04028841,-0.03332905,0.02155815,0.9983994
0.03489864,-0.03161109,0.02300597,0.9986258
0.03096533,-0.03033068,0.0240649,0.9987703
0.02887613,-0.02964162,0.02462752,0.9988399
0.031971,-0.03066013,0.02379422,0.998735
0.0322005,-0.03073511,0.02373235,0.9987268
0.03282655,-0.03093925,0.02356386,0.9987041
0.03228557,-0.03076319,0.0237085,0.9987237
0.02793823,-0.0293301,0.02488076,0.9988694
0.02597773,-0.02867531,0.0254088,0.998928
0.0225493,-0.02751683,0.02633421,0.99902
0.02363078,-0.02788408,0.02604219,0.9989924
0.02523188,-0.02842457,0.02561052,0.9989492
0.02116064,-0.02704305,0.02670871,0.9990533
0.02066703,-0.02687372,0.02684261,0.9990646
0.0215397,-0.02717263,0.02660656,0.9990443
0.01988397,-0.02660476,0.02705396,0.999082
0.02036405,-0.02676969,0.02692454,0.9990714
0.02319738,-0.02773707,0.02615926,0.9990036
0.02721845,-0.02909031,0.02507464,0.9988915
0.0275201,-0.02919102,0.02499302,0.9988824
0.02908304,-0.02971008,0.02457191,0.9988332
0.02839338,-0.02948144,0.02475773,0.9988552
0.03149812,-0.03050545,0.02392129,0.9987517
0.03112772,-0.03038407,0.02402091,0.9987647
0.03642526,-0.03210192,0.02259597,0.9985651
0.05358137,-0.03738504,0.01799626,0.9977011
0.05750323,-0.03853174,0.01694824,0.9974574
0.06076477,-0.03946787,0.01607786,0.9972419
0.05670395,-0.03830012,0.01716094,0.9975085
0.05720058,-0.03844409,0.01702908,0.9974768
0.05416771,-0.03755848,0.01783735,0.9976658
0.04066397,-0.03344721,0.02145736,0.9983824
0.04544293,-0.0349333,0.02017283,0.9981521
0.04600251,-0.03510441,0.0200252,0.9981235
0.04200855,-0.03386891,0.02109509,0.9983202
0.03829974,-0.03269989,0.02209269,0.9984868
0.04908,-0.03604111,0.01919915,0.9979597
0.05317366,-0.03726451,0.01810529,0.9977255
0.04984691,-0.03627186,0.01899552,0.9979172
0.04796565,-0.03570331,0.01949912,0.9980202
0.04593655,-0.03508421,0.02004285,0.9981269
0.04478805,-0.03473111,0.02035073,0.9981852
0.04237837,-0.03398411,0.02099661,0.9983028
0.04505472,-0.03481324,0.02027923,0.9981717
0.0397845,-0.03317029,0.02169307,0.9984219
0.04108751,-0.03358019,0.02134344,0.998363
0.03974564,-0.03315796,0.02170384,0.9984237
0.03748697,-0.03244184,0.02230883,0.9985211
0.0362228,-0.03203692,0.02265039,0.9985733
0.03288941,-0.03095978,0.0235469,0.9987018
0.02554652,-0.02853038,0.02552565,0.9989403
0.02829412,-0.02944846,0.02478453,0.9988583
0.02824478,-0.0294321,0.02479781,0.9988599
0.02808674,-0.02937957,0.02484039,0.9988648
0.02555316,-0.02853277,0.02552336,0.9989402
0.02271117,-0.02757184,0.02629066,0.9990159
0.02331755,-0.02777778,0.02612686,0.9990006
0.02518672,-0.0284095,0.02562243,0.9989504
0.02319473,-0.02773656,0.02615891,0.9990038
0.01661393,-0.02547182,0.02793883,0.9991469
0.01690102,-0.02557206,0.02786065,0.9991418
0.018835,-0.026243,0.02733771,0.9991042
0.01664883,-0.02548413,0.02792905,0.9991463
0.01927079,-0.02639417,0.02721794,0.9990951
0.02469965,-0.02824521,0.02575414,0.998964
0.02142315,-0.02713266,0.02663837,0.9990471
0.02391828,-0.02798142,0.02596461,0.9989849
0.02180932,-0.02726455,0.0265341,0.999038
0.02284258,-0.02761652,0.02625519,0.9990126
0.02691713,-0.02898977,0.02515572,0.9989005
0.02566184,-0.02856939,0.02549377,0.9989371
0.02929631,-0.02978059,0.02451469,0.9988262
0.02693288,-0.02899505,0.02515144,0.9989001
0.02851469,-0.02952173,0.02472507,0.9988514
0.02788166,-0.02931141,0.02489551,0.9988713
0.02955592,-0.02986643,0.02444458,0.9988178
0.03101713,-0.03034767,0.02405084,0.9987684
0.03334568,-0.03110815,0.02342409,0.9986849
0.03142862,-0.03048288,0.02393939,0.9987542
0.03508133,-0.0316699,0.02295728,0.9986187
0.03571644,-0.0318744,0.02278632,0.9985936
0.03419195,-0.03138259,0.02319645,0.9986531
0.03190498,-0.03063852,0.02381195,0.9987373
0.02874458,-0.02959809,0.02466277,0.998844
0.0288662,-0.02963833,0.0246303,0.9988402
0.02726545,-0.02910606,0.02506177,0.9988902
0.01620301,-0.0253298,0.02804663,0.9991543
0.004489576,-0.02114169,0.03122651,0.9992787
0.001596843,-0.02007964,0.03201045,0.9992846
-0.001857448,-0.01879553,0.03294994,0.9992785
-0.009563578,-0.01587293,0.03504976,0.9992137
-0.01482619,-0.01383204,0.03648615,0.9991284
-0.01271797,-0.01465424,0.03590993,0.9991666
-0.008647697,-0.01622457,0.03479965,0.9992252
-0.009482752,-0.0159043,0.03502712,0.9992148
-0.01387761,-0.01420255,0.0362271,0.9991462
-0.01604024,-0.01335585,0.03681816,0.999104
-0.02037317,-0.01164127,0.03800315,0.9990021
-0.03066532,-0.00747127,0.04082529,0.9986677
-0.03685611,-0.004898108,0.04252756,0.9984033
-0.04707118,-0.0005516147,0.04533925,0.9978619
-0.05386454,0.002410864,0.0472176,0.9974284
-0.06466953,0.007231683,0.05020933,0.9966165
-0.0732145,0.01113937,0.05258383,0.9958667
-0.07446114,0.01171586,0.05292986,0.9957493
-0.07898916,0.01382444,0.05418975,0.9953055
-0.07471559,0.01183355,0.05300054,0.995725
-0.07373594,0.01138056,0.05272897,0.9958178
-0.08288189,0.01565378,0.05527268,0.9949023
-0.0750641,0.01199507,0.0530973,0.9956918
-0.07483258,0.01188408,0.05302788,0.9957143
-0.08724701,0.01772828,0.05649402,0.9944255
-0.08960892,0.0188555,0.05715085,0.9941572
-0.09132244,0.01967838,0.0576296,0.9939576
-0.09257189,0.02027989,0.05797825,0.9938096
-0.09432239,0.02112582,0.05846775,0.9935988
-0.09016165,0.01912065,0.05730534,0.9940932
-0.08750211,0.01784815,0.0565629,0.994397
-0.08552711,0.01690635,0.05600973,0.9946166
-0.07651974,0.01267375,0.05350542,0.9955508
-0.06423146,0.007031573,0.05008469,0.9966525
-0.05594757,0.00332982,0.04779373,0.9972835
-0.05563415,0.003179574,0.04768877,0.9973066
-0.04561042,-0.001191605,0.04491917,0.9979481
-0.0642234,0.007031724,0.05008824,0.9966528
-0.06428323,0.00705746,0.05010285,0.9966481
-0.06157345,0.005804256,0.04930076,0.9968674
-0.02698147,-0.008967533,0.03983432,0.9988016
-0.04914539,0.000343126,0.04590609,0.9977361
-0.04423974,-0.001768574,0.04456001,0.9980251
-0.03789555,-0.00446204,0.04281265,0.9983541
-0.03626188,-0.005147773,0.04236297,0.9984307
-0.03793083,-0.004447464,0.042822,0.9983525
-0.03964671,-0.003723617,0.04329443,0.9982684
-0.03878215,-0.004088977,0.04305604,0.9983113
-0.04309525,-0.002266843,0.04423003,0.9980888
-0.05507478,0.002945229,0.04755402,0.9973449
-0.05026374,0.0008343329,0.04622243,0.9976655
-0.04942479,0.0004691108,0.04599065,0.9977183
-0.04470985,-0.001567213,0.04468922,0.9979987
-0.03958135,-0.00375134,0.0432763,0.9982717
-0.03947088,-0.003797922,0.04324601,0.9982772
-0.04229885,-0.002597835,0.04402502,0.9981312
-0.04585977,-0.001073133,0.04500633,0.997933
-0.04631386,-0.0008772321,0.04513209,0.9979066
-0.04886475,0.0002260034,0.04583612,0.9977531
-0.05238856,0.001762768,0.04680971,0.9975275
-0.05371196,0.002344045,0.04717585,0.9974387
-0.04574227,-0.001124068,0.04497329,0.9979398
-0.05803568,0.004256075,0.04837168,0.9971328
-0.05915758,0.004755835,0.04868235,0.9970496
-0.06046958,0.005342249,0.04904581,0.99695
-0.06403854,0.006946728,0.05003473,0.996668
-0.06332491,0.006624883,0.04983709,0.9967258
-0.06279443,0.006385854,0.04969,0.9967682
-0.06368612,0.006787691,0.04993698,0.9966967
-0.07380424,0.01141096,0.05274627,0.9958115
-0.08270551,0.01557163,0.05522515,0.9949208
-0.09796306,0.02289324,0.05948429,0.9931469
-0.113651,0.03066196,0.06388384,0.9909905
-0.1178984,0.0328039,0.06507706,0.9903478
-0.1216853,0.03472618,0.06614115,0.9897537
-0.1253924,0.03661808,0.0671818,0.9891524
-0.1205847,0.03416502,0.06583049,0.9899285
-0.1270123,0.03745157,0.06764023,0.9888833
-0.1281511,0.03803726,0.06796078,0.9886919
-0.1196159,0.03367374,0.06555922,0.9900808
-0.1216955,0.03473081,0.06614342,0.9897521
-0.1093452,0.02850619,0.06267396,0.9916164
-0.0996785,0.02373265,0.05996618,0.9929276
-0.09763651,0.02273544,0.05939466,0.9931881
-0.09981234,0.02379819,0.06000369,0.9929103
-0.09975995,0.02377257,0.05998904,0.9929169
-0.09730035,0.02257181,0.05930069,0.9932304
-0.0867764,0.01750166,0.05635975,0.9944783
-0.08308293,0.01574958,0.0553299,0.9948809
-0.08134989,0.01493203,0.05484658,0.9950633
-0.08251607,0.01548219,0.05517229,0.9949409
-0.08234572,0.01540138,0.05512426,0.9949589
-0.08043169,0.01450043,0.05459106,0.9951584
-0.08281068,0.01562125,0.05525453,0.9949097
-0.08338103,0.01589082,0.0554134,0.994849
-0.0835109,0.01595215,0.05544955,0.9948351
-0.08414032,0.01625021,0.05562519,0.9947674
-0.08674666,0.01748797,0.05635186,0.9944816
-0.08448338,0.01641271,0.05572077,0.9947303
-0.0814607,0.01498487,0.05487833,0.9950517
-0.08122655,0.01487452,0.05481293,0.9950761
-0.07958455,0.01410339,0.05435568,0.9952451
-0.07577446,0.01232502,0.05329492,0.9956234
-0.07570424,0.01229224,0.05327541,0.9956303
-0.07393704,0.01147284,0.05278388,0.995799
-0.07516612,0.01204228,0.05312571,0.9956821
-0.07786297,0.01329785,0.05387619,0.9954184
-0.07586952,0.01236916,0.05332146,0.9956142
-0.07480432,0.01187466,0.05302512,0.9957167
-0.07106233,0.01014718,0.05198472,0.9960647
-0.07529481,0.01210214,0.05316155,0.9956697
-0.08005637,0.0143241,0.05448626,0.9951971
-0.0825233,0.01548513,0.05517379,0.9949402
-0.08069936,0.01462664,0.05466616,0.9951308
-0.07820173,0.01345607,0.05397046,0.9953846
-0.07962676,0.01412315,0.05436726,0.9952408
-0.08026107,0.01442055,0.05454376,0.995176
-0.08113978,0.0148337,0.05478879,0.9950852
-0.0818681,0.01517658,0.05499174,0.9950091
-0.0838147,0.01609577,0.05553412,0.9948025
-0.08190135,0.01519267,0.05500139,0.9950056
-0.08824109,0.01820045,0.05676832,0.9943136
-0.08897527,0.01855218,0.05697411,0.9942299
-0.08216999,0.01531936,0.05507636,0.9949774
-0.0828156,0.01562364,0.05525577,0.9949092
-0.08234474,0.01540142,0.05512448,0.994959
-0.0817959,0.01514261,0.05497159,0.9950167
-0.08543139,0.01686266,0.05598531,0.9946269
-0.08680716,0.01751687,0.05636902,0.9944749
-0.09066712,0.01936327,0.0574465,0.9940344
-0.09540892,0.02165241,0.05877168,0.9934657
-0.0912878,0.01966178,0.05761993,0.9939617
-0.0887544,0.01844832,0.05691494,0.9942549
-0.07495893,0.01194274,0.05306312,0.9957022
-0.08057575,0.01456853,0.05463165,0.9951436
-0.08455888,0.01644821,0.05574135,0.9947221
-0.08000515,0.0143011,0.05447343,0.9952022
-0.07379495,0.01140693,0.05274396,0.9958124
-0.08170389,0.01509931,0.05494594,0.9950263
-0.06763268,0.008532155,0.05096341,0.9963713
-0.01985846,-0.01182826,0.03789357,0.9990143
-0.02800615,-0.008561918,0.04009458,0.9987666
-0.01592606,-0.01340077,0.03678678,0.9991063
-0.004424108,-0.01783049,0.03364977,0.9992649
-0.00872212,-0.01619598,0.03482024,0.9992243
-0.01310565,-0.01450344,0.03601592,0.99916
-0.01017678,-0.01563719,0.03521675,0.9992055
-0.01872176,-0.01229806,0.03755044,0.9990436
-0.01154903,-0.01510704,0.03559185,0.9991854
-0.01243904,-0.01476197,0.03583502,0.9991712
-0.003589118,-0.01814578,0.03342129,0.9992703
0.00340633,-0.02074867,0.03151204,0.9992822
0.01423619,-0.02463852,0.02858307,0.9991864
0.003494232,-0.0207782,0.03149465,0.9992819
0.01103808,-0.02350622,0.02944806,0.9992289
0.0185205,-0.02613316,0.02742582,0.9991106
0.03349258,-0.03116338,0.02336149,0.9986798
0.04395899,-0.03447374,0.02057724,0.9982262
0.05881287,-0.03890963,0.01659854,0.9973724
0.0206409,-0.02685986,0.02686427,0.999065
0.02396525,-0.02799809,0.02594979,0.9989837
0.03273061,-0.03090793,0.02358992,0.9987075
0.03911745,-0.03295943,0.02187248,0.9984514
0.03899445,-0.03292042,0.02190568,0.9984567
0.04255657,-0.03403975,0.02094835,0.9982943
0.05004423,-0.03633131,0.01894229,0.9979062
0.05213849,-0.03695742,0.0183822,0.9977865
0.04609581,-0.03513291,0.0200005,0.9981186
0.04801286,-0.03571757,0.01948688,0.9980177
0.04214948,-0.03391211,0.02105989,0.9983135
0.05703327,-0.03839558,0.01707379,0.9974875
0.06034971,-0.03935069,0.01618398,0.99727
0.0717532,-0.04250384,0.01315254,0.9964296
0.07311019,-0.04286439,0.01279954,0.9963202
0.0421042,-0.03389841,0.02107062,0.9983157
0.036876,-0.03224612,0.02247498,0.9985466
0.03369723,-0.0312224,0.02332921,0.9986718
0.03455104,-0.03149879,0.0230998,0.9986393
0.03920865,-0.03298824,0.02184796,0.9984474
0.03938003,-0.03304243,0.02180197,0.9984399
0.04053709,-0.03340744,0.02149095,0.9983882
0.04317289,-0.03423123,0.02078392,0.9982646
0.04195749,-0.0338526,0.02110999,0.9983226
0.03753794,-0.03245753,0.02229692,0.9985191
0.03952456,-0.03308807,0.02176336,0.9984334
0.04361658,-0.03436903,0.02066446,0.9982432
0.04530843,-0.03489136,0.02021123,0.9981589
0.05492215,-0.03777915,0.01763989,0.9976197
0.06731061,-0.04130107,0.01432143,0.996774
0.06928844,-0.04183931,0.01380532,0.9966233
0.06304498,-0.04011303,0.01546948,0.9970843
0.03554844,-0.0318219,0.0228266,0.9986004
0.05578669,-0.03803091,0.01741356,0.9975662
0.06779256,-0.04143177,0.01420047,0.9967377
0.05647517,-0.03823335,0.01722287,0.997523
0.0634511,-0.04022713,0.01536096,0.9970555
0.06856937,-0.0416432,0.0139982,0.9966785
0.07106792,-0.04232028,0.01333295,0.996484
0.07275567,-0.04277211,0.01288422,0.9963489
0.05971716,-0.03917092,0.0163491,0.9973125
0.09067325,-0.04730009,0.008134549,0.9947236
0.1145559,-0.0525582,0.001837026,0.9920238
0.1350333,-0.05634245,-0.003529379,0.9892315
0.1500537,-0.05868526,-0.007445859,0.9869065
0.1615472,-0.06022525,-0.01045462,0.9849702
0.1848973,-0.0626777,-0.0164989,0.9806183
0.1774283,-0.06199365,-0.01456384,0.9820712
0.1397269,-0.05711424,-0.004772499,0.98853
0.0998617,-0.04942849,0.005722702,0.9937564
0.07252803,-0.04271252,0.01293877,0.9963674
0.05229977,-0.03700534,0.01833905,0.997777
0.03982011,-0.03318071,0.02168651,0.9984203
0.05440335,-0.03762863,0.01777196,0.9976516
0.08074224,-0.0448515,0.01076521,0.9956672
0.1112511,-0.05188427,0.002706528,0.9924333
0.1428501,-0.0576078,-0.005565061,0.9880507
0.1586685,-0.05986083,-0.009693353,0.985468
0.1679411,-0.06098893,-0.0121015,0.9838342
0.1778772,-0.06203744,-0.01468019,0.9819854
0.1675164,-0.06093797,-0.0120106,0.9839109
0.1902909,-0.06311432,-0.01788603,0.9795336
0.2013711,-0.06384917,-0.02076463,0.9772112
0.2132902,-0.06440748,-0.02383513,0.9745721
0.2235846,-0.06468929,-0.02649008,0.9721745
0.20899,-0.06423554,-0.02272328,0.9755412
0.2224437,-0.06466497,-0.02620427,0.9724455
0.2304663,-0.06477447,-0.02826198,0.9705106
0.2476429,-0.06462105,-0.03268067,0.9661413
0.250065,-0.06455385,-0.03331249,0.9655002
0.258076,-0.06427189,-0.03535856,0.9633357
0.2280264,-0.06475396,-0.02763345,0.9711063
0.2087019,-0.06421794,-0.02266944,0.9756052
0.1708651,-0.0613159,-0.01285523,0.9833007
0.150247,-0.05871291,-0.007497656,0.9868751
0.1273387,-0.05499975,-0.001515761,0.9903321
0.124027,-0.05439232,-0.0006476133,0.9907867
0.1301058,-0.05549363,-0.002240986,0.9899434
0.1431743,-0.0576582,-0.005654084,0.9880003
0.1634597,-0.06046166,-0.01093844,0.9846348
0.1759223,-0.06184384,-0.01417637,0.9823573
0.1894398,-0.06304785,-0.01767236,0.9797066
0.1930797,-0.06331842,-0.0186155,0.9789609
0.1867658,-0.06283407,-0.01698246,0.9802459
0.179318,-0.06217439,-0.01506135,0.981709
0.1959869,-0.06351916,-0.01936331,0.9783555
0.200988,-0.06383064,-0.02065064,0.9772937
0.2350141,-0.06478468,-0.02943305,0.9693838
0.2230067,-0.06467902,-0.02633905,0.9723122
0.2209108,-0.06463456,-0.02579888,0.9728079
0.229454,-0.06476683,-0.02800249,0.9707585
0.2403586,-0.06474979,-0.03080887,0.9680319
0.2678522,-0.06376314,-0.03787542,0.9606013
0.2659873,-0.0638711,-0.03740181,0.9611308
0.2761747,-0.06318884,-0.04002696,0.9581923
0.2695891,-0.06365184,-0.0383295,0.9601047
0.2354176,-0.06478107,-0.02954697,0.9692826
0.2142648,-0.06444709,-0.02406682,0.97435
0.1858016,-0.06274872,-0.01676173,0.9804384
0.168592,-0.06106262,-0.01227152,0.9837162
0.1451231,-0.05795711,-0.00615983,0.9876955
0.1393364,-0.05705125,-0.004653797,0.9885893
0.1382289,-0.05687179,-0.004361986,0.9887564
0.1548213,-0.05935107,-0.008691585,0.9861198
0.1661628,-0.06078332,-0.01164376,0.9841543
0.1789086,-0.06213734,-0.0149438,0.9817878
0.190995,-0.06316543,-0.01807983,0.9793897
0.1987442,-0.0636946,-0.02008007,0.9777733
0.1958499,-0.0635094,-0.0193312,0.9783843
0.1857332,-0.06274782,-0.01671859,0.9804521
0.2002434,-0.06378172,-0.02048319,0.9774533
0.2093795,-0.0642518,-0.02282622,0.9754542
0.2209512,-0.06463491,-0.02581131,0.9727983
0.2316623,-0.06478091,-0.02856921,0.9702164
0.2291823,-0.06476472,-0.02793188,0.9708248
0.2283755,-0.06475761,-0.0277234,0.9710213
0.2317016,-0.06477883,-0.02858656,0.9702066
0.2419437,-0.06473038,-0.03121419,0.9676254
0.222303,-0.06466313,-0.02616408,0.972479
0.2238024,-0.06469362,-0.0265452,0.9721227
0.2327196,-0.0647833,-0.0288449,0.9699549
0.2163919,-0.06451236,-0.02463401,0.9738613
0.2069313,-0.06414077,-0.02219488,0.9759983
0.2040108,-0.06399503,-0.02144038,0.9766394
0.2011545,-0.06383795,-0.02070298,0.9772579
0.1989515,-0.06370749,-0.02013312,0.9777292
0.2062045,-0.06410585,-0.02200758,0.9761587
0.2026764,-0.06392334,-0.02109585,0.9769294
0.1985364,-0.06368147,-0.02002727,0.9778174
0.1911103,-0.06317463,-0.01810595,0.9793661
0.1863665,-0.06280143,-0.01687757,0.9803258
0.1720358,-0.06144112,-0.01316531,0.9830846
0.1690454,-0.0611135,-0.01239018,0.9836336
0.1738891,-0.06163658,-0.01364559,0.9827397
0.1789855,-0.062144,-0.01496727,0.981773
0.1679556,-0.06099047,-0.01210628,0.9838316
0.1690686,-0.06111618,-0.0123954,0.9836295
0.1652703,-0.0606789,-0.01140711,0.9843138
0.1516002,-0.058905,-0.007855876,0.9866539
0.1602615,-0.0600649,-0.01010705,0.9851936
0.1526009,-0.05904563,-0.008112305,0.9864891
0.1647014,-0.06061045,-0.01126742,0.984415
0.1732915,-0.06157434,-0.01348969,0.9828513
0.1815025,-0.06237862,-0.01561957,0.9812858
0.1889172,-0.06300665,-0.01753934,0.9798126
0.1906832,-0.06314284,-0.01799415,0.9794536
0.1742648,-0.06167481,-0.01374804,0.9826694
0.1665918,-0.06083366,-0.01175215,0.9840773
0.1626938,-0.06036806,-0.01074125,0.9847695
0.170056,-0.06122616,-0.01265049,0.9834492
0.1628914,-0.06039246,-0.01079069,0.9847348
0.1526648,-0.05905449,-0.008130026,0.9864785
0.1495124,-0.05860705,-0.007309082,0.9869944
0.1436394,-0.05772993,-0.005777369,0.9879279
0.1438292,-0.05775909,-0.005826793,0.9878983
0.1480147,-0.05838871,-0.00691847,0.9872358
0.14804,-0.05839244,-0.00692616,0.9872317
0.1407355,-0.05727534,-0.005018168,0.9883764
0.1468071,-0.05820997,-0.006604613,0.9874288
0.1533949,-0.05915563,-0.008320246,0.9863576
0.1667366,-0.06085057,-0.01178872,0.9840514
0.1720181,-0.06143925,-0.01316051,0.9830878
0.1748439,-0.06173585,-0.0138871,0.9825607
0.1485124,-0.05846158,-0.007048188,0.9871559
0.1413814,-0.05737763,-0.005189021,0.9882774
0.1390259,-0.05700107,-0.004574738,0.9886363
0.1399797,-0.05715464,-0.004821653,0.9884917
0.1313063,-0.05570405,-0.002554495,0.9897722
0.1223885,-0.0540853,-0.0002176506,0.9910075
0.1235868,-0.05431021,-0.0005323584,0.9908463
0.1192498,-0.05348512,0.0006047362,0.9914225
0.1138567,-0.05241703,0.002021492,0.9921114
0.1156639,-0.05278012,0.001545341,0.9918839
0.1284306,-0.05519615,-0.00180216,0.9901797
0.1206551,-0.05375585,0.0002365452,0.9912379
0.140599,-0.05725355,-0.004983606,0.9883972
0.1317302,-0.05577766,-0.002678074,0.9897115
0.1646439,-0.06060465,-0.01124125,0.9844253
0.189048,-0.06301636,-0.01757651,0.9797862
0.2049157,-0.06404171,-0.02167406,0.9764417
0.2132392,-0.06440538,-0.0238231,0.9745836
0.2064488,-0.06411959,-0.0220617,0.9761049
0.1836177,-0.06256461,-0.01618213,0.9808711
0.1638754,-0.06051194,-0.01104646,0.9845613
0.1424462,-0.05754504,-0.005461456,0.9881133
0.1298065,-0.05544079,-0.00216542,0.9899858
0.1112645,-0.05188718,0.002701211,0.9924318
0.1041753,-0.05038337,0.004569191,0.9932715
0.09159423,-0.04751976,0.007889856,0.9946307
0.08807974,-0.04667553,0.008819847,0.9949802
0.08284307,-0.04538259,0.01020463,0.9954764
0.07906254,-0.04442234,0.01120916,0.9958163
0.07687307,-0.04385652,0.01178942,0.9960061
0.06941614,-0.0418731,0.01377533,0.9966134
0.05485209,-0.03776003,0.01765281,0.9976242
0.04231741,-0.03396498,0.02101337,0.9983057
0.03518697,-0.03170396,0.02292889,0.9986145
0.03116092,-0.03039345,0.02401668,0.9987634
0.04877122,-0.03595004,0.01927405,0.9979767
0.05571981,-0.03801314,0.01742468,0.9975704
0.07137309,-0.04240271,0.01324949,0.99646
0.0979807,-0.04900528,0.006192996,0.9939618
0.1083787,-0.05128417,0.003468306,0.9927799
0.1293507,-0.05536007,-0.002042634,0.9900503
0.143577,-0.05772037,-0.005759051,0.9879377
0.1426915,-0.05758304,-0.005529162,0.9880753
0.1324646,-0.05590483,-0.002859514,0.9896058
0.1309907,-0.05564896,-0.002471911,0.9898176
0.1456768,-0.05804062,-0.006309838,0.9876081
0.1311821,-0.05568235,-0.002517524,0.9897901
0.1137095,-0.05238745,0.00205506,0.9921297
0.1007902,-0.04963733,0.00546147,0.9936537
0.09306246,-0.04786665,0.007502172,0.9944807
0.08656702,-0.04630636,0.009219922,0.9951265
0.07696908,-0.04388054,0.01176873,0.9959978
0.05382906,-0.03745815,0.01793005,0.9976863
0.03590422,-0.03193378,0.02273916,0.998586
0.03052634,-0.03018675,0.02418206,0.9987853
0.02573427,-0.02859344,0.02547508,0.998935
0.02038642,-0.02677745,0.02691846,0.9990709
0.01301369,-0.02420729,0.02891351,0.999204
-0.004287418,-0.0178878,0.03360039,0.9992661
-0.01484262,-0.01382479,0.03649223,0.999128
-0.01776212,-0.01267746,0.03728873,0.9990662
-0.01007725,-0.01567655,0.03518749,0.9992069
0.005441822,-0.02148972,0.0309663,0.9992746
0.01876076,-0.0262166,0.02735994,0.9991056
0.03859749,-0.03279465,0.02201214,0.9984739
0.03931327,-0.03302139,0.02181988,0.9984428
0.03855899,-0.03278235,0.02202263,0.9984757
0.03314698,-0.03104356,0.0234776,0.9986923
0.03980115,-0.03317554,0.02168885,0.9984212
0.04458877,-0.03467054,0.02040091,0.9981952
0.05571558,-0.03801144,0.01742762,0.9975706
0.05875979,-0.0388931,0.01661839,0.9973757
0.08358792,-0.04556884,0.01000913,0.9954077
0.1023773,-0.04998925,0.005043815,0.993476
0.1149079,-0.05262877,0.001745714,0.9919795
0.1131799,-0.05227967,0.002198711,0.9921957
0.1114958,-0.05193477,0.002642169,0.9924034
0.1167557,-0.05299694,0.001260399,0.9917449
0.120877,-0.05379836,0.0001746546,0.9912086
0.1229292,-0.05418708,-0.0003600465,0.9909349
0.1274553,-0.05502083,-0.001546284,0.9903158
0.1281577,-0.05514727,-0.00173016,0.9902179
0.126381,-0.05482582,-0.001263891,0.9904647
0.1125601,-0.05215342,0.002359132,0.9922725
0.1076815,-0.05113702,0.003645736,0.9928628
0.1069197,-0.05097618,0.003831637,0.9929527
0.09643437,-0.04865212,0.006599272,0.9941277
0.1020589,-0.04991898,0.005127815,0.9935119
0.08915756,-0.04693656,0.008534297,0.9948744
0.07791396,-0.04412613,0.01151523,0.9959164
0.07576366,-0.04356719,0.0120824,0.9961003
0.07826184,-0.04421607,0.01142273,0.9958863
0.09697217,-0.04877419,0.006468954,0.9940703
0.08137177,-0.04501101,0.01059883,0.9956105
0.08297851,-0.0454157,0.0101749,0.995464
0.102143,-0.04993839,0.005097213,0.9935023
0.08346433,-0.04553796,0.01004189,0.9954191
0.08168543,-0.04509085,0.01051231,0.9955822
0.09087422,-0.04734831,0.008080717,0.9947034
0.09735234,-0.04886108,0.006369501,0.9940294
0.1095491,-0.0515305,0.003154234,0.9926397
0.1084294,-0.0512953,0.003448213,0.9927739
0.1093332,-0.05148547,0.003209074,0.9926656
0.1070214,-0.05099645,0.003821271,0.9929407
0.09415607,-0.04812292,0.007212728,0.9943675
0.0861579,-0.04620584,0.009328853,0.9951656
0.08520451,-0.04597076,0.009580832,0.9952562
0.08507667,-0.04593911,0.009614744,0.9952683
0.08266611,-0.04533786,0.01025342,0.9954928
0.08380013,-0.04562206,0.009951548,0.995388
0.07865567,-0.04431767,0.01131733,0.995852
0.08235912,-0.04526066,0.01033475,0.9955208
0.08186568,-0.04513622,0.01046562,0.9955658
0.08836938,-0.04674603,0.008741962,0.9949519
0.09826695,-0.04906935,0.006129244,0.9939308
0.1126616,-0.05217421,0.00233231,0.99226
0.118908,-0.05341882,0.0006947774,0.9914669
0.1302518,-0.0555191,-0.002294919,0.9899225
0.1579973,-0.05977431,-0.009510541,0.9855828
0.1557242,-0.05947296,-0.008925799,0.9859681
0.1669399,-0.06087397,-0.01184255,0.9840147
0.1798311,-0.06222415,-0.01518618,0.9816101
0.1938291,-0.06337069,-0.0188126,0.9788057
0.1987622,-0.06369598,-0.0200835,0.9777694
0.2075603,-0.06417038,-0.02235672,0.9758591
0.2099762,-0.06427725,-0.02298066,0.9753207
0.2069753,-0.06414324,-0.02220443,0.9759887
0.1972587,-0.06360058,-0.01969955,0.9780878
0.199418,-0.06373569,-0.02025414,0.9776298
0.1861659,-0.0627848,-0.0168255,0.9803658
0.1876304,-0.06290435,-0.01720614,0.9800724
0.1901299,-0.06310055,-0.01785313,0.9795664
0.1905483,-0.06313233,-0.0179612,0.979481
0.1997012,-0.0637527,-0.0203278,0.9775694
0.2069967,-0.06414444,-0.02220966,0.9759839
0.2158655,-0.06449511,-0.02450052,0.9739826
0.225034,-0.06471443,-0.02686262,0.9718283
0.2381961,-0.06476928,-0.03025436,0.9685826
0.2236071,-0.06469049,-0.0264934,0.9721693
0.2229069,-0.06467686,-0.02631442,0.9723358
0.2245025,-0.06470571,-0.02672565,0.9719555
0.2110776,-0.06432195,-0.02326794,0.9750731
0.201252,-0.06384382,-0.02072695,0.977237
0.2032776,-0.06395628,-0.02125008,0.976799
0.2131731,-0.06440315,-0.02380497,0.9745988
0.2050712,-0.06404962,-0.02171465,0.9764076
0.207826,-0.06418228,-0.02242682,0.9758002
0.2050086,-0.06404658,-0.02169753,0.9764214
0.2120952,-0.06436274,-0.0235269,0.9748433
0.2089482,-0.06423304,-0.02271514,0.9755505
0.2102319,-0.06428798,-0.02304642,0.9752632
0.2130293,-0.06439774,-0.02376863,0.9746314
0.214197,-0.06443974,-0.02406902,0.9743654
0.2207498,-0.06463052,-0.02575816,0.9728457
0.2204072,-0.06462248,-0.02566969,0.9729263
0.2266456,-0.06473728,-0.02727909,0.9714406
0.2315185,-0.06478015,-0.02853289,0.9702518
0.229724,-0.06476939,-0.02807069,0.9706925
0.228716,-0.0647608,-0.02781109,0.9709385
0.2197935,-0.0646077,-0.02551039,0.9730704
0.2359093,-0.06478228,-0.02966355,0.9691595
0.2218228,-0.06465445,-0.02603533,0.9725927
0.2303835,-0.06477457,-0.02823892,0.9705309
0.2384681,-0.0647673,-0.03032426,0.9685135
0.2338563,-0.06478559,-0.02913492,0.9696727
0.2279272,-0.06475089,-0.02761482,0.9711303
0.2115832,-0.06434396,-0.02339052,0.9749591
0.2025203,-0.06391443,-0.02105734,0.9769632
0.1971541,-0.06359448,-0.01966916,0.97811
0.1967174,-0.06356627,-0.01955651,0.978202
0.2030707,-0.06394486,-0.02119772,0.9768439
0.2107593,-0.06430967,-0.0231828,0.9751448
0.210749,-0.06430937,-0.02317962,0.9751471
0.2050495,-0.06404848,-0.02170917,0.9764125
0.1965272,-0.06355391,-0.01950723,0.978242
0.1929096,-0.06330615,-0.01857162,0.978996
0.1886378,-0.06298474,-0.0174669,0.9798692
0.1824078,-0.06246017,-0.01585456,0.981109
0.185628,-0.06273954,-0.01668845,0.9804732
0.182531,-0.06247155,-0.01588419,0.9810848
0.1690566,-0.06111486,-0.01239212,0.9836317
0.1675721,-0.06094652,-0.01200794,0.9839008
0.1605302,-0.06009925,-0.01017407,0.985147
0.1489048,-0.05851898,-0.0071444,0.9870926
0.1150579,-0.05265891,0.001705865,0.9919606
0.07357239,-0.042998,0.01262638,0.9962825
0.01011881,-0.02317807,0.02970359,0.9992387
-0.02487277,-0.009836351,0.03923373,0.998872
-0.02634001,-0.009240363,0.03963788,0.9988241
-0.003052999,-0.01834559,0.03327901,0.9992731
0.004654645,-0.02120243,0.03118057,0.999278
0.004437113,-0.02112317,0.03123933,0.9992788
0.01140049,-0.02363525,0.02934984,0.9992247
0.01032322,-0.02325102,0.02964181,0.9992367
0.005267829,-0.0214261,0.03101409,0.9992754
-0.008262582,-0.0163733,0.03469202,0.9992298
-0.002553431,-0.01853496,0.03313934,0.9992757
-0.009140319,-0.01604485,0.03491421,0.9992197
0.01543598,-0.02505668,0.02826589,0.9991671
0.00520501,-0.02140419,0.03102891,0.9992756
0.01188086,-0.02380605,0.02921971,0.9992188
-0.001207597,-0.01903874,0.0327724,0.9992808
-0.01068687,-0.01543999,0.03535708,0.9991983
-0.01340627,-0.0143863,0.03609833,0.9991547
-0.01574975,-0.01347002,0.03673862,0.99911
-0.01963985,-0.0119331,0.03780262,0.9990209
-0.01944599,-0.01201022,0.03774947,0.9990258
-0.02204999,-0.01097015,0.03846418,0.9989564
-0.03612934,-0.005203365,0.04232645,0.9984368
-0.03170083,-0.007044491,0.04110944,0.9986268
-0.01886222,-0.01224495,0.03758374,0.9990404
-0.01254547,-0.01472049,0.03586452,0.9991695
-0.005552821,-0.0174041,0.0339561,0.9992564
-0.01170943,-0.01504659,0.03563214,0.9991831
0.00149342,-0.0200409,0.03203969,0.9992846
0.003192951,-0.02066714,0.03157756,0.9992825
0.01160175,-0.02370689,0.02929529,0.9992222
0.04212895,-0.03390699,0.02106014,0.9983145
0.06401549,-0.04038299,0.01522019,0.9970154
0.08065932,-0.04483081,0.01078436,0.9956746
0.1050615,-0.0505757,0.004335698,0.9931694
0.1245865,-0.05449608,-0.0007899511,0.9907107
0.1358292,-0.05647564,-0.003747708,0.9891143
0.1388432,-0.05697166,-0.00452297,0.9886639
0.1541815,-0.05926383,-0.008525001,0.9862267
0.1476779,-0.05833922,-0.006830042,0.9872898
0.1512522,-0.05885594,-0.007763308,0.986711
0.1565768,-0.05958682,-0.009148379,0.9858242
0.1592251,-0.05993284,-0.009837472,0.9853722
0.1457071,-0.05804483,-0.006323032,0.9876033
0.164884,-0.06063336,-0.01130388,0.9843826
0.1745707,-0.06170662,-0.0138249,0.9826119
0.1755026,-0.06180195,-0.01406459,0.9824365
0.1788193,-0.06212827,-0.01492417,0.981805
0.1891236,-0.06302217,-0.017596,0.9797708
0.1864242,-0.06280565,-0.01689564,0.9803143
0.1919282,-0.06323505,-0.0183181,0.9791983
0.1991334,-0.06371842,-0.02018069,0.9776905
0.2086073,-0.06421768,-0.02262815,0.9756265
0.207881,-0.06418505,-0.02244,0.975788
0.2097932,-0.06426957,-0.02293296,0.9753616
0.2008301,-0.063819,-0.02062001,0.9773276
0.2078314,-0.06418309,-0.02242583,0.975799
0.2007316,-0.06381344,-0.02059397,0.9773487
0.1938905,-0.0633755,-0.01882553,0.9787929
0.196227,-0.06353413,-0.01942969,0.978305
0.1953295,-0.06347434,-0.01919787,0.9784931
0.1985416,-0.06368206,-0.02002769,0.9778162
0.1965611,-0.06355616,-0.01951587,0.9782348
0.1873736,-0.06288365,-0.01713946,0.980124
0.1963626,-0.06354292,-0.0194653,0.9782766
0.1994253,-0.06373622,-0.02025584,0.9776283
0.1973323,-0.06360596,-0.01971518,0.9780724
0.2061753,-0.0641047,-0.02199849,0.9761651
0.2053511,-0.06406389,-0.02178638,0.9763463
0.2070252,-0.06414542,-0.02221857,0.9759776
0.2108372,-0.06431289,-0.02320237,0.9751272
0.2106355,-0.06430474,-0.02315033,0.9751726
0.2091768,-0.06424306,-0.0227739,0.9754995
0.2103123,-0.06429139,-0.02306695,0.9752452
0.2115702,-0.06434234,-0.02339147,0.974962
0.2139132,-0.06442913,-0.02399831,0.9744302
0.2070299,-0.06414568,-0.02221964,0.9759765
0.206624,-0.06412659,-0.02211358,0.9760662
0.219611,-0.06460272,-0.025465,0.9731131
0.2205338,-0.06462534,-0.02570277,0.9728966
0.2177253,-0.06455167,-0.02497921,0.9735526
0.2228131,-0.06467442,-0.02629212,0.9723581
0.2225672,-0.06467002,-0.02622695,0.9724165
0.2207533,-0.06463005,-0.0257612,0.9728449
0.218236,-0.0645657,-0.02511223,0.973434
0.2125482,-0.06437948,-0.02364576,0.9747407
0.2230923,-0.06468029,-0.02636226,0.9722917
0.2155613,-0.06448539,-0.0244223,0.9740525
0.2045408,-0.06402283,-0.02157615,0.9765238
0.1961593,-0.06352967,-0.019412,0.9783193
0.1856218,-0.06273907,-0.01668632,0.9804744
0.1881556,-0.06294663,-0.01734132,0.9799665
0.1793037,-0.06217351,-0.01505486,0.9817118
0.1648928,-0.06063391,-0.01131106,0.9843809
0.1674953,-0.06093785,-0.0119868,0.9839147
0.1637105,-0.06049201,-0.01100349,0.9845905
0.163633,-0.06048268,-0.01098356,0.9846042
0.1586807,-0.05986257,-0.009695931,0.9854658
0.1633605,-0.06044972,-0.01091259,0.9846523
0.1705632,-0.06128185,-0.01278269,0.9833561
0.1693575,-0.06114838,-0.01247075,0.9835768
0.1669372,-0.06087363,-0.01184173,0.9840153
0.1646782,-0.06060834,-0.01125503,0.9844192
0.1358256,-0.05647537,-0.003733844,0.9891148
0.1234627,-0.05428713,-0.0004971274,0.9908631