-0.03257963,-0.03085884,-0.0236303,0.9987131
-0.2047616,-0.06406353,0.02135231,0.9764797
-0.1926818,-0.06328993,0.01851296,0.9790431
-0.1932602,-0.06333113,0.01866256,0.9789236
-0.1920641,-0.06324501,0.01835323,0.9791704
-0.1917749,-0.0632239,0.01827844,0.9792298
-0.1916251,-0.06321277,0.01823975,0.9792606
-0.1906128,-0.06313772,0.01797538,0.9794679
-0.1735559,-0.06160169,0.01355975,0.982802
-0.1493651,-0.05858596,0.007269628,0.9870182
-0.1430567,-0.05763973,0.005626489,0.9880186
-0.1500804,-0.0586889,0.007456479,0.9869022
-0.1460324,-0.05809414,0.006401564,0.9875519
-0.1395199,-0.05708081,0.004701537,0.9885615
-0.1344378,-0.05624183,0.003370418,0.9893188
-0.1171718,-0.05307887,-0.001151075,0.9916915
-0.08851309,-0.04678072,-0.008704819,0.9949378
-0.06953266,-0.04190537,-0.01374186,0.9966043
-0.06465442,-0.04056365,-0.01503996,0.9969695
-0.07466583,-0.04327848,-0.01237598,0.9961922
-0.07613631,-0.04366421,-0.01198595,0.9960688
-0.09016668,-0.04717896,-0.008268867,0.9947742
-0.0884535,-0.04676636,-0.008720336,0.9949436
-0.0978727,-0.04897936,-0.006237256,0.9939734
-0.1254581,-0.05465707,0.001023038,0.9905916
-0.1827527,-0.06248517,0.01596723,0.9810413
-0.2103503,-0.06429633,0.02305899,0.9752369
-0.1642872,-0.06055884,0.01117648,0.9844884
-0.1400951,-0.05717313,0.004852029,0.988474
-0.1146659,-0.05258112,-0.001794951,0.9920099
-0.07682431,-0.04383671,-0.01183475,0.9960102
-0.02527696,-0.02843589,-0.0255972,0.998948
0.04853228,8.177408E-05,-0.04574426,0.9977735
0.07180783,0.01048704,-0.05218738,0.9959971
0.05522114,0.003013444,-0.04759968,0.9973343
0.07355804,0.01129481,-0.05267432,0.9958349
0.09282567,0.02040266,-0.05804954,0.9937794
0.08095185,0.01473426,-0.05472161,0.9951056
0.0359117,-0.005308919,-0.04223966,0.9984478
0.02618376,-0.009301166,-0.03959947,0.9988291
0.0444103,-0.001695468,-0.04460704,0.9980156
0.05072764,0.001036489,-0.0463507,0.9976357
0.04818271,-6.966619E-05,-0.04564798,0.9977948
0.04520097,-0.001356238,-0.04482493,0.9979708
0.03753887,-0.004612223,-0.0427142,0.9983712
0.02905356,-0.00813518,-0.04037928,0.9987288
0.003709435,-0.01810467,-0.03344469,0.9992697
-0.01439065,-0.02469288,-0.0285411,0.999184
-0.02008551,-0.02667403,-0.02699974,0.9990776
-0.03147475,-0.03049782,-0.02393072,0.9987525
-0.07785586,-0.04411732,-0.01154573,0.9959211
-0.1745855,-0.06169815,0.0139233,0.9826085
-0.2364179,-0.0647804,0.02979452,0.9690316
-0.121433,-0.05391346,-0.0001147874,0.9911343
-0.1005239,-0.04957791,-0.005534029,0.9936832
-0.112411,-0.0521216,-0.002414908,0.9922909
-0.07631231,-0.04371019,-0.01193922,0.9960539
-0.008471748,-0.02259719,-0.03012764,0.9992546
0.04301077,-0.002282297,-0.0442449,0.9980918
0.05240366,0.001772434,-0.04681851,0.9975262
0.06905266,0.009225923,-0.05142653,0.9962439
0.1043126,0.02600056,-0.06125244,0.992316
0.1499633,0.04943466,-0.07410081,0.9846707
0.1757487,0.06335546,-0.08141652,0.9790148
0.1597914,0.05469998,-0.07689274,0.9826301
0.1552248,0.05225008,-0.07559904,0.9835955
0.1627086,0.05627228,-0.07772002,0.9819974
0.1535278,0.0513442,-0.07511951,0.9839462
0.1476876,0.04824203,-0.0734711,0.9851208
0.1404695,0.04443645,-0.07143132,0.9865046
0.1273594,0.03763691,-0.06774593,0.9888244
0.1025879,0.02515324,-0.06077258,0.9925471
0.07641063,0.0126208,-0.05347192,0.9955616
0.03213369,-0.006876601,-0.04120899,0.99861
-0.03718796,-0.03234948,-0.02238295,0.9985337
-0.1143851,-0.05252557,-0.001849009,0.9920453
-0.1639914,-0.06052604,0.01107659,0.9845409
-0.2269563,-0.06475351,0.02731083,0.971366
-0.1971926,-0.06356783,0.01981883,0.978101
-0.1641693,-0.06054956,0.01110831,0.9845094
-0.1767206,-0.06192394,0.01438035,0.9822058
-0.1501869,-0.05870346,0.007499713,0.9868848
-0.1173852,-0.05312118,-0.001102387,0.9916641
-0.1163549,-0.05291757,-0.001365104,0.9917961
-0.114013,-0.05244863,-0.001980417,0.9920918
-0.1029161,-0.0501078,-0.004902107,0.9934151
-0.09664083,-0.04869834,-0.006555527,0.9941056
-0.08751074,-0.04653673,-0.008973459,0.9950355
-0.1066604,-0.05091955,-0.003914591,0.9929831
-0.1268948,-0.05491931,0.001395538,0.9903937
-0.1449608,-0.05793165,0.006133951,0.9877209
-0.1489167,-0.05852073,0.007152139,0.9870907
-0.1333564,-0.056058,0.003090808,0.9894767
-0.1429067,-0.05761635,0.00558832,0.9880419
-0.1536875,-0.05919613,0.008394696,0.9863089
-0.1485526,-0.05846753,0.007059521,0.9871493
-0.1500014,-0.05867758,0.007436203,0.9869149
-0.1472678,-0.05827844,0.006723327,0.9873554
-0.1216503,-0.05394434,2.171658E-05,0.991106
-0.07228366,-0.04264834,-0.01299387,0.9963871
-0.02784518,-0.02929924,-0.02490553,0.9988723
-0.003779709,-0.02088207,-0.03141926,0.999281
0.008299723,-0.01635711,-0.03470649,0.9992292
0.01212946,-0.01488209,-0.03575045,0.9991763
0.003686865,-0.01810903,-0.03344787,0.9992697
-0.01257735,-0.02405191,-0.02903408,0.9992098
-0.006311045,-0.02180813,-0.03072472,0.9992701
-0.006942546,-0.02203549,-0.03055716,0.9992659
-0.01028197,-0.02323631,-0.02965296,0.9992372
-0.005614338,-0.02155277,-0.03091882,0.9992738
-0.006722548,-0.02195657,-0.03061477,0.9992675
-0.01936321,-0.02642427,-0.02719767,0.9990931
-0.002266099,-0.02032657,-0.03182859,0.9992841
-0.007772464,-0.02233576,-0.03033127,0.9992601
-0.01076163,-0.0234089,-0.02951978,0.9992321
-0.0007472425,-0.01976521,-0.03224172,0.9992844
-0.004964025,-0.02131573,-0.0310957,0.9992768
-0.001484881,-0.02003827,-0.03204091,0.9992846
-0.003277331,-0.02069816,-0.03155451,0.9992824
-0.008983994,-0.02277024,-0.03000715,0.9992498
-0.02849511,-0.02951521,-0.02473036,0.998852
-0.03536045,-0.03175947,-0.02288334,0.9986077
-0.04204405,-0.03388048,-0.02108419,0.9983185
-0.06095926,-0.03952401,-0.01602249,0.9972288
-0.06360242,-0.04026946,-0.01532087,0.9970448
-0.05057542,-0.03649155,-0.01879727,0.9978763
-0.02873632,-0.02959632,-0.02466243,0.9988444
-0.03102312,-0.03035032,-0.02404739,0.9987683
-0.04191529,-0.03383944,-0.02112132,0.9983246
-0.03568433,-0.03186401,-0.02279522,0.9985949
-0.03709786,-0.03231773,-0.02241313,0.9985375
-0.03713335,-0.03232731,-0.02240902,0.9985359
-0.01630357,-0.02536377,-0.02802228,0.9991525
0.01465233,-0.01389692,-0.0364454,0.9991315
0.0198883,-0.01183344,-0.03787221,0.9990146
0.02988524,-0.00779207,-0.04061093,0.9986976
0.009052427,-0.01606945,-0.03491005,0.9992203
-0.02940125,-0.02980966,-0.0245014,0.9988226
-0.02909482,-0.0297134,-0.02457075,0.9988328
-0.04236646,-0.03398123,-0.02099709,0.9983034
-0.05429075,-0.03759414,-0.01780661,0.9976584
-0.04227243,-0.03395011,-0.02102816,0.9983077
-0.03453413,-0.03149756,-0.02309106,0.9986401
-0.0158349,-0.02519984,-0.02814954,0.9991606
-0.01396117,-0.02454217,-0.02865627,0.9991905
-0.007742526,-0.02232401,-0.03034171,0.9992602
-0.01032487,-0.02325359,-0.02963665,0.9992368
-0.02718355,-0.02907907,-0.0250829,0.9988926
-0.03596842,-0.03195538,-0.02271869,0.9985835
-0.03132712,-0.0304492,-0.02396798,0.9987577
-0.03717248,-0.03234183,-0.02239235,0.9985343
-0.04266857,-0.03407419,-0.02091993,0.9982889
-0.03634867,-0.03207738,-0.02261645,0.9985682
-0.05050212,-0.03646828,-0.01882135,0.9978805
-0.04701898,-0.03541594,-0.01974894,0.9980705
-0.01342352,-0.02435754,-0.02878899,0.9991985
-0.006176988,-0.0217572,-0.03076644,0.9992707
0.01660414,-0.01313912,-0.03696276,0.9990923
0.03906045,-0.003967277,-0.04314018,0.9982973
0.04756689,-0.0003349627,-0.0454802,0.9978321
0.03034165,-0.007604682,-0.04073593,0.9986802
0.0248054,-0.009861905,-0.0392177,0.9988741
0.01839088,-0.01242695,-0.03746457,0.9990515
-0.003529263,-0.0207937,-0.0314793,0.9992818
-0.02409814,-0.02804223,-0.02591616,0.9989802
-0.04144124,-0.03369055,-0.02125033,0.9983467
-0.0423754,-0.03398365,-0.02099579,0.9983029
-0.0364842,-0.03211972,-0.02258359,0.9985626
-0.05467459,-0.03770702,-0.01770406,0.997635
-0.04595836,-0.03509127,-0.02003564,0.9981257
-0.04458689,-0.03467038,-0.0204001,0.9981953
-0.04803944,-0.03572317,-0.01948781,0.9980162
-0.01820562,-0.02602524,-0.02750786,0.9991168
-0.01847627,-0.02611986,-0.02743229,0.9991115
-0.02172329,-0.02723628,-0.02655444,0.9990401
-0.01074108,-0.02340006,-0.02952911,0.9992322
-0.001452539,-0.02002633,-0.03204969,0.9992846
0.02005434,-0.01176574,-0.03792094,0.9990102
0.01538042,-0.01361654,-0.03663434,0.9991175
0.006888089,-0.01689656,-0.03432023,0.9992443
0.003079826,-0.01833734,-0.03328261,0.9992729
-0.01448866,-0.02472657,-0.02851658,0.9991825
-0.01924692,-0.02638558,-0.02722542,0.9990956
-0.01950694,-0.02647492,-0.02715594,0.9990902
-0.01761956,-0.02582194,-0.02766636,0.9991283
-0.03787546,-0.03256654,-0.02220132,0.9985049
-0.05032267,-0.03641424,-0.01887014,0.9978906
-0.04377178,-0.03441702,-0.0206232,0.9982355
-0.04595757,-0.03509062,-0.02003719,0.9981258
-0.02927013,-0.0297713,-0.02452368,0.998827
-0.02534031,-0.02846035,-0.0255832,0.9989461
-0.01342601,-0.02435491,-0.02879735,0.9991983
-0.00723165,-0.02213944,-0.0304802,0.9992639
-0.02102029,-0.02699383,-0.02674977,0.9990565
-0.03719229,-0.03235035,-0.02238009,0.9985336
-0.05767107,-0.03858038,-0.01690305,0.9974467
-0.05308453,-0.03723817,-0.01812916,0.9977307
-0.04269304,-0.03408168,-0.02091382,0.9982877
-0.04663646,-0.0352986,-0.01985463,0.9980906
-0.05320195,-0.03727236,-0.01810003,0.9977238
-0.06958796,-0.04192038,-0.01372674,0.9966
-0.07592559,-0.04360899,-0.012043,0.9960865
-0.08231773,-0.04525094,-0.01034151,0.9955246
-0.09843112,-0.04910678,-0.006082603,0.9939128
-0.1016329,-0.04982468,-0.00523929,0.9935597
-0.08091914,-0.04489617,-0.01071942,0.9956513
-0.07520352,-0.04341972,-0.01223434,0.9961474
-0.07596525,-0.04361952,-0.01203136,0.9960832
-0.07708497,-0.04391145,-0.01173406,0.995988
-0.08380077,-0.04562208,-0.009952085,0.9953879
-0.088535,-0.04678599,-0.008699588,0.9949357
-0.0915167,-0.04750138,-0.00791017,0.9946385
-0.09787619,-0.04898065,-0.006230358,0.993973
-0.09692544,-0.04876352,-0.006481493,0.9940752
-0.100555,-0.04958495,-0.005521304,0.9936798
-0.1038475,-0.05031186,-0.004655847,0.993309
-0.1069911,-0.05099012,-0.003827488,0.9929442
-0.109569,-0.05153484,-0.003146824,0.9926373
-0.08352358,-0.04555502,-0.01001222,0.9954135
-0.07392406,-0.04308169,-0.01257802,0.9962536
-0.09138954,-0.04747114,-0.007943974,0.9946514
-0.09390883,-0.0480653,-0.007277094,0.9943933
-0.08889137,-0.04687224,-0.008605172,0.9949006
-0.08661116,-0.04631722,-0.009208119,0.9951223
-0.08180832,-0.04512175,-0.01048081,0.9955711
-0.08129924,-0.04499296,-0.01061588,0.9956171
-0.07815129,-0.0441878,-0.0114506,0.9958959
-0.0818278,-0.04512688,-0.0104745,0.9955693
-0.0836374,-0.04558124,-0.009996002,0.995403
-0.08151962,-0.04504885,-0.010557,0.9955972
-0.08075869,-0.04485594,-0.01075821,0.9956657
-0.08285276,-0.04538475,-0.01020406,0.9954755
-0.08553819,-0.04605323,-0.009492419,0.9952247
-0.08015713,-0.04470256,-0.01091896,0.9957194
-0.08093652,-0.04490096,-0.01071204,0.9956498
-0.08353141,-0.0455548,-0.0100237,0.9954128
-0.08451644,-0.0458002,-0.009763121,0.995321
-0.085604,-0.04606948,-0.009474938,0.9952185
-0.08485211,-0.0458835,-0.009674161,0.9952895
-0.08765391,-0.04657204,-0.008932298,0.9950216
-0.08386795,-0.04563877,-0.009934893,0.9953817
-0.08180119,-0.04511993,-0.0104828,0.9955716
-0.0810115,-0.04492004,-0.01069204,0.9956431
-0.0782267,-0.04420714,-0.01143094,0.9958894
-0.08068893,-0.04483801,-0.01077766,0.995672
-0.07922714,-0.04446457,-0.01116563,0.9958019
-0.08317588,-0.04546604,-0.01011663,0.9954458
-0.08526749,-0.04598637,-0.009564111,0.9952503
-0.08542947,-0.04602638,-0.009521227,0.995235
-0.08562955,-0.04607583,-0.009467847,0.9952161
-0.08466874,-0.04583811,-0.009721979,0.9953067
-0.0882515,-0.04671732,-0.008774132,0.9949634
-0.08679854,-0.04636311,-0.009158693,0.9951043
-0.09049305,-0.04725733,-0.008181128,0.9947416
-0.08934017,-0.04698055,-0.008486021,0.9948564
-0.0884188,-0.04675791,-0.008729737,0.9949471
-0.0875182,-0.04653891,-0.008968196,0.9950348
-0.08903498,-0.04690693,-0.008566834,0.9948865
-0.08713102,-0.0464445,-0.009070259,0.9950723
-0.085548,-0.04605565,-0.009489905,0.9952238
-0.08383769,-0.0456312,-0.009942933,0.9953844
-0.08417431,-0.04571513,-0.009853697,0.995353
-0.08291657,-0.04540078,-0.01018705,0.9954696
-0.08250238,-0.04529676,-0.01029687,0.9955077
-0.08052348,-0.04479592,-0.01082155,0.9956868
-0.07987322,-0.04463005,-0.01099385,0.9957448
-0.08071966,-0.04484591,-0.01076917,0.9956692
-0.07930373,-0.04448424,-0.01114518,0.9957951
-0.0792768,-0.04447732,-0.01115228,0.9957975
-0.08024679,-0.04472545,-0.01089483,0.9957115
-0.07922126,-0.0444631,-0.01116699,0.9958024
-0.07875268,-0.04434272,-0.01129142,0.9958435
-0.07478437,-0.04330955,-0.01234505,0.9961824
-0.0820144,-0.04517368,-0.01042693,0.9955522
-0.07822788,-0.0442079,-0.01142774,0.9958892
-0.07070649,-0.04222289,-0.01342938,0.9965126
-0.06933964,-0.04185297,-0.01379284,0.9966193
-0.07257785,-0.04272468,-0.01293147,0.9963633
-0.07117574,-0.04234917,-0.01330433,0.9964756
-0.07147825,-0.04243047,-0.01322386,0.9964516
-0.07166675,-0.04248107,-0.01317378,0.9964365
-0.06778456,-0.0414287,-0.01420655,0.9967382
-0.0647428,-0.0405882,-0.01501707,0.9969631
-0.06387525,-0.04034591,-0.0152481,0.9970254
-0.06315828,-0.04014481,-0.01543927,0.9970762
-0.06379134,-0.04032247,-0.01527039,0.9970314
-0.06449521,-0.04051922,-0.01508278,0.996981
-0.06529162,-0.04074091,-0.01487058,0.9969233
-0.06531413,-0.04074715,-0.01486465,0.9969217
-0.06528662,-0.04073948,-0.01487203,0.9969236
-0.06512278,-0.04069395,-0.0149157,0.9969355
-0.06313583,-0.04013857,-0.01544519,0.9970778
-0.06410506,-0.0404102,-0.0151869,0.997009
-0.06474207,-0.040588,-0.01501713,0.9969631
-0.06545632,-0.04078662,-0.01482679,0.9969113
-0.06553607,-0.04080874,-0.01480558,0.9969054
-0.06602298,-0.04094363,-0.01467589,0.9968697
-0.06553145,-0.04080747,-0.01480667,0.9969057
-0.06367692,-0.04029035,-0.01530111,0.9970395
-0.06599235,-0.04093516,-0.01468398,0.9968719
-0.06718879,-0.04126517,-0.01436535,0.9967832
-0.06801446,-0.04149171,-0.01414528,0.9967209
-0.06369463,-0.04029533,-0.0152964,0.9970382
-0.06542765,-0.0407787,-0.0148343,0.9969134
-0.06410938,-0.04041144,-0.01518572,0.9970087
-0.06102652,-0.03954237,-0.01600789,0.9972241
-0.06188541,-0.03978596,-0.01577877,0.9971651
-0.06062815,-0.03942906,-0.01611412,0.9972512
-0.06260894,-0.03999023,-0.01558575,0.9971148
-0.06299068,-0.04009773,-0.01548394,0.997088
-0.0629971,-0.04009955,-0.01548215,0.9970877
-0.06228709,-0.03989949,-0.0156716,0.9971372
-0.06197469,-0.03981122,-0.01575488,0.9971589
-0.06246766,-0.03995048,-0.01562325,0.9971247
-0.06375525,-0.04031233,-0.01528008,0.997034
-0.06370123,-0.04029719,-0.01529465,0.9970378
-0.06023714,-0.03931761,-0.0162184,0.9972776
-0.05698891,-0.03838265,-0.01708569,0.9974904
-0.05817556,-0.03872607,-0.0167687,0.997414
-0.05805177,-0.03869038,-0.01680178,0.997422
-0.05761216,-0.03856334,-0.01691918,0.9974505
-0.07809018,-0.04417193,-0.01146648,0.9959012
-0.09533332,-0.04839645,-0.006903229,0.9942442
-0.1072206,-0.05103912,-0.003766139,0.9929172
-0.1102224,-0.05167102,-0.002977078,0.9925585
-0.115179,-0.05268319,-0.001673513,0.9919452
-0.1179792,-0.05323766,-0.0009386688,0.9915875
-0.1208495,-0.05379312,-0.0001846286,0.9912122
-0.1229959,-0.0541997,0.000377682,0.990926
-0.1252546,-0.05461962,0.0009702053,0.9906195
-0.125147,-0.05459977,0.0009435108,0.9906343
-0.1258092,-0.05472149,0.001115729,0.9905435
-0.1246377,-0.05450568,0.0008080932,0.9907038
-0.1245913,-0.05449719,0.0007963483,0.9907101
-0.1303023,-0.05552829,0.002291627,0.9899155
-0.1286959,-0.05524354,0.001871448,0.9901424
-0.1270696,-0.05495108,0.001445301,0.9903694
-0.1292371,-0.05533994,0.002012989,0.9900662
-0.1332024,-0.05603163,0.003050599,0.989499
-0.1367167,-0.05662336,0.003969466,0.9889827
-0.1366524,-0.05661269,0.003952592,0.9889922
-0.1409082,-0.05730262,0.005064262,0.9883499
-0.1405072,-0.05723902,0.004958677,0.9884113
-0.128685,-0.05524161,0.00186995,0.990144
-0.1176097,-0.05316523,-0.001035507,0.9916353
-0.1207679,-0.05377747,-0.0002064439,0.991223
-0.1224683,-0.05410051,0.0002390398,0.9909968
-0.1152113,-0.05268965,-0.001665451,0.9919412
-0.106168,-0.05081411,-0.004044225,0.9930407
-0.09779272,-0.04896153,-0.006253158,0.993982
-0.0944543,-0.04819252,-0.007133924,0.9943364
-0.0840684,-0.04568895,-0.009880401,0.9953629
-0.08381281,-0.04562499,-0.00994953,0.9953867
-0.08291523,-0.04540043,-0.0101874,0.9954698
-0.08163932,-0.04507895,-0.01052636,0.9955862
-0.08858822,-0.04679914,-0.008683385,0.9949304
-0.09365195,-0.04800507,-0.007345922,0.9944198
-0.08297671,-0.04541574,-0.0101719,0.9954641
-0.08162448,-0.04507526,-0.01052989,0.9955876
-0.07666814,-0.04380305,-0.01184444,0.9960236
-0.08477274,-0.04586379,-0.009695181,0.995297
-0.08423469,-0.04573039,-0.009836214,0.9953474
-0.07502659,-0.04337319,-0.01228128,0.9961621
-0.07255176,-0.04271751,-0.0129398,0.9963654
-0.06072358,-0.03945622,-0.01608865,0.9972447
-0.05291297,-0.03718714,-0.01817575,0.997741
-0.04907569,-0.03603972,-0.01920067,0.9979599
-0.04780061,-0.03565313,-0.0195435,0.9980291
-0.05234955,-0.03702015,-0.01832572,0.9977741
-0.05661136,-0.03827306,-0.01718623,0.9975144
-0.0637989,-0.04032464,-0.01526797,0.9970309
-0.06809688,-0.04151417,-0.01412365,0.9967145
-0.06949839,-0.0418961,-0.01375056,0.996607
-0.096219,-0.0486005,-0.006673189,0.9941506
-0.1005191,-0.04957659,-0.005535127,0.9936839
-0.1103978,-0.05170769,-0.002928179,0.9925373
-0.122548,-0.05411543,0.0002602064,0.9909862
-0.1139475,-0.05243538,-0.001998066,0.9921001
-0.1133081,-0.05230577,-0.002165677,0.9921798
-0.1196813,-0.05356862,-0.0004926487,0.991366
-0.1319126,-0.05580942,0.002713162,0.9896852
-0.1390949,-0.05701225,0.004592045,0.9886259
-0.1321412,-0.05584901,0.002771907,0.9896524
-0.1411323,-0.05733817,0.005122478,0.9883156
-0.1282769,-0.05516855,0.0017615,0.9902011
-0.1440441,-0.05779222,0.00588159,0.9878647
-0.1489653,-0.05852778,0.007165794,0.9870828
-0.1487043,-0.05848971,0.007098175,0.9871249
-0.1479234,-0.05837535,0.006894627,0.9872504
-0.131629,-0.05576028,0.002637527,0.9897261
-0.1286779,-0.05524029,0.001866554,0.9901449
-0.1331756,-0.05602697,0.003043438,0.9895028
-0.1385015,-0.05691613,0.004435793,0.9887154
-0.144308,-0.05783261,0.005951522,0.9878235
-0.145331,-0.05798838,0.006218544,0.9876627
-0.1474864,-0.0583109,0.006780948,0.9873204
-0.1489075,-0.05851937,0.007151176,0.9870921
-0.1503935,-0.05873373,0.007538974,0.9868512
-0.1560543,-0.05951725,0.009012153,0.9859125
-0.160567,-0.06010365,0.01018632,0.9851406
-0.1678612,-0.06097978,0.01208176,0.9838486
-0.1690948,-0.06111921,0.01240199,0.9836247
-0.1702365,-0.06124601,0.01269798,0.9834161
-0.1813077,-0.0623605,0.01557093,0.9813237
-0.1851801,-0.06270187,0.01657194,0.9805622
-0.1832172,-0.06253186,0.0160652,0.9809501
-0.1707637,-0.06130369,0.01283505,0.9833193
-0.1603514,-0.06007642,0.0101291,0.985178
-0.1445486,-0.05786946,0.006014482,0.9877858
-0.1367334,-0.05662606,0.003973047,0.9889802
-0.1318181,-0.05579305,0.002688997,0.9896988
-0.1197529,-0.05358251,-0.0004726336,0.9913566
-0.1081251,-0.05123102,-0.003528994,0.9928101
-0.09778964,-0.04896119,-0.006251136,0.9939824
-0.07961971,-0.04456562,-0.01105917,0.9957671
-0.06910992,-0.04179044,-0.01385446,0.996637
-0.06510346,-0.0406886,-0.01492087,0.996937
-0.06637958,-0.04104229,-0.01458046,0.9968434
-0.07233203,-0.04265905,-0.01299685,0.9963831
-0.07560603,-0.04352526,-0.01212815,0.9961135
-0.0875063,-0.04653606,-0.0089713,0.9950359
-0.08876613,-0.04684188,-0.008638719,0.994913
-0.1013854,-0.04977051,-0.005296501,0.9935874
-0.114441,-0.05253488,-0.001868826,0.9920382
-0.118224,-0.0532856,-0.0008743093,0.9915559
-0.125712,-0.05470372,0.001089858,0.9905567
-0.1302484,-0.05551872,0.002277168,0.9899231
-0.1261601,-0.05478567,0.001207308,0.9904953
-0.1291962,-0.0553326,0.002002226,0.9900721
-0.1365775,-0.05660017,0.00393383,0.9890032
-0.1400115,-0.05715975,0.00483059,0.9884869
-0.1398385,-0.05713212,0.004785136,0.9885131
-0.1386608,-0.05694194,0.004477422,0.9886914
-0.1447554,-0.05790093,0.006068547,0.9877533
-0.1485879,-0.05847272,0.007067638,0.9871436
-0.1476928,-0.05834143,0.006834337,0.9872875
-0.1427906,-0.05759839,0.005555799,0.9880599
-0.1443024,-0.05783166,0.005951505,0.9878244
-0.1555521,-0.05944981,0.008882172,0.9859971
-0.1528104,-0.05967964,0.008074019,0.9864188
-0.1500898,-0.05869027,0.007459261,0.9869006
-0.1493507,-0.05858367,0.007267329,0.9870205
-0.1448732,-0.05791894,0.006097887,0.9877348
-0.1546731,-0.05933077,0.008655262,0.9861446
-0.1529295,-0.0590913,0.008199037,0.9864349
-0.1539406,-0.05923084,0.008462342,0.9862669
-0.1527381,-0.05906463,0.008150199,0.9864664
-0.1485324,-0.05846462,0.007053294,0.9871526
-0.1485873,-0.0584726,0.007067739,0.9871438
-0.1468602,-0.058218,0.00661741,0.9874203
-0.1543577,-0.05928773,0.008572533,0.9861974
-0.1554251,-0.05943272,0.008848133,0.9860185
-0.1456066,-0.05803005,0.006290466,0.9876192
-0.13978,-0.05712267,0.004769462,0.988522
-0.1385835,-0.05692938,0.004457486,0.9887031
-0.1200909,-0.05364779,-0.0003801393,0.9913123
-0.1169743,-0.05304017,-0.001202473,0.9917169
-0.1110321,-0.0518396,-0.002756603,0.9924601
-0.09553429,-0.04844289,-0.006852502,0.9942231
-0.08930475,-0.04697219,-0.008494064,0.9948599
-0.09177136,-0.04756179,-0.007842982,0.9946128
-0.09483579,-0.04828138,-0.00703195,0.9942966
-0.104279,-0.05040596,-0.004541956,0.9932595
-0.1060344,-0.05078537,-0.004079632,0.9930563
-0.1092133,-0.0514602,-0.003242604,0.9926801
-0.1061494,-0.05081003,-0.004049735,0.9930429
-0.1130217,-0.05224756,-0.002240588,0.9922153
-0.1320177,-0.05582764,0.002743317,0.9896702
-0.1471222,-0.05825694,0.006685764,0.9873787
-0.1606265,-0.06011127,0.01020083,0.9851304
-0.1668083,-0.06085893,0.01180702,0.9840385
-0.1775928,-0.06200969,0.01460745,0.9820397
-0.1901638,-0.06310309,0.01786171,0.9795594
-0.2018229,-0.06387655,0.02087346,0.9771139
-0.2173537,-0.06453823,0.02489286,0.9736388
-0.2303307,-0.06477501,0.02822273,0.9705439
-0.2485877,-0.06459626,0.03292665,0.965892
-0.2438957,-0.06469867,0.03171904,0.9671209
-0.2401254,-0.06475216,0.03074925,0.9680917
-0.2354282,-0.06478403,0.02953883,0.9692801
-0.2450189,-0.06467777,0.0320083,0.9668289
-0.2461715,-0.06465387,0.03230512,0.9665278
-0.2530342,-0.06446275,0.03407127,0.9647059
-0.25724,-0.06430399,0.03515256,0.9635646
-0.2562391,-0.06434478,0.03489516,0.963838
-0.2601891,-0.06417352,0.03591082,0.9627534
-0.2659183,-0.0630959,0.03761164,0.9611929
-0.2718995,-0.06349969,0.038922,0.9594392
-0.2844591,-0.06249599,0.04215593,0.9557197
-0.2904751,-0.06191089,0.04370739,0.9538767
-0.2958578,-0.06133204,0.04509211,0.952194
-0.2951071,-0.06141693,0.04489714,0.9524306
-0.2871133,-0.06224668,0.04283918,0.9549116
-0.2753354,-0.06325372,0.03980723,0.9584387
-0.2724679,-0.06345978,0.03907011,0.9592745
-0.2723803,-0.0634658,0.03904773,0.9593
-0.2731054,-0.06341524,0.03923421,0.9590896
-0.2809773,-0.06280322,0.04125973,0.9567681
-0.2830364,-0.06262422,0.04178988,0.9561496
-0.282288,-0.0626902,0.04159709,0.9563749
-0.2815151,-0.06275723,0.04139825,0.9566071
-0.2899853,-0.0619627,0.04357765,0.9540284
-0.2943518,-0.06149906,0.04470561,0.952668
-0.2975678,-0.06113722,0.04553121,0.9516525
-0.3004323,-0.06079736,0.04626963,0.9507383
-0.3053165,-0.0601821,0.04752918,0.949158
-0.3168825,-0.05854446,0.05051459,0.9453075
-0.3193113,-0.05816964,0.0511393,0.9444794
-0.3127343,-0.05916195,0.04944174,0.9467062
-0.307385,-0.05990833,0.04806177,0.9484806
-0.3046594,-0.06026781,0.04735889,0.9493722
-0.3085564,-0.05974946,0.0483642,0.9480948
-0.3028969,-0.06049267,0.04690474,0.9499442
-0.2959367,-0.06132317,0.04511246,0.952169
-0.2918855,-0.06176534,0.04406824,0.9534389
-0.2966917,-0.0612381,0.0453056,0.9519303
-0.2927676,-0.06167197,0.04429509,0.9531641
-0.2859606,-0.06235711,0.04254131,0.9552636
-0.2934746,-0.06159405,0.04448102,0.952943
-0.3103707,-0.05949767,0.04883337,0.9474943
-0.3180168,-0.05837122,0.05080548,0.9449216
-0.3225504,-0.05764943,0.05197758,0.9433643
-0.3118185,-0.05929436,0.04920398,0.9470123
-0.2995879,-0.06090031,0.04604972,0.9510087
-0.2766602,-0.06315284,0.0401489,0.9580495
-0.2567981,-0.06432319,0.03503628,0.9636855
-0.2437634,-0.06470005,0.03168797,0.9671552
-0.2359092,-0.06478257,0.02966293,0.9691595
-0.238327,-0.06476908,0.03028591,0.9685494
-0.248882,-0.06458753,0.03300523,0.9658141
-0.2643322,-0.06396474,0.03697351,0.9615976
-0.2804487,-0.06284771,0.04112422,0.956926
-0.3018121,-0.06062834,0.0466251,0.9502946
-0.3093574,-0.0596396,0.04857036,0.9478303
-0.3196609,-0.05811284,0.05123259,0.9443595
-0.3246062,-0.05731009,0.05250753,0.9426502
-0.324921,-0.05725721,0.05258917,0.9425403
-0.3187579,-0.05825572,0.0509974,0.9446687
-0.3289505,-0.05656566,0.05362889,0.9411247
-0.3443331,-0.05362688,0.05761925,0.9355421
-0.3553784,-0.0512334,0.0604852,0.9313554
-0.3594127,-0.05029372,0.06154137,0.929788
-0.3753608,-0.04627946,0.06569394,0.9233888
-0.3714172,-0.0473191,0.0646669,0.9250019
-0.3727419,-0.04697304,0.06501226,0.9244622
-0.3729022,-0.04692987,0.06505568,0.9243968
-0.3793148,-0.04520267,0.06672865,0.9217506
-0.3659361,-0.04871618,0.06323425,0.9272103
-0.3400819,-0.05448649,0.05651345,0.9371136
-0.3144571,-0.0589091,0.04988819,0.9461277
-0.2922086,-0.06173307,0.04414777,0.9533384
-0.2758333,-0.06321508,0.03993842,0.9582926
-0.2770635,-0.06312169,0.04025266,0.9579307
-0.2827435,-0.06265034,0.04171392,0.956238
-0.285072,-0.06243896,0.04231507,0.9555337
-0.2965193,-0.06125766,0.04526142,0.9519849
-0.3070626,-0.05995157,0.04797874,0.9485866
-0.3141717,-0.05895199,0.04981292,0.9462239
-0.3181567,-0.05835062,0.0508398,0.9448739
-0.3290493,-0.05654514,0.05365993,0.9410897
-0.3250232,-0.05723989,0.05261567,0.9425047
-0.3194106,-0.05815287,0.05116695,0.9444454
-0.325765,-0.05711507,0.05280651,0.9422454
-0.3300989,-0.05636105,0.05392858,0.9407178
-0.3403504,-0.05443344,0.05658302,0.9370149
-0.3582168,-0.0505813,0.06121944,0.9302549
-0.364126,-0.04915537,0.06277516,0.9279307
-0.3787193,-0.04536586,0.06657432,0.9219987
-0.3868074,-0.04307108,0.06869689,0.9185889
-0.3862511,-0.04323259,0.06855175,0.9188262
-0.3917837,-0.041575,0.07002912,0.9164458
-0.3943257,-0.04081563,0.07067578,0.9153394
-0.3817968,-0.04450812,0.06738219,0.9207116
-0.3512644,-0.05215158,0.0594199,0.9329324
-0.3248017,-0.05728423,0.05254585,0.9425822
-0.2961688,-0.06129068,0.04518483,0.9520955
-0.2858472,-0.06236735,0.04251318,0.955298
-0.2895492,-0.06200629,0.04346649,0.9541631
-0.2859105,-0.06236133,0.04252936,0.9552788
-0.286916,-0.06226597,0.04278768,0.954972
-0.2960088,-0.06131562,0.04512985,0.9521462
-0.3043483,-0.06030827,0.04727813,0.9494735
-0.3093002,-0.05964666,0.04855717,0.947849
-0.3134226,-0.05906218,0.04961906,0.9464754
-0.3178404,-0.05839846,0.05075992,0.9449818
-0.3135377,-0.05904517,0.04964908,0.9464368
-0.3156201,-0.05873695,0.05018594,0.9457353
-0.3064401,-0.06004053,0.04780702,0.9487908
-0.3416501,-0.05417421,0.05692006,0.9365365
-0.349041,-0.05263788,0.05883739,0.933776
-0.3506146,-0.05229587,0.05924746,0.9331797
-0.3569331,-0.05087677,0.06088945,0.9307538
-0.363946,-0.04920745,0.06271612,0.9280025
-0.3517155,-0.05205196,0.05953731,0.9327605
-0.3455272,-0.05337906,0.05792983,0.9350966
-0.3538214,-0.0515862,0.0600795,0.9319548
-0.349264,-0.05258933,0.05889593,0.9336917
-0.3448118,-0.0535297,0.05774069,0.9353638
-0.3387705,-0.05474395,0.05617338,0.9375938
-0.3371519,-0.05505715,0.05575378,0.9381838
-0.3305516,-0.0562804,0.05404537,0.9405568
-0.3345569,-0.05554829,0.05508181,0.939123
-0.338432,-0.05480888,0.05608747,0.9377174
-0.3389596,-0.05470681,0.05622286,0.9375248
-0.3396648,-0.05456866,0.05640542,0.9372665
-0.3380673,-0.05488059,0.0559912,0.9378505
-0.3365598,-0.0551701,0.05560091,0.9383988
-0.3245822,-0.05731293,0.0525034,0.9426585
-0.3197992,-0.0580925,0.05126568,0.9443123
-0.3215703,-0.05780878,0.05172431,0.943703
-0.3133174,-0.05907842,0.04959026,0.9465108
-0.3007428,-0.06075806,0.04635289,0.9506386
-0.2994901,-0.06091091,0.0460268,0.95104
-0.2970951,-0.06119005,0.04541307,0.9518026
-0.3088351,-0.05971218,0.04843434,0.9480029
-0.3086232,-0.05974053,0.04838106,0.9480729
-0.3054003,-0.06017147,0.0475501,0.9491307
-0.3042261,-0.06032354,0.04724766,0.9495132
-0.3053793,-0.06017397,0.04754506,0.9491376
-0.3066289,-0.06000977,0.0478664,0.9487288
-0.3163213,-0.05863084,0.0503676,0.9454979
-0.3294913,-0.05646973,0.05376988,0.9409333
-0.3301095,-0.05635876,0.05393184,0.940714
-0.3310643,-0.05618838,0.05417801,0.9403744
-0.3246727,-0.05729879,0.05252507,0.942627
-0.3203273,-0.05800898,0.05140157,0.944131
-0.3160036,-0.05867749,0.0502883,0.9456056
-0.3039597,-0.06035769,0.04717898,0.9495997
-0.2963969,-0.06127164,0.04522983,0.9520236
-0.2957289,-0.06134686,0.04505832,0.9522346
-0.2986829,-0.0610017,0.04582886,0.9512975
-0.3062397,-0.06006157,0.04776563,0.9488563
-0.3019778,-0.0606076,0.04666793,0.9502411
-0.3059534,-0.06009897,0.04769254,0.9489501
-0.3026178,-0.06052789,0.04683268,0.9500344
-0.3085746,-0.05974616,0.04837035,0.9480888
-0.3171429,-0.05850584,0.05057974,0.9452192
-0.3314443,-0.05612005,0.05427608,0.9402389
-0.3371135,-0.05506457,0.05574363,0.9381977
-0.3383133,-0.05483287,0.05605523,0.9377608
-0.3375822,-0.05497427,0.05586562,0.9380272
-0.3377664,-0.05493817,0.05591431,0.9379601
-0.3330581,-0.05582657,0.05469267,0.9396617
-0.3243921,-0.05734429,0.05245514,0.9427246
-0.320054,-0.05805209,0.05133153,0.9442248
-0.321781,-0.05777422,0.05177963,0.9436302
-0.315766,-0.05871494,0.05022401,0.9456859
-0.3157626,-0.05871532,0.05022306,0.9456871
-0.3080545,-0.05981776,0.04823461,0.9482603
-0.3103299,-0.0595042,0.04882146,0.9475079
-0.309107,-0.05967389,0.04850624,0.947913
-0.3160055,-0.05867993,0.05028354,0.9456049
-0.294151,-0.06152222,0.04465139,0.952731
-0.3361599,-0.05525044,0.05548956,0.9385439
-0.3683372,-0.04810757,0.06386757,0.9262475
-0.3966608,-0.04009131,0.07129112,0.9143143
-0.4106591,-0.03550962,0.07498825,0.9080061
-0.4349299,-0.02656147,0.08145519,0.8963792
-0.4344937,-0.0267204,0.08135478,0.896595
-0.4210998,-0.0318195,0.07775924,0.9031146
-0.4093257,-0.03596417,0.07463504,0.9086191
-0.3978145,-0.03972623,0.07159948,0.9138047
-0.3744722,-0.04731056,0.06513265,0.923737
-0.3587666,-0.05045106,0.0613649,0.9300405
-0.3397262,-0.05455675,0.05642118,0.937244
-0.325736,-0.05712099,0.05279734,0.9422556
-0.31507,-0.05881645,0.05004908,0.945921
-0.2977671,-0.06111334,0.04558431,0.9515892
-0.2943368,-0.06150181,0.0446992,0.9526728
-0.2903882,-0.06191981,0.04368499,0.9539037
-0.2783694,-0.06301913,0.04058747,0.9575446
-0.2727246,-0.06344189,0.03913629,0.9592
-0.2763415,-0.0631775,0.04006684,0.9581434
-0.260016,-0.06418221,0.03586491,0.9628011
-0.2588889,-0.06423273,0.03557735,0.9631121
-0.258799,-0.06423689,0.03555374,0.9631369
-0.2628888,-0.06404001,0.03660588,0.9620022
-0.2834383,-0.06258819,0.04189366,0.9560285
-0.2978323,-0.06111186,0.04558885,0.9515687
-0.3254825,-0.05715274,0.05275202,0.9423438
-0.3363863,-0.05520325,0.05555586,0.9384617
-0.3566559,-0.0509419,0.06081542,0.9308614
-0.3647016,-0.04902224,0.0629122,0.9277023
-0.3629148,-0.04945915,0.06244721,0.928411
-0.3559799,-0.05109588,0.06064166,0.931123
-0.3620819,-0.04966104,0.06222991,0.9287399
-0.3504704,-0.05232613,0.05921195,0.9332344
-0.3360208,-0.0552725,0.05546147,0.9385941
-0.3253222,-0.05718963,0.05269292,0.9424003
-0.3136063,-0.05903195,0.04967272,0.9464138
-0.2880249,-0.06215692,0.04307662,0.9546321
-0.2776272,-0.06307909,0.04039424,0.9577643
-0.2617537,-0.06409767,0.03631386,0.962319
-0.245655,-0.06466554,0.03217013,0.9666629
-0.2383928,-0.06476863,0.03030262,0.9685327
-0.2296433,-0.06476882,0.02804975,0.9707121
-0.2185529,-0.06457487,0.02519227,0.9733602
-0.2058887,-0.06409005,0.02192764,0.9762281
-0.1894525,-0.06304873,0.01767673,0.979704
-0.1790616,-0.06215128,0.01498727,0.9817584
-0.1713936,-0.06137199,0.01299871,0.9832033
-0.1655772,-0.06071488,0.01148935,0.984259
-0.1628288,-0.06038473,0.0107751,0.9847459
-0.1663883,-0.06081006,0.01169883,0.9841139
-0.172487,-0.06148923,0.0132824,0.983001
-0.1788911,-0.06213528,0.01494221,0.9817912
-0.1829285,-0.06250621,0.01599107,0.9810068
-0.1950383,-0.06345472,0.01912213,0.978554
-0.2059702,-0.06409448,0.02194632,0.9762103
-0.2228067,-0.06467508,0.02628743,0.9723597
-0.2351647,-0.06478448,0.02947151,0.9693462
-0.2492832,-0.06457783,0.03310582,0.9657079
-0.2636688,-0.06399895,0.03680654,0.9617839
-0.2680793,-0.06374714,0.03793943,0.9605365
-0.2817483,-0.06273226,0.0414691,0.956537
-0.3033605,-0.06043378,0.04702487,0.9497942
-0.3111676,-0.05938606,0.04903762,0.9472293
-0.3238619,-0.05743372,0.05231606,0.9429094
-0.3218789,-0.05775531,0.05181034,0.9435964
-0.3288969,-0.05657419,0.05361668,0.9411437
-0.329557,-0.05645736,0.05378811,0.9409099
-0.3324989,-0.05592597,0.05455335,0.9398621
-0.3190006,-0.05822001,0.05105605,0.9445857
-0.3299276,-0.05638928,0.05388819,0.9407785
-0.3296731,-0.05643692,0.05381805,0.9408688
-0.3260781,-0.05706086,0.05288939,0.9421358
-0.3372776,-0.05503248,0.05578732,0.9381381
-0.3416642,-0.05417163,0.05692343,0.9365312
-0.3429333,-0.05391522,0.0572528,0.936062
-0.3438247,-0.05373319,0.05748427,0.9357312
-0.3464905,-0.05318017,0.05817559,0.9347363
-0.3462888,-0.05322238,0.05812338,0.9348118
-0.3453072,-0.05342734,0.05786867,0.935179
-0.3427801,-0.0539463,0.05721311,0.9361187
-0.3425133,-0.05400033,0.05714401,0.9362175
-0.3445826,-0.05357784,0.05767993,0.9354493
-0.3364112,-0.05519841,0.05556235,0.9384527
-0.3454163,-0.05340509,0.0578962,0.9351382
-0.3466433,-0.05314788,0.05821532,0.9346789
-0.3434096,-0.05381787,0.05737685,0.9358854
-0.3444431,-0.05360616,0.05764447,0.9355012
-0.3330619,-0.055825,0.05469519,0.9396604
-0.340183,-0.05446694,0.0565391,0.9370764
-0.3382175,-0.05485149,0.05603009,0.9377958
-0.3427371,-0.05395517,0.05720184,0.9361346
-0.3512405,-0.05215858,0.05941033,0.9329416
-0.3595816,-0.05025838,0.06157832,0.9297221
-0.3587328,-0.05045781,0.06135787,0.9300538
-0.3522849,-0.05192874,0.05968085,0.9325433
-0.3507456,-0.05226723,0.05928154,0.9331299
-0.351417,-0.05211892,0.0594577,0.9328743
-0.3492515,-0.05259342,0.0588906,0.9336965
-0.3354885,-0.05537327,0.05532338,0.9387868
-0.3298037,-0.05641348,0.05385218,0.9408225
-0.3201719,-0.05803274,0.05136314,0.9441842
-0.3128375,-0.0591478,0.04946687,0.9466716
-0.2999681,-0.06085349,0.04614995,0.9508871
-0.3087009,-0.05972961,0.04840155,0.9480472
-0.3068605,-0.0599752,0.04793325,0.9486527
-0.3070774,-0.05994887,0.04798403,0.9485816
-0.3139636,-0.05898266,0.04975908,0.9462939
-0.3189579,-0.05822474,0.05104858,0.9446003
-0.3150363,-0.0588241,0.05003574,0.9459326
-0.3142717,-0.05893735,0.04983854,0.9461902
-0.3164952,-0.05860448,0.05041255,0.945439
-0.2893541,-0.0620285,0.04341118,0.9542234
-0.3007585,-0.06075821,0.04635263,0.9506335
-0.3011951,-0.06070422,0.04646617,0.9504932
-0.3015429,-0.06066145,0.04655579,0.9503812
-0.297209,-0.0611786,0.04543915,0.9517664
-0.2987825,-0.06099467,0.04584486,0.9512659
-0.2943636,-0.06149914,0.04470569,0.9526643
-0.3011958,-0.06070425,0.0464663,0.950493
-0.3002449,-0.0608185,0.04622447,0.9507982
-0.2909893,-0.06185982,0.04383575,0.9537175
-0.289214,-0.06204066,0.04337875,0.9542664
-0.2759367,-0.06320821,0.03996271,0.9582623
-0.2515766,-0.06451127,0.03369416,0.965097
-0.2388902,-0.06476503,0.03042901,0.9684064
-0.2350648,-0.06478473,0.0294456,0.9693711
-0.227063,-0.06474297,0.02738535,0.9713396
-0.2293311,-0.06476617,0.0279699,0.9707885
-0.2254589,-0.06472103,0.0269719,0.9717262
-0.2237163,-0.06469212,0.02652309,0.9721432
-0.2242459,-0.06470146,0.02665946,0.9720168
-0.2187036,-0.06457814,0.02523455,0.9733251
-0.2148649,-0.06446127,0.02424648,0.9742125
-0.2194107,-0.06459765,0.02541325,0.9731599
-0.2176289,-0.06454905,0.02495402,0.973575
-0.2222928,-0.0646624,0.02616328,0.9724815
-0.209299,-0.06424883,0.0228038,0.9754722
-0.2123347,-0.06437297,0.02358447,0.9747891
-0.1914125,-0.0631969,0.0181848,0.9793042
-0.1819095,-0.06241561,0.015724,0.9812064
-0.1784296,-0.06209073,0.01482474,0.9818797
-0.1728813,-0.06153096,0.01338444,0.9829276
-0.1679763,-0.06099283,0.01211166,0.9838278
-0.1661341,-0.06078024,0.01163398,0.9841595
-0.1529279,-0.05909079,0.008201608,0.9864351
-0.152897,-0.05908667,0.008191306,0.9864402
-0.1559858,-0.05950794,0.008994705,0.9859241
-0.1532257,-0.05913233,0.008276084,0.9863857
-0.1578578,-0.0597555,0.009482519,0.9856066
-0.1593597,-0.05995006,0.009872523,0.9853492
-0.1583883,-0.05982471,0.009619807,0.9855159
-0.1724881,-0.06148966,0.01328,0.9830008
-0.1787573,-0.06212078,0.01491835,0.9818168
-0.192128,-0.06325126,0.01836209,0.9791573
-0.2192218,-0.06459273,0.02536463,0.973204
-0.2440265,-0.06469847,0.03174629,0.9670871
-0.254992,-0.06439184,0.03457734,0.964177
-0.2783122,-0.06302198,0.04057683,0.9575615
-0.2950484,-0.06142318,0.04488252,0.9524491
-0.3053081,-0.06018357,0.04752621,0.9491607
-0.3126338,-0.05917658,0.04941566,0.9467399
-0.3112189,-0.059379,0.04905068,0.9472123
-0.3172793,-0.05848485,0.05061503,0.9451727
-0.3181252,-0.05835426,0.05083388,0.9448847
-0.3223311,-0.05768608,0.05191947,0.9434401
-0.3254381,-0.0569,0.05281928,0.9423707
-0.3286482,-0.05661749,0.05355293,0.9412315
-0.3265236,-0.056985,0.05300425,0.9419796
-0.3293801,-0.05648895,0.05374179,0.9409727
-0.3360045,-0.05527423,0.05545954,0.9385999
-0.339105,-0.05467858,0.05626027,0.9374715
-0.3424922,-0.05400327,0.05714065,0.9362253
-0.3372872,-0.05503046,0.05579016,0.9381346
-0.3429927,-0.05390323,0.05726799,0.93604
-0.3397312,-0.05455564,0.05642262,0.9372422
-0.3448811,-0.05351559,0.05775833,0.935338
-0.341938,-0.05411658,0.05699451,0.9364302
-0.3481337,-0.05283255,0.05860136,0.9341186
-0.3362341,-0.05523209,0.05551647,0.9385169
-0.3381129,-0.05487167,0.05600321,0.9378339
-0.3383203,-0.05483127,0.05605726,0.9377582
-0.3349542,-0.05547381,0.05518474,0.9389797
-0.3394089,-0.05461903,0.05633901,0.9373603
-0.3422807,-0.05404705,0.05708406,0.9363035
-0.3361285,-0.05525229,0.05548886,0.9385551
-0.331853,-0.05604577,0.05438238,0.9400931
-0.3336367,-0.05571917,0.05484383,0.9394542
-0.33498,-0.05546882,0.05519175,0.9389705
-0.3363685,-0.05520666,0.05555116,0.9384682
-0.3380666,-0.05488065,0.05599117,0.9378508
-0.3416277,-0.05417875,0.05691424,0.9365447
-0.3454779,-0.05339181,0.05791296,0.9351152
-0.3474198,-0.05298403,0.05841669,0.9343873
-0.3516117,-0.0520773,0.0595063,0.9328002
-0.3542152,-0.05149707,0.0601827,0.9318034
-0.3594444,-0.05029041,0.0615431,0.9297758
-0.3671705,-0.04840507,0.06355943,0.9267162
-0.3692323,-0.04788348,0.06409539,0.9258868
-0.3700067,-0.04768466,0.06429765,0.9255739
-0.3639719,-0.0491904,0.06273948,0.9279917
-0.3445064,-0.05359636,0.0576557,0.9354777
-0.3476735,-0.05292998,0.0584828,0.934292
-0.3443481,-0.05362571,0.05761983,0.9355366
-0.3355863,-0.05535533,0.05534779,0.9387514
-0.332645,-0.05590081,0.05458849,0.9398099
-0.3323171,-0.05596133,0.05450252,0.9399272
-0.3323539,-0.05595478,0.05451174,0.9399141
-0.3276308,-0.0567953,0.05328876,0.9415905
-0.3174025,-0.05846195,0.05065425,0.9451306
-0.3060257,-0.06009063,0.04770873,0.9489264
-0.2917336,-0.06178152,0.04402876,0.9534862
-0.2921346,-0.06173743,0.04413605,0.9533613
-0.2783456,-0.06302133,0.04058057,0.9575517
-0.2725342,-0.063455,0.03908757,0.9592553
-0.2676147,-0.0637746,0.03782169,0.9606689
-0.2609521,-0.06413605,0.03611013,0.9625418
-0.2522378,-0.06449024,0.03386341,0.9649199
-0.2436018,-0.0647033,0.0316451,0.9671971
-0.2309003,-0.06477705,0.02837372,0.970404
-0.2407487,-0.06474526,0.03090894,0.9679322
-0.2168206,-0.06452132,0.02476056,0.9737622
-0.2137568,-0.06442397,0.02395669,0.9744658
-0.212292,-0.06437041,0.02357765,0.9747987
-0.2016009,-0.0638637,0.02081687,0.9771618
-0.1991255,-0.0637178,0.02017966,0.9776921
-0.1993776,-0.06373335,0.02024363,0.9776384
-0.1939347,-0.06337871,0.01883693,0.9787837
-0.2060236,-0.06409713,0.02196046,0.9761986
-0.1938201,-0.06337061,0.01880713,0.9788075
-0.1941199,-0.06339155,0.01888477,0.9787453
-0.189223,-0.06303059,0.01761835,0.9797507
-0.1840307,-0.06260329,0.01627414,0.9807898
-0.184387,-0.0626341,0.01636601,0.9807194
-0.1759838,-0.06185035,0.01419072,0.9823456
-0.1736103,-0.06160752,0.01357382,0.9827918
-0.1656933,-0.06072871,0.01151811,0.9842383
-0.1667549,-0.06085264,0.01179418,0.9840481
-0.1721287,-0.06145101,0.01319004,0.9830674
-0.174387,-0.0616881,0.01377524,0.9826464
-0.1736987,-0.06161665,0.01359711,0.9827753
-0.1732364,-0.06156815,0.01347888,0.9828616
-0.1640588,-0.06053415,0.01109407,0.984529
-0.1595797,-0.05997826,0.009929682,0.9853113
-0.145407,-0.05800001,0.006237063,0.9876508
-0.1377967,-0.05680108,0.00425233,0.9888213
-0.1348934,-0.05631879,0.003492714,0.9892522
-0.1348439,-0.05631051,0.003479889,0.9892594
-0.1293739,-0.0553643,0.00204836,0.990047
-0.1317676,-0.05578432,0.002676333,0.9897061
-0.1350453,-0.05634443,0.003532272,0.9892298
-0.1315401,-0.05574474,0.00261576,0.9897388
-0.1373318,-0.05672469,0.004134637,0.9888908
-0.1282874,-0.05517051,0.001764534,0.9901997
-0.1326527,-0.05593724,0.002906118,0.9895786
-0.125072,-0.05458593,0.0009219078,0.9906445
-0.128912,-0.05528204,0.001930634,0.9901121
-0.1274018,-0.05501121,0.001541837,0.9903232
-0.1398963,-0.05714138,0.004798586,0.9885044
-0.1479938,-0.05838574,0.00691295,0.9872392
-0.1647346,-0.06061536,0.01126743,0.9844092
-0.1670997,-0.06089255,0.01188296,0.9839861
-0.174572,-0.06170711,0.01382338,0.9826117
-0.189224,-0.0630307,0.01761856,0.9797505
-0.2023937,-0.06390536,0.0210338,0.9769905
-0.2279095,-0.06475405,0.02759861,0.9711347
-0.2348047,-0.06478515,0.02937841,0.9694361
-0.2426101,-0.06471977,0.03138839,0.9674536
-0.2466437,-0.06464408,0.03242496,0.966404
-0.2560365,-0.06434843,0.0348544,0.9638931
-0.2716542,-0.06351587,0.03886005,0.9595101
-0.2713317,-0.06353727,0.03877795,0.9596032
-0.2761028,-0.06319568,0.04000518,0.9582136
-0.2694722,-0.06365872,0.03830076,0.9601381
-0.2651741,-0.06391689,0.03719355,0.9613605
-0.2632326,-0.06402206,0.03669434,0.9619061
-0.2549591,-0.06439402,0.0345662,0.9641859
-0.2510958,-0.06452557,0.03357181,0.9652256