0.03257962,-0.03085884,0.0236303,0.9987131
-0.5005801,0.2188742,0.1718319,0.8197484
-0.4993805,0.2145741,0.1680878,0.8223889
-0.5052931,0.2158066,0.1694678,0.8181608
-0.4981596,0.2143057,0.1677997,0.8232578
-0.5200982,0.2184939,0.1728841,0.8073843
-0.493352,0.2132116,0.1666611,0.8266611
-0.4697679,0.2070988,0.1610326,0.8429096
-0.4289305,0.1934665,0.1508823,0.8693814
-0.4116416,0.1866842,0.1464578,0.8799149
-0.3952336,0.1797719,0.1422044,0.8895226
-0.3902904,0.1775942,0.1409057,0.8923448
-0.3877278,0.1764524,0.140232,0.8937933
-0.3922471,0.1784603,0.1414203,0.891232
-0.3989832,0.1813855,0.1431777,0.8873624
-0.4157054,0.1883369,0.1475099,0.8774731
-0.4399665,0.1974911,0.1536649,0.8624464
-0.4688405,0.2068185,0.1607993,0.8435392
-0.489531,0.2123174,0.165762,0.8293393
-0.5188015,0.2182688,0.1725783,0.8083443
-0.5326433,0.2202996,0.175726,0.7980474
-0.5551492,0.2224111,0.1807079,0.7808247
-0.5332527,0.2203828,0.1758671,0.7975862
-0.5276327,0.219629,0.1745951,0.8018
-0.5204294,0.2185436,0.1729568,0.8071418
-0.5179774,0.2181421,0.1723963,0.8089455
-0.5230559,0.2189558,0.1735563,0.8052012
-0.5258662,0.2193767,0.1741951,0.8031156
-0.5232782,0.2189905,0.1736071,0.8050364
-0.5132909,0.2173256,0.1713177,0.8123745
-0.5020519,0.2151421,0.1687122,0.820484
-0.4971812,0.214089,0.1675691,0.8239523
-0.4927081,0.2130716,0.1665149,0.8271107
-0.4926704,0.2130629,0.1665062,0.827137
-0.4940354,0.2133782,0.1668278,0.8261764
-0.5029792,0.2153318,0.1689268,0.8198219
-0.5044386,0.2156329,0.1692684,0.8187749
-0.4981687,0.2143125,0.1678051,0.8232495
-0.4814829,0.2102694,0.1638258,0.8349383
-0.4547015,0.2024743,0.157331,0.8529347
-0.4431566,0.1986082,0.1544626,0.8604117
-0.4640054,0.2053799,0.159617,0.8467824
-0.4750424,0.2085708,0.1622976,0.8393404
-0.4821946,0.2104825,0.1640146,0.8344367
-0.4888342,0.2121497,0.1655977,0.8298259
-0.4988408,0.2144545,0.1679595,0.8227738
-0.5052244,0.2157918,0.1694512,0.8182105
-0.5098614,0.2166957,0.1705272,0.814865
-0.513321,0.2173342,0.1713267,0.8123513
-0.49568,0.2137437,0.1672098,0.8250186
-0.4759672,0.2088302,0.1625241,0.8387079
-0.4695366,0.2070135,0.1609644,0.8430725
-0.4577168,0.2034361,0.1580738,0.8509535
-0.4314065,0.1944028,0.1515169,0.8678356
-0.4186252,0.1894815,0.148248,0.8757123
-0.4272867,0.1928297,0.1504541,0.8704058
-0.4341614,0.1954044,0.1522048,0.8661147
-0.4487299,0.2005068,0.1558497,0.8568252
-0.480713,0.2101034,0.1636637,0.8354555
-0.5324392,0.2202629,0.1756715,0.7982057
-0.5896975,0.222689,0.1880911,0.7531853
-0.5909851,0.2226253,0.1883594,0.7521272
-0.5920124,0.2225698,0.1885725,0.7512819
-0.594347,0.2224348,0.1890588,0.7493539
-0.5925087,0.2225436,0.1886767,0.7508721
-0.5965093,0.2222918,0.1895063,0.7475629
-0.5954715,0.2223622,0.1892912,0.7484233
-0.5769939,0.2230263,0.1854178,0.7635165
-0.5534056,0.2223082,0.1803324,0.7821773
-0.5233529,0.2190044,0.1736254,0.8049802
-0.5074153,0.2162351,0.1699663,0.8166294
-0.4890656,0.2121963,0.1656461,0.829668
-0.4761432,0.2088707,0.1625613,0.8385907
-0.4739099,0.2082538,0.1620223,0.8401123
-0.478046,0.2093877,0.16302,0.8372892
-0.4846243,0.2111045,0.1645947,0.8327562
-0.491155,0.2127063,0.1661475,0.8282015
-0.4765981,0.2089865,0.1626657,0.8382833
-0.470897,0.207394,0.1612877,0.8421578
-0.4966812,0.2139722,0.1674481,0.8243087
-0.501623,0.2150498,0.1686106,0.8207912
-0.5211832,0.2186509,0.1731208,0.806591
-0.5436879,0.2215318,0.1781971,0.7896664
-0.5453843,0.2216814,0.1785676,0.7883698
-0.5517818,0.2221977,0.1799778,0.7834367
-0.5320272,0.2202182,0.1755855,0.7985116
-0.5028543,0.2152951,0.1688904,0.8199157
-0.4801117,0.2099409,0.1635176,0.8358706
-0.4936065,0.2132802,0.1667275,0.8264781
-0.4925655,0.2130368,0.1664805,0.8272115
-0.4828239,0.2106459,0.1641657,0.8340018
-0.4870456,0.2117096,0.1651713,0.8310741
-0.4830924,0.2107148,0.1642297,0.8338163
-0.4836251,0.21085,0.1643558,0.8334483
-0.478895,0.2096165,0.1632248,0.8367068
-0.4693364,0.2069513,0.1609129,0.843209
-0.4639293,0.2053551,0.1595974,0.8468339
-0.4901939,0.2124811,0.165923,0.8288735
-0.5009616,0.2149133,0.1684584,0.8212621
-0.499731,0.2146469,0.1681677,0.8221406
-0.5008194,0.2148797,0.1684224,0.8213651
-0.504446,0.215634,0.1692698,0.8187698
-0.5073265,0.2162084,0.1699397,0.8166971
-0.507715,0.2162841,0.1700296,0.8164169
-0.5062426,0.215995,0.169688,0.8174781
-0.5020515,0.2151346,0.1687071,0.8204873
-0.4914775,0.2127861,0.1662265,0.8279738
-0.4987718,0.2144378,0.1679422,0.8228235
-0.4996596,0.2146318,0.1681514,0.8221914
-0.4994156,0.2145789,0.1680942,0.822365
-0.4947739,0.2135474,0.1670021,0.8256551
-0.4928514,0.2131057,0.1665496,0.8270094
-0.4885572,0.212082,0.1655315,0.8300195
-0.4925776,0.2130406,0.166484,0.8272026
-0.5063771,0.2160162,0.1697158,0.8173835
-0.5128901,0.2172601,0.1712295,0.8126637
-0.5277925,0.2196525,0.174632,0.8016804
-0.5355803,0.2206592,0.1763849,0.7958339
-0.54299,0.2214586,0.178038,0.7902029
-0.5564432,0.2224935,0.1809947,0.7798132
-0.5624558,0.2227852,0.1823016,0.7750977
-0.5505474,0.2221003,0.1797015,0.7843956
-0.5269138,0.219532,0.1744354,0.802334
-0.5083909,0.2164667,0.1702225,0.8159077
-0.4435866,0.1987575,0.1545705,0.8601362
-0.4599667,0.2041387,0.1586252,0.8494681
-0.470003,0.207149,0.1610779,0.8427576
-0.4677001,0.2064775,0.160517,0.8443092
-0.4716775,0.2076259,0.1614829,0.8416265
-0.4745786,0.2084407,0.1621846,0.839657
-0.4702717,0.2072198,0.1611389,0.8425786
-0.4616604,0.2046641,0.159042,0.8483443
-0.4631326,0.2051136,0.1594023,0.847365
-0.4920954,0.2129432,0.1663798,0.8275355
-0.5040499,0.2155398,0.1691686,0.8190594
-0.5350556,0.220605,0.1762724,0.7962267
-0.5762823,0.2230299,0.1852664,0.7640895
-0.5954438,0.2223626,0.1892844,0.748447
-0.6032682,0.2217462,0.1908986,0.7419258
-0.5899603,0.2226744,0.1881445,0.7529705
-0.5869855,0.2228047,0.1875241,0.7554077
-0.5612925,0.2227355,0.1820483,0.7760142
-0.5360236,0.2207174,0.1764885,0.7954963
-0.5103793,0.2167834,0.1706406,0.8144935
-0.5029325,0.2153233,0.1689167,0.8198547
-0.5005192,0.2148162,0.168353,0.8215789
-0.5083659,0.2164092,0.1701802,0.8159473
-0.5101815,0.2167574,0.1706024,0.8146324
-0.5050939,0.2157656,0.1694211,0.8183042
-0.4969297,0.2140345,0.1675108,0.8241299
-0.4959621,0.2138201,0.1672847,0.8248141
-0.5098388,0.2166855,0.1705182,0.8148836
-0.5092781,0.2165856,0.1703927,0.815287
-0.5129842,0.2172851,0.1712568,0.8125918
-0.4780232,0.2092659,0.1629398,0.8373484
-0.4470261,0.1999534,0.1554392,0.857919
-0.4612659,0.2045433,0.158946,0.8486059
-0.458794,0.2037748,0.1583385,0.8502428
-0.4583156,0.2036253,0.1582212,0.8505584
-0.4666669,0.2061875,0.1602751,0.8449974
-0.4341569,0.1954026,0.1522034,0.8661175
-0.4506148,0.2011303,0.1563149,0.8556042
-0.4249989,0.1919784,0.1498855,0.8718111
-0.4080414,0.1852156,0.1455357,0.8820525
-0.3840601,0.1748009,0.139265,0.8958503
-0.3344016,0.1506833,0.1259314,0.9217437
-0.3198692,0.1430904,0.1219387,0.9286226
-0.3241819,0.145357,0.1231229,0.9266165
-0.3396144,0.1533335,0.1273406,0.9192035
-0.3274875,0.1470837,0.1240288,0.9250595
-0.3303987,0.1486249,0.1248457,0.9236671
-0.2934361,0.1288003,0.1145652,0.9403087
-0.3074139,0.1364462,0.1184954,0.934258
-0.3582544,0.1626606,0.1324021,0.909761
-0.3754593,0.1708975,0.1370176,0.9005834
-0.4145299,0.1877833,0.1471547,0.8782072
-0.4341174,0.1953883,0.1521937,0.8661423
-0.4378578,0.1967448,0.1531377,0.8637829
-0.4233404,0.1913004,0.1494376,0.8728433
-0.4184642,0.1894299,0.1482144,0.8758063
-0.4132413,0.1873403,0.1468741,0.8789558
-0.4297841,0.1937905,0.1511011,0.8688494
-0.429023,0.1934986,0.1509038,0.8693248
-0.435962,0.196059,0.1526586,0.8649817
-0.432545,0.1948113,0.1517968,0.8671281
-0.4303358,0.1939904,0.1512366,0.8685081
-0.4258339,0.1922949,0.1500966,0.8712974
-0.4314077,0.1943904,0.1515092,0.8678392
-0.4369268,0.196407,0.1529015,0.8643728
-0.442548,0.1984005,0.1543134,0.8607996
-0.4615941,0.2046131,0.1590059,0.8483994
-0.4716929,0.2076348,0.161489,0.8416145
-0.4840863,0.2109692,0.1644677,0.8331283
-0.4923903,0.2129816,0.1664302,0.8273401
-0.5128906,0.2172641,0.1712325,0.8126616
-0.5124489,0.2171766,0.1711256,0.8129861
-0.5149736,0.2176281,0.1717076,0.8111454
-0.5177526,0.2181039,0.1723446,0.8091108
-0.5102555,0.2167702,0.1706181,0.8145793
-0.5041397,0.2155721,0.1691985,0.8189894
-0.4952476,0.213656,0.1671146,0.8253204
-0.4885198,0.2120737,0.1655231,0.8300453
-0.4887345,0.2121291,0.1655766,0.8298941
-0.4737155,0.2081915,0.1619702,0.8402474
-0.4716889,0.2076286,0.1614849,0.8416191
-0.4649168,0.2056358,0.1598282,0.8461804
-0.4413635,0.1979899,0.1540192,0.8615546
-0.4414348,0.1980092,0.1540331,0.8615112
-0.4322328,0.194696,0.1517177,0.8673235
-0.4405248,0.19769,0.1538059,0.8620907
-0.4327409,0.1948822,0.1518457,0.8670058
-0.4177501,0.1891614,0.1480411,0.8762344
-0.3839506,0.1747515,0.1392366,0.8959113
-0.3354975,0.1512774,0.1262512,0.9212041
-0.3554631,0.1612129,0.1315945,0.9112296
-0.4062293,0.1844302,0.145046,0.8831336
-0.420598,0.1902699,0.1487605,0.8745084
-0.4323274,0.19473,0.1517411,0.8672646
-0.4390565,0.1971695,0.1534368,0.8630242
-0.4375014,0.1966139,0.1530462,0.8640095
-0.4426734,0.1984407,0.1543426,0.8607206
-0.4352697,0.1957995,0.1524786,0.8654208
-0.4229573,0.1911926,0.1493661,0.8730649
-0.4287882,0.1934127,0.1508458,0.8694698
-0.4222547,0.1909159,0.1491836,0.8734967
-0.4314491,0.1944073,0.1515205,0.8678128
-0.4264148,0.1925151,0.1502435,0.8709393
-0.4236493,0.191456,0.1495397,0.8726419
-0.4220547,0.1908384,0.149133,0.8736188
-0.4176782,0.1891192,0.1480136,0.8762824
-0.4145693,0.1878773,0.1472159,0.8781583
-0.4078062,0.1851132,0.1454717,0.8821934
-0.3972693,0.1806503,0.1427327,0.8883523
-0.3968422,0.1804674,0.1426226,0.888598
-0.4169808,0.1888144,0.1478172,0.8767133
-0.4314932,0.194426,0.1515331,0.8677845
-0.4341107,0.1953859,0.1521922,0.8661465
-0.4400355,0.1975154,0.1536822,0.8624026
-0.4454814,0.1994103,0.1550439,0.8589198
-0.4425783,0.1984075,0.1543187,0.8607815
-0.4464148,0.199728,0.1552759,0.8583193
-0.4428558,0.1985045,0.1543885,0.8606037
-0.4455007,0.1994156,0.1550475,0.8589079
-0.4417477,0.1981161,0.1541102,0.8613124
-0.4384483,0.1969521,0.1532839,0.8634101
-0.4429072,0.1985221,0.1544009,0.860571
-0.4428838,0.1985136,0.1543946,0.8605862
-0.443265,0.1986473,0.1544914,0.8603416
-0.4369254,0.1964065,0.1529012,0.8643737
-0.4277401,0.1930182,0.1505802,0.8701195
-0.422483,0.1910057,0.1492431,0.8733565
-0.4193239,0.1897695,0.1484346,0.875284
-0.4169814,0.1888421,0.147835,0.876704
-0.4238808,0.1915469,0.1495997,0.8724992
-0.4452212,0.1993039,0.1549681,0.8590931
-0.4754358,0.2086704,0.1623868,0.8390756
-0.4889477,0.2121771,0.1656244,0.8297467
-0.4863514,0.2115392,0.1650072,0.8315564
-0.4881111,0.2119714,0.1654245,0.8303315
-0.4958256,0.2137868,0.167251,0.8249117
-0.4941372,0.2134024,0.1668525,0.8261042
-0.5015722,0.2150324,0.1685946,0.8208302
-0.5084885,0.2164351,0.1702099,0.8158578
-0.4866619,0.2116174,0.1650819,0.8313401
-0.4588868,0.2038043,0.1583619,0.8501813
-0.4699674,0.2071377,0.1610687,0.8427821
-0.4760719,0.2088555,0.1625467,0.8386379
-0.4936001,0.2132716,0.1667214,0.8264855
-0.5052268,0.2157918,0.1694515,0.8182091
-0.5174828,0.218061,0.1722845,0.8093078
-0.5173655,0.218039,0.1722558,0.8093948
-0.5230525,0.218956,0.1735557,0.8052037
-0.5121705,0.2171254,0.171061,0.8131889
-0.5126493,0.2172136,0.1711724,0.81284
-0.5191239,0.2183304,0.1726581,0.8081036
-0.5110639,0.2169159,0.1708017,0.813995
-0.5213467,0.2186899,0.1731665,0.806465
-0.5285087,0.2197551,0.1747956,0.8011447
-0.5492609,0.2219831,0.1794057,0.7853977
-0.5749013,0.2230335,0.1849738,0.7651988
-0.5700783,0.2229939,0.1839432,0.7690575
-0.5818515,0.2229605,0.1864465,0.7595888
-0.573907,0.2230188,0.1847525,0.7660025
-0.560375,0.2227006,0.1818533,0.7767327
-0.548649,0.2219598,0.1792887,0.7858586
-0.5190929,0.2183258,0.172651,0.8081263
-0.507726,0.2162902,0.170035,0.8164074
-0.5000548,0.2147107,0.1682404,0.8219122
-0.4991622,0.2145243,0.1680349,0.8225452
-0.4953625,0.2136801,0.1671403,0.82524
-0.4962364,0.2138745,0.1673447,0.8246228
-0.500597,0.2148307,0.1683693,0.8215243
-0.5183312,0.218201,0.1724773,0.8086858
-0.5257888,0.2193624,0.1741751,0.8031745
-0.5370073,0.2208259,0.1767049,0.7947543
-0.540077,0.2211629,0.1773901,0.7924244
-0.5387567,0.2210207,0.1770953,0.7934282
-0.5358074,0.2206853,0.1764353,0.7956626
-0.5419784,0.2213592,0.1778138,0.7909752
-0.5335479,0.2204093,0.1759268,0.7973683
-0.5381382,0.2209522,0.1769567,0.7938978
-0.5297385,0.2199204,0.1750717,0.8002262
-0.5272811,0.219586,0.1745198,0.8020595
-0.5075648,0.2162408,0.1699858,0.8165309
-0.5052032,0.2157874,0.1694466,0.8182258
-0.5103927,0.2167945,0.1706496,0.8144804
-0.5071183,0.2161642,0.169889,0.8168487
-0.5096371,0.2166542,0.1704758,0.8150271
-0.515689,0.2177522,0.1718712,0.8106228
-0.5082979,0.2163983,0.1701659,0.8159954
-0.5157723,0.2177631,0.1718878,0.8105633
-0.5173871,0.2180429,0.172261,0.8093788
-0.5215093,0.2187154,0.1732032,0.806345
-0.5315125,0.2201563,0.1754728,0.7988961
-0.5370849,0.2208329,0.1767209,0.7946964
-0.547124,0.2218406,0.1789568,0.7870302
-0.5752081,0.2230326,0.1850384,0.7649528
-0.5558559,0.2224648,0.1808702,0.7802689
-0.5607436,0.222714,0.1819312,0.7764446
-0.5610867,0.2227291,0.1820054,0.7761749
-0.5594638,0.2226558,0.1816542,0.7774486
-0.5695702,0.2229845,0.1838335,0.7694628
-0.5680512,0.2229436,0.1834998,0.7706762
-0.5633509,0.2228196,0.182496,0.7743917
-0.5707955,0.2230044,0.1840969,0.7684854
-0.569362,0.2229822,0.18379,0.7696278
-0.5689852,0.2229755,0.1837094,0.7699277
-0.5677252,0.2229492,0.1834391,0.7709292
-0.5657198,0.2228972,0.1830074,0.7725195
-0.5603931,0.2226974,0.1818545,0.7767203
-0.5532262,0.2222969,0.1802934,0.7823165
-0.5548555,0.222402,0.1806503,0.7810494
-0.5593918,0.2226519,0.1816381,0.7775053
-0.5667075,0.2229243,0.18322,0.7717369
-0.5737532,0.2230299,0.1847284,0.7661203
-0.5787297,0.2230101,0.185785,0.762117
-0.57873,0.2230103,0.1857852,0.7621168
-0.5734556,0.2230288,0.1846653,0.7663586
-0.5750178,0.2230322,0.1849976,0.765106
-0.570702,0.2230036,0.184077,0.7685599
-0.5602497,0.2226928,0.1818249,0.7768319
-0.5614309,0.2227432,0.1820799,0.7759044
-0.5491399,0.2219966,0.1793949,0.785481
-0.5443688,0.2215891,0.1783434,0.789148
-0.549336,0.2220142,0.1794398,0.7853286
-0.5523518,0.2222347,0.1801,0.7829963
-0.5595824,0.2226622,0.1816804,0.7773554
-0.5554227,0.2224369,0.180774,0.7806076
-0.5449972,0.2216467,0.1784827,0.7886664
-0.5472722,0.2218461,0.178985,0.7869192
-0.5440983,0.2215626,0.1782826,0.7893557
-0.5463089,0.2217628,0.1787717,0.7876602
-0.5452542,0.2216688,0.1785382,0.78847
-0.5512273,0.2221571,0.1798553,0.7838665
-0.5586561,0.2226147,0.1814777,0.7780823
-0.5691898,0.2229779,0.183752,0.7697656
-0.5726104,0.2230236,0.1844851,0.7670352
-0.5723481,0.2230215,0.184429,0.767245
-0.5618173,0.2227588,0.1821629,0.7756008
-0.5410976,0.2212622,0.1776121,0.7916505
-0.5403473,0.2211908,0.1774497,0.7922191
-0.557157,0.2224979,0.1811258,0.7792715
-0.5661907,0.222831,0.1830523,0.7721828
-0.5410751,0.2212755,0.1776179,0.7916608
-0.5324647,0.2202772,0.175686,0.7981815
-0.5343959,0.2205166,0.1761191,0.7967281
-0.5365098,0.2207678,0.1765929,0.7951313
-0.5363881,0.2207535,0.1765654,0.7952235
-0.5355184,0.220652,0.1763714,0.7958805
-0.5374386,0.2208739,0.176801,0.7944281
-0.5363072,0.2207387,0.1765435,0.7952871
-0.5382062,0.2209588,0.1769716,0.7938466
-0.5319253,0.2202083,0.1755649,0.7985868
-0.5246554,0.2191982,0.1739202,0.8040153
-0.5215065,0.2187165,0.1732044,0.8063462
-0.5169845,0.2179739,0.1721682,0.8096744
-0.523046,0.2189544,0.1735535,0.8052087
-0.5273482,0.2195897,0.1745313,0.8020119
-0.5269912,0.2195394,0.1744506,0.8022779
-0.5224046,0.2188624,0.1734122,0.8056805
-0.4974478,0.2141484,0.1676319,0.8237631
-0.4550318,0.2025623,0.1574,0.8527249
-0.4078996,0.1851477,0.1454917,0.8821397
-0.3795359,0.1727374,0.1380695,0.8983603
-0.3664867,0.1666169,0.1345951,0.9054339
-0.3557698,0.1614244,0.1317188,0.9110545
-0.3567172,0.1618885,0.1319736,0.9105647
-0.3502733,0.1587013,0.1302319,0.9138721
-0.3430227,0.1550641,0.1282677,0.9175173
-0.3264293,0.1465352,0.1237411,0.925559
-0.3194723,0.1428649,0.1218187,0.9288096
-0.3031988,0.1341744,0.1173273,0.9361101
-0.2911181,0.1276009,0.1139676,0.9412649
-0.2912946,0.1276968,0.1140163,0.9411913
-0.2979843,0.1313472,0.1158787,0.9383632
-0.3004153,0.1326678,0.1165546,0.937318
-0.2976575,0.13117,0.1157882,0.9385028
-0.3002649,0.1325853,0.1165122,0.9373831
-0.2993582,0.1320922,0.1162596,0.937774
-0.3063306,0.1358631,0.1181951,0.9347367
-0.3050924,0.1351965,0.1178523,0.9352815
-0.3121906,0.1389966,0.1198102,0.9321278
-0.2966962,0.1306512,0.115524,0.938912
-0.2955102,0.1300012,0.1151913,0.939417
-0.2900381,0.1270092,0.1136665,0.9417146
-0.3067604,0.136099,0.1183174,0.934546
-0.3071266,0.1362912,0.1184156,0.9343852
-0.3085217,0.1370407,0.1188017,0.9337668
-0.3104435,0.1380713,0.1193337,0.9329097
-0.3002997,0.1327258,0.1168391,0.9373114
-0.2926563,0.1284432,0.1143967,0.9406211
-0.287983,0.1258814,0.1130932,0.9425654
-0.2847244,0.1240893,0.1121832,0.9439009
-0.2936405,0.1289664,0.1146603,0.9402106
-0.3080388,0.1367894,0.1186737,0.9339793
-0.2946037,0.1295009,0.1149348,0.9398022
-0.295901,0.1302136,0.1152996,0.9392514
-0.2778811,0.12031,0.1102692,0.946651
-0.2711613,0.1165811,0.1083863,0.9492801
-0.2768182,0.1197204,0.1099712,0.9470719
-0.2786134,0.120715,0.1104741,0.9463605
-0.2780569,0.1204057,0.1103175,0.9465817
-0.284078,0.1237339,0.1120032,0.9441636
-0.2809218,0.1219921,0.1111205,0.945438
-0.2711405,0.1165684,0.1083796,0.9492884
-0.2727406,0.1174582,0.1088288,0.9486687
-0.2681488,0.1148997,0.1075375,0.9504368
-0.2706726,0.116307,0.1082476,0.949469
-0.263842,0.1125004,0.1063297,0.9520636
-0.2463494,0.1027034,0.1014033,0.9583743
-0.2352775,0.09648398,0.09827651,0.9621212
-0.2213193,0.08864095,0.09432352,0.9665732
-0.2051291,0.07958381,0.08973747,0.9713576
-0.1965491,0.0748112,0.08730675,0.9737296
-0.2020454,0.07785627,0.08885546,0.9722247
-0.2188038,0.08723421,0.09361425,0.9673425
-0.2040759,0.07899647,0.08943894,0.9716549
-0.1995919,0.07649775,0.08816596,0.9729019
-0.192661,0.07265508,0.0862041,0.9747676
-0.1933361,0.07303094,0.08639732,0.9745887
-0.2082873,0.0813463,0.0906326,0.970456
-0.2110885,0.08291186,0.0914265,0.9696435
-0.2100255,0.08231691,0.09112461,0.9699534
-0.206698,0.08046331,0.09018583,0.970911
-0.1890298,0.07064618,0.08517399,0.9757162
-0.198659,0.07600248,0.08791934,0.9731538
-0.2513089,0.1054283,0.102743,0.9566465
-0.3561899,0.16144,0.1317039,0.9108896
-0.3931514,0.1788566,0.1416563,0.8907164
-0.3784575,0.1722426,0.1377852,0.8989537
-0.3900577,0.1774867,0.1408416,0.892478
-0.3931298,0.1788476,0.1416509,0.8907287
-0.3886839,0.1768796,0.1404836,0.893254
-0.3849446,0.1751987,0.139497,0.8953567
-0.3775984,0.1718534,0.1375625,0.8994234
-0.3592123,0.1631048,0.1326434,0.9092684
-0.3262127,0.1464157,0.1236774,0.9256628
-0.2690748,0.1154307,0.1078067,0.9500801
-0.2377416,0.09788376,0.09898444,0.9613011
-0.2433955,0.1010485,0.1005728,0.959392
-0.2195483,0.08764903,0.09382308,0.9671159
-0.210172,0.08239949,0.0911668,0.9699106
-0.2192928,0.08751121,0.09375504,0.9671931
-0.2357063,0.0967318,0.09840258,0.9619784
-0.2721139,0.1171096,0.1086527,0.948912
-0.295449,0.1299474,0.1151598,0.9394476
-0.3196077,0.1429584,0.1218713,0.9287418
-0.3188555,0.1425494,0.121656,0.9290913
-0.3276498,0.1471657,0.1240715,0.9249834
-0.3472236,0.1571796,0.1294076,0.9154146
-0.3625607,0.1647317,0.1335439,0.9075127
-0.3687317,0.1676868,0.1351955,0.9042346
-0.3682821,0.1674728,0.1350752,0.9044755
-0.3651344,0.1659698,0.134233,0.9061525
-0.3625616,0.164731,0.1335437,0.9075124
-0.3563549,0.1617103,0.1318757,0.9107524
-0.3473014,0.1572188,0.1294287,0.9153755
-0.3505585,0.1588386,0.1303059,0.9137284
-0.3638975,0.1653811,0.1339056,0.9068059
-0.3534691,0.1602814,0.131092,0.9122414
-0.3533184,0.1602141,0.1310563,0.9123167
-0.3618528,0.1643804,0.133348,0.9078876
-0.3719553,0.1692124,0.1360564,0.9024994
-0.3736956,0.1700256,0.1365179,0.9015574
-0.3743662,0.1703403,0.1366968,0.9011927
-0.373522,0.1699444,0.1364715,0.9016517
-0.3721323,0.1692925,0.1361015,0.9024046
-0.3823979,0.1740445,0.1388256,0.8967763
-0.3866014,0.1759477,0.1399357,0.894427
-0.38094,0.1733828,0.1384426,0.8975838
-0.3652148,0.1659953,0.1342462,0.9061134
-0.3399688,0.1535147,0.1274376,0.9190289
-0.3166705,0.1413905,0.1210531,0.9300939
-0.2969552,0.1307911,0.1155951,0.9388019
-0.2866357,0.1251417,0.1127174,0.9431196
-0.2870432,0.1253656,0.1128312,0.9429522
-0.2808166,0.1219333,0.1110907,0.9454804
-0.270377,0.1161529,0.1081727,0.9495807
-0.2498429,0.1046211,0.1023559,0.9571604
-0.2075149,0.08090334,0.09040328,0.9706799
-0.191104,0.07179244,0.08576187,0.9751769
-0.164314,0.05713948,0.078175,0.9816439
-0.1520319,0.05055176,0.07470162,0.9842512
-0.1479515,0.04838196,0.07354596,0.9850687
-0.1395433,0.04395298,0.0711719,0.9866764
-0.1316933,0.03986625,0.06895909,0.9880852
-0.1159391,0.03180863,0.06452054,0.990648
-0.0954914,0.02169065,0.05879231,0.9934558
-0.08974782,0.0189223,0.05718986,0.9941412
-0.08284333,0.01563721,0.05526416,0.9949063
-0.09781285,0.02281597,0.0594371,0.9931663
-0.1117989,0.02973428,0.06336529,0.9912628
-0.1010236,0.02439165,0.06034277,0.9927528
-0.103004,0.02536523,0.06089759,0.9924908
-0.1007907,0.02428504,0.06028752,0.9927824
-0.07406472,0.01152295,0.05280758,0.9957876
-0.04304028,-0.002281575,0.04422933,0.9980912
-0.02131139,-0.01126992,0.03825356,0.9989772
-0.0097057,-0.01581817,0.03508876,0.9992119
-0.02248017,-0.01079876,0.03857996,0.9989443
-0.03139753,-0.007169657,0.04102588,0.9986389
-0.04754082,-0.0003476623,0.04547057,0.9978338
-0.05578396,0.003258274,0.04774976,0.9972951
-0.05790012,0.004195636,0.04833403,0.9971429
-0.05647593,0.003563756,0.04793993,0.997246
-0.0289368,-0.008179815,0.04035243,0.9987329
-0.01156021,-0.01510115,0.03559799,0.9991852
0.004709029,-0.02122398,0.0311619,0.9992778
0.01445293,-0.02471527,0.02852316,0.999183
0.02606713,-0.02870425,0.02538784,0.9989254
0.03372269,-0.03123333,0.02331512,0.9986709
0.06551691,-0.04080522,0.0148022,0.9969069
0.076917,-0.04386777,0.01177866,0.9960023
0.06052566,-0.03940413,0.01612157,0.9972582
0.08324902,-0.04548297,0.01010499,0.9954391
0.06759232,-0.04137525,0.0142607,0.9967528
0.04383549,-0.03443675,0.02060615,0.9982324
0.02980401,-0.02994789,0.02437909,0.9988095
0.01690745,-0.025576,0.02785459,0.9991417
0.01032525,-0.0232515,0.02964197,0.9992367
0.01332862,-0.02431894,0.02882754,0.9991996
0.01393859,-0.02453438,0.02866186,0.9991909
0.01712248,-0.02564898,0.02780127,0.9991377
0.01363454,-0.02441899,0.02876301,0.9991949
-0.02926637,-0.008046208,0.04044078,0.9987208
-0.03747012,-0.004641069,0.04269543,0.9983744
-0.03542614,-0.005496086,0.04213507,0.9984685
-0.05502705,0.002922879,0.0475389,0.9973482
-0.03152163,-0.007118455,0.04105999,0.9986339
-0.02788516,-0.008611441,0.04006129,0.9987708
-0.03239503,-0.006757229,0.04130041,0.9985986
-0.03738795,-0.004675791,0.04267235,0.9983783
-0.03152834,-0.007115746,0.0410618,0.9986337
-0.01368899,-0.01428125,0.03616486,0.99915
0.003464728,-0.02076519,0.03150749,0.9992818
-0.001737672,-0.01883936,0.03291947,0.999279
-0.01669314,-0.01309915,0.0369965,0.9990901
-0.01756803,-0.01275389,0.03723622,0.9990706
-0.02194134,-0.01101468,0.03843184,0.9989596
-0.0536466,0.002307494,0.04714555,0.9974438
-0.07104972,0.01014149,0.05198128,0.9960658
-0.06808707,0.008783692,0.05115676,0.9963282
-0.07686316,0.01283226,0.05359893,0.9955173
-0.07239319,0.01075927,0.05235387,0.9959431
-0.07606865,0.01246174,0.05337679,0.995595
-0.0717827,0.01047789,0.05218394,0.9959992
-0.07904167,0.01384936,0.05420491,0.9953001
-0.07970338,0.01415921,0.05438881,0.995233
-0.08356746,0.01597892,0.05546543,0.994829
-0.08539128,0.01684273,0.05597307,0.9946315
-0.08925354,0.01868598,0.05705241,0.994198
-0.08230474,0.01538199,0.05511261,0.9949633
-0.07827637,0.01349096,0.05399128,0.9953772
-0.08829363,0.0182268,0.05678478,0.9943076
-0.0790188,0.01383857,0.05419852,0.9953024
-0.08894355,0.01853251,0.05695933,0.994234
-0.101681,0.02471448,0.06052686,0.9926664
-0.1038718,0.02579016,0.06113729,0.9923748
-0.1132542,0.03046365,0.06377344,0.9910492
-0.1106768,0.0291716,0.06304848,0.9914255
-0.1128459,0.0302575,0.0636574,0.9911094
-0.1053735,0.02653021,0.06155572,0.9921712
-0.0902582,0.01917054,0.05733684,0.9940817
-0.07726931,0.01301956,0.05370931,0.9954774
-0.08998095,0.01903413,0.05725493,0.9941142
-0.1080564,0.02786848,0.06231726,0.9917982
-0.1135956,0.03063227,0.06386609,0.9909989
-0.1182063,0.03295945,0.06516339,0.9903004
-0.1160183,0.03185343,0.06454829,0.9906354
-0.1124072,0.03003771,0.0635344,0.9911739
-0.1114286,0.02954683,0.06325877,0.9913169
-0.1082402,0.02795725,0.06236568,0.9917726
-0.1016186,0.02468379,0.06050938,0.9926747
-0.1116949,0.02967201,0.06332408,0.9912789
-0.1326414,0.04036536,0.06923497,0.9879187
-0.1508397,0.04990881,0.07435589,0.9844937
-0.1665639,0.0583534,0.07880934,0.9811423
-0.1706519,0.06057316,0.07996845,0.9802111
-0.1595534,0.05456192,0.0768154,0.9826825
-0.1430109,0.04578315,0.07216132,0.9860246
-0.111413,0.02953965,0.06325524,0.991319
-0.09420553,0.02107206,0.05843857,0.9936127
-0.09156018,0.01979262,0.05769577,0.9939296
-0.09413448,0.02103464,0.05841477,0.9936216
-0.09210948,0.02005732,0.05784947,0.9938647
-0.09039758,0.01923354,0.05737067,0.9940658
-0.09245285,0.02022286,0.05794557,0.9938238
-0.09747579,0.02265589,0.05934814,0.9932085
-0.09621505,0.02204385,0.05899709,0.9933661
-0.0926066,0.02029808,0.05798972,0.9938054
-0.1089231,0.02828605,0.06254388,0.9916772
-0.1251797,0.03651337,0.06712674,0.9891869
-0.1367832,0.04251036,0.07039337,0.9871818
-0.1390488,0.04369383,0.0710321,0.9867678
-0.1345879,0.04136844,0.06977553,0.9875759
-0.1267905,0.03734218,0.06758309,0.9889197
-0.1010529,0.02440605,0.06035091,0.9927489
-0.08091578,0.01472932,0.05472752,0.9951083
-0.0741262,0.01156181,0.05283845,0.9957809
-0.06741916,0.008479412,0.05097155,0.9963858
-0.05552901,0.003144713,0.04767793,0.9973131
-0.06472853,0.007259835,0.05022776,0.9966117
-0.07918868,0.01391111,0.05423611,0.995286
-0.09198769,0.02000016,0.05781732,0.993879
-0.1013387,0.02454631,0.06043093,0.9927115
-0.09295506,0.02045795,0.05807662,0.9937645
-0.0847512,0.01653738,0.05579236,0.9947014
-0.1084716,0.02806868,0.06242587,0.9917405
-0.09999074,0.02388545,0.06005354,0.9928871
-0.1263916,0.03713688,0.06747022,0.9889862
-0.1361271,0.04216976,0.07020968,0.9873002
-0.1343998,0.04127107,0.06972301,0.9876093
-0.1469171,0.04783418,0.07325342,0.9852722
-0.1478359,0.04832033,0.07351289,0.9850917
-0.1464724,0.04759892,0.07312784,0.9853591
-0.1462279,0.04746985,0.07305887,0.9854068
-0.1433127,0.04593207,0.07223564,0.9859685
-0.144984,0.04681305,0.07270762,0.9856479
-0.151719,0.0503802,0.07460823,0.9843154
-0.1486585,0.04875971,0.07374883,0.9849285
-0.1684825,0.05939321,0.07935252,0.9807085
-0.1715056,0.06103572,0.08020855,0.9800138
-0.1740308,0.06241409,0.08092631,0.9794227
-0.1591513,0.05436588,0.07672094,0.982766
-0.1953766,0.07415915,0.0869731,0.9740452
-0.1786335,0.06492171,0.08222224,0.9783224
-0.1642671,0.05711699,0.07816455,0.9816539
-0.1742481,0.06253057,0.0809857,0.9793716
-0.1932495,0.07297993,0.08637008,0.9746121
-0.1982131,0.07573402,0.08777739,0.9732786
-0.1889419,0.07059679,0.08514848,0.9757391
-0.1748057,0.06283289,0.08114202,0.97924
-0.1631886,0.05652921,0.07785401,0.9818924
-0.155626,0.05246727,0.07571513,0.9835115
-0.1519996,0.05053197,0.07468997,0.9842581
-0.1587711,0.05415434,0.07660655,0.9828482
-0.1401331,0.04426196,0.0713383,0.9865671
-0.1315942,0.03981435,0.06893061,0.9881024
-0.1391479,0.04374668,0.0710611,0.9867494
-0.1461052,0.0474041,0.07302327,0.9854307
-0.1454523,0.04705998,0.07283981,0.9855573
-0.1626748,0.05625602,0.0777128,0.9820045
-0.1350978,0.0416078,0.06989143,0.987488
-0.1128837,0.0302794,0.06367128,0.9911036
-0.1177735,0.03274012,0.06504149,0.9903671
-0.1219865,0.03487871,0.06622486,0.9897055
-0.1346756,0.04141184,0.06979786,0.9875605
-0.1465054,0.04761633,0.07313713,0.9853526
-0.1556931,0.0525026,0.07573362,0.9834977
-0.144273,0.04643044,0.07249884,0.9857856
-0.1321531,0.04011218,0.0690973,0.9880041
-0.1138231,0.03073542,0.06391715,0.9909663
-0.09612694,0.02200101,0.0589725,0.993377
-0.09514838,0.0215267,0.0586996,0.9934977
-0.1105733,0.02911029,0.0630082,0.9914414
-0.1224185,0.03510252,0.06635059,0.9896359
-0.110384,0.02902533,0.06296642,0.9914677
-0.1021619,0.02495239,0.06066357,0.9926028
-0.08332789,0.01585334,0.05538195,0.9948557
-0.06370847,0.006798798,0.04994465,0.9966948
-0.06341375,0.006664963,0.04986173,0.9967186
-0.07577424,0.01232308,0.05329251,0.9956236
-0.09812373,0.02296703,0.05952377,0.9931269
-0.1058146,0.02675429,0.06168651,0.99211
-0.1109568,0.0293115,0.06312717,0.991385
-0.117516,0.0326109,0.06497034,0.9904066
-0.1101874,0.02892283,0.0629062,0.9914963
-0.09893065,0.02336836,0.05975884,0.9930234
-0.08562116,0.01695246,0.0560381,0.9946062
-0.04019374,-0.003479552,0.04346469,0.9982401
-0.03478584,-0.005763144,0.04195926,0.9984969
-0.04459035,-0.001618896,0.04465555,0.9980054
-0.05695615,0.003776586,0.04807284,0.9972115
-0.07209953,0.01062787,0.05227802,0.9959697
-0.05945254,0.00487353,0.04874313,0.9970284
-0.03588717,-0.005297743,0.04227245,0.9984473
-0.0004152574,-0.01933369,0.0325576,0.9992828
0.01367449,-0.02444372,0.02872655,0.9991948
-0.02961606,-0.00791879,0.04050871,0.9987088
-0.05629092,0.003484221,0.04789306,0.997259
-0.06259503,0.006296026,0.04963475,0.9967841
-0.07312131,0.011096,0.05255745,0.9958755
-0.07252526,0.01081859,0.05238837,0.995931
-0.07402308,0.01151167,0.05280633,0.9957909
-0.07654198,0.01268197,0.05350849,0.9955488
-0.07271193,0.01090964,0.05244697,0.9959133
-0.09106594,0.0195351,0.05753192,0.9939897
-0.1181337,0.03292414,0.06514484,0.9903113
-0.1333788,0.04073929,0.06943356,0.9877902
-0.1363281,0.04227323,0.07026501,0.9872642
-0.13464,0.04139551,0.06979014,0.9875666
-0.1277115,0.03781387,0.06784028,0.9887657
-0.105607,0.02665032,0.06162681,0.9921386
-0.07604163,0.01245417,0.05337598,0.9955971
-0.06876285,0.009096899,0.05135093,0.996269
-0.08471865,0.01651966,0.05578034,0.9947052
-0.09932707,0.02356076,0.05986779,0.9929727
-0.1124652,0.03006854,0.06355285,0.9911652
-0.1076257,0.02764931,0.06219021,0.9918592
-0.0972065,0.02252759,0.05927642,0.9932421
-0.08180173,0.01514548,0.05497321,0.9950162
-0.08048037,0.01452125,0.05460181,0.9951536
-0.09161516,0.01982034,0.05771283,0.9939231
-0.09232052,0.02016,0.05790983,0.9938395
-0.1033114,0.02551649,0.06098352,0.9924499
-0.1135965,0.03063488,0.06386877,0.9909986
-0.1149318,0.03130395,0.06424062,0.9907997
-0.1433358,0.04593451,0.07223181,0.9859653
-0.1531643,0.05115215,0.07501874,0.9840205
-0.1572647,0.05334061,0.0761747,0.9831683
-0.1670828,0.05863621,0.07895807,0.9810254
-0.1636994,0.0568093,0.07800303,0.9817794
-0.1427463,0.04563399,0.07207572,0.9860762
-0.1291671,0.03856128,0.06824756,0.9885197
-0.1214804,0.0346224,0.06608425,0.9897861
-0.1244565,0.03614091,0.06692072,0.9893058
-0.1184539,0.03308468,0.06523273,0.990262
-0.1137032,0.03068806,0.06389832,0.9909828
-0.1119964,0.02983254,0.06341991,0.9912339
-0.1037771,0.02574493,0.06111252,0.9923874
-0.09628888,0.02207974,0.0590178,0.9933568
-0.09298802,0.02048193,0.05809611,0.9937598
-0.1014709,0.02461017,0.06046652,0.9926943
-0.1260254,0.03693889,0.0673556,0.9890482
-0.1395375,0.0439499,0.0711703,0.9866775
-0.1464334,0.04757943,0.07311796,0.9853665
-0.1389556,0.04364342,0.07100423,0.9867852
-0.1242218,0.0360217,0.06685568,0.9893441
-0.1065507,0.02711782,0.06189135,0.9920085
-0.1072944,0.02747866,0.06209021,0.991906
-0.1311833,0.03960562,0.06881913,0.9881731
-0.1467462,0.04775252,0.07321385,0.9853045
-0.179142,0.06520587,0.08237176,0.978198
-0.2057142,0.07991643,0.089909,0.9711907
-0.1949135,0.07390453,0.08684377,0.9741689
-0.2025124,0.07812359,0.08899417,0.9720933
-0.1984207,0.0758491,0.08783581,0.973222
-0.2072445,0.08076271,0.09033585,0.9707556
-0.2279128,0.09233005,0.09618005,0.9645104
-0.2304399,0.09376191,0.09690528,0.9636988
-0.2255851,0.09103635,0.0955322,0.9652447
-0.2221981,0.089135,0.09457308,0.9663017
-0.2126363,0.08377741,0.091865,0.9691893
-0.1978072,0.07550593,0.08766,0.9733894
-0.186774,0.06940131,0.08453462,0.9762955
-0.1747736,0.06281866,0.08113589,0.9792471
-0.1773067,0.06420077,0.08185153,0.9786423
-0.1787784,0.06500675,0.08226874,0.9782864
-0.1788237,0.06503146,0.08228158,0.9782754
-0.1718833,0.06123574,0.08031025,0.9799268
-0.1546209,0.0519307,0.07543159,0.9837203
-0.1523107,0.05069789,0.07477801,0.9841948
-0.1465008,0.04761406,0.07313588,0.9853535
-0.1402317,0.04431479,0.07136736,0.9865485
-0.1536308,0.05139118,0.07514066,0.983926
-0.1593093,0.05444158,0.07675704,0.9827335
-0.1572577,0.05334037,0.07617611,0.9831693
-0.1599869,0.05480028,0.07694337,0.9825888
-0.1470483,0.0479064,0.07329356,0.9852461
-0.1399215,0.04415214,0.07127981,0.9866062
-0.1238614,0.03583666,0.06675339,0.9894029
-0.1215361,0.03464836,0.06609714,0.9897776
-0.131306,0.03966619,0.06885036,0.9881523
-0.129578,0.03877264,0.06836265,0.9884497
-0.1339169,0.04101858,0.06958523,0.9876951
-0.128485,0.03820541,0.06805063,0.988636
-0.1165092,0.03210368,0.06468909,0.9905606
-0.1100078,0.0288409,0.06286512,0.9915212
-0.08705666,0.01763573,0.05643858,0.9944469
-0.08387947,0.01612704,0.05555304,0.9947955
-0.09156343,0.0197932,0.05769533,0.9939293
-0.1068091,0.02724829,0.06196647,0.9919726
-0.1294367,0.03869975,0.06832287,0.9884738
-0.1300908,0.03903608,0.06850583,0.9883621
-0.1374736,0.04287155,0.0705888,0.9870563
-0.1349736,0.04156957,0.06988487,0.9875071
-0.1203919,0.03406806,0.06577748,0.9899588
-0.1005428,0.02415941,0.06021254,0.9928151
-0.08212714,0.01528864,0.05505025,0.9949828
-0.08117171,0.01484737,0.05479583,0.995082
-0.09098025,0.01951379,0.05753402,0.9939978
-0.09514064,0.02152243,0.05869683,0.9934987
-0.0976308,0.02273265,0.05939317,0.9931887
-0.1016285,0.02468843,0.06051192,0.9926734
-0.1023166,0.02502676,0.06070491,0.9925824
-0.09648977,0.0221783,0.05907514,0.9933318
-0.106055,0.02687407,0.06175438,0.9920769
-0.1306995,0.039366,0.06869266,0.9882557
-0.1790272,0.06514305,0.08233926,0.9782259
-0.1894093,0.07085711,0.08528278,0.9756179
-0.1904875,0.07145259,0.08558809,0.9753378
-0.1837411,0.06773002,0.08367424,0.9770622
-0.1722266,0.06142818,0.08041272,0.9798461
-0.1640615,0.05696677,0.07806755,0.9817047
-0.1507857,0.04985405,0.07431417,0.9845078
-0.1657581,0.05792047,0.07858437,0.9813226
-0.1605811,0.05512455,0.07711621,0.9824603
-0.1677948,0.05901804,0.07915569,0.9808649
-0.1534074,0.05128238,0.075088,0.9839706
-0.1428984,0.04571402,0.07211865,0.9860473
-0.1333557,0.04072734,0.06942704,0.9877942
-0.136664,0.04244835,0.07035979,0.9872034
-0.1463195,0.04751594,0.07308228,0.9853892
-0.1565278,0.05295086,0.07597122,0.9833227
-0.1697571,0.06008516,0.07971344,0.9804174
-0.175206,0.06305172,0.0812557,0.979145
-0.1742463,0.06252149,0.08097764,0.9793732
-0.1714897,0.06112021,0.08065834,0.9799744
-0.1688626,0.0595994,0.07946014,0.980622
-0.149599,0.04924977,0.07400552,0.9847425
-0.1568818,0.0531248,0.0760557,0.9832504
-0.1506255,0.04980107,0.07430168,0.9845359
-0.1577653,0.05361248,0.07631966,0.9830621
-0.1620064,0.05589203,0.07751953,0.982151
-0.161605,0.05567829,0.07740857,0.9822381
-0.1418735,0.04517359,0.07182771,0.9862414
-0.1639543,0.05694255,0.07807068,0.9817238
-0.1619667,0.05586644,0.07750425,0.9821603
-0.1702978,0.0603804,0.07986803,0.9802928
-0.1768062,0.06393014,0.0817128,0.9787623
-0.1564887,0.05292845,0.07595864,0.9833311
-0.135758,0.04197587,0.07010388,0.9873669
-0.1258858,0.03687548,0.06732544,0.9890704
-0.1324397,0.04025266,0.06916929,0.9879549
-0.1435451,0.04605449,0.07230131,0.9859241
-0.1498846,0.04940643,0.07409135,0.9846848
-0.1552167,0.05224863,0.07559967,0.9835968
-0.1603421,0.05499684,0.07704945,0.9825117
-0.1494291,0.0491651,0.07396305,0.9847757
-0.1267619,0.03732755,0.06757466,0.9889245
-0.1320145,0.04003208,0.06904905,0.9880293
-0.130933,0.03947252,0.06874436,0.9882169
-0.1299455,0.03896224,0.06846619,0.9883868
-0.1320378,0.04004459,0.06905615,0.9880251
-0.1240127,0.03591029,0.06679182,0.9893786
-0.1169094,0.0323091,0.0648056,0.9904991
-0.09295799,0.02046658,0.05808653,0.9937636
-0.1098225,0.02874821,0.06281257,0.9915478
-0.1188831,0.03329754,0.06534804,0.9901958
-0.1283348,0.03813237,0.06801312,0.9886609
-0.1307814,0.03939408,0.06870164,0.9882432
-0.1238301,0.03581892,0.0667427,0.9894082
-0.1022568,0.02499018,0.06067913,0.9925911
-0.08693571,0.01757928,0.05640649,0.9944604
-0.07926221,0.01395222,0.05426578,0.9952779
-0.06323308,0.006585465,0.0498146,0.996733
-0.0669638,0.008273009,0.05084639,0.9964246
-0.07545479,0.01217588,0.0532053,0.9956542
-0.07106143,0.01014689,0.05198449,0.9960648
-0.06648672,0.00805605,0.05071406,0.996465
-0.07063062,0.009949556,0.05186573,0.9961036
-0.06420427,0.0070217,0.05008085,0.9966546
-0.05106932,0.001185621,0.04644498,0.9976139
-0.01802341,-0.01257179,0.03736429,0.9990601
-0.04719803,-0.0004985949,0.04537181,0.9978544
-0.0587174,0.004560436,0.04856176,0.9970824
-0.05660254,0.003619784,0.04797495,0.9972369
-0.04262199,-0.002458919,0.04411608,0.9981138
-0.04123604,-0.003052323,0.04372814,0.9981874
-0.0315215,-0.007118485,0.04106009,0.9986339
-0.03084808,-0.007396242,0.04087497,0.9986606
-0.05194403,0.001570272,0.04669024,0.9975567
-0.05769658,0.00410582,0.04827857,0.9971576
-0.06199409,0.006025641,0.04946788,0.9968316
-0.06561523,0.00766053,0.05047232,0.9965382
-0.06439153,0.007097909,0.05012006,0.99664
-0.04734444,-0.0004293898,0.04542135,0.9978454
-0.04093552,-0.003178135,0.0436485,0.9982029
-0.05282163,0.001952573,0.0469293,0.9974988
-0.05064095,0.0009988393,0.04632679,0.9976414
-0.05259121,0.001851122,0.04686473,0.9975142
-0.05887384,0.004629618,0.04860421,0.9970708
-0.05162377,0.001428022,0.0465982,0.9975778
-0.05269179,0.001894807,0.04689209,0.9975075
-0.04331814,-0.002160583,0.0443099,0.998076
-0.02666127,-0.009110688,0.03972464,0.9988133
-0.002435801,-0.018579,0.03310732,0.9992762
-0.004784851,-0.01769501,0.03374633,0.9992623
0.001124579,-0.01990484,0.03213933,0.9992846
-0.003189259,-0.01829664,0.03331152,0.9992725
-0.003592541,-0.01814447,0.03342223,0.9992701
-0.01126258,-0.0152184,0.03551247,0.9991899
-0.01597653,-0.01338066,0.03680114,0.9991052
-0.01897363,-0.01219798,0.03761966,0.9990376
-0.02179516,-0.01107326,0.03839248,0.9989637
-0.03504844,-0.005655295,0.04202873,0.9984854
-0.0257228,-0.00948845,0.03947284,0.9988444
-0.04135949,-0.003001858,0.04375885,0.9981811
-0.04515187,-0.001377192,0.04481149,0.9979736
-0.05089321,0.001107746,0.04639466,0.9976253
-0.06079252,0.00548718,0.04913592,0.9969251
-0.06403106,0.006944788,0.05003482,0.9966685
-0.0773181,0.01304347,0.05372456,0.9954725
-0.07226095,0.01069862,0.0523174,0.9959552
-0.06906448,0.009231688,0.05143024,0.9962428