-0.03257964,-0.03085885,-0.02363031,0.9987131
0.1459855,0.04763027,-0.07335448,0.985413
0.1297528,0.0388613,-0.06841032,0.98842
0.1159319,0.03181086,-0.06452528,0.9906484
0.1316056,0.03982042,-0.06893383,0.9881004
0.1369745,0.04260825,-0.07044505,0.9871475
0.1516258,0.0503319,-0.07458314,0.9843341
0.1616773,0.05571598,-0.07742767,0.9822226
0.1741782,0.06249185,-0.08096543,0.9793882
0.1950061,0.07395978,-0.08687361,0.9741434
0.1909448,0.07172449,-0.08573575,0.9752153
0.1541469,0.05164151,-0.07526223,0.9838229
0.1275318,0.0377187,-0.06778644,0.9887962
0.1364368,0.04233004,-0.07029577,0.9872444
0.1291487,0.0385523,-0.06824296,0.9885228
0.1359585,0.04207936,-0.07015938,0.9873309
0.1466202,0.04767709,-0.07316966,0.9853302
0.145793,0.04723832,-0.0729342,0.9854915
0.155889,0.05260798,-0.07578942,0.9834567
0.1524648,0.05078095,-0.07482252,0.9841633
0.166603,0.05837453,-0.07882044,0.9811336
0.1833052,0.06749441,-0.08355448,0.9771706
0.1904466,0.07142725,-0.08557401,0.9753488
0.1936787,0.07321814,-0.08649202,0.9744982
0.1966833,0.07488424,-0.08734351,0.9736935
0.1985005,0.0758937,-0.08785887,0.9732001
0.1939873,0.0733787,-0.08657015,0.9744178
0.1857841,0.06885758,-0.08425578,0.9765469
0.1769763,0.06402021,-0.08175814,0.9787218
0.1827712,0.06719628,-0.08339895,0.9773045
0.2006926,0.07710297,-0.08847164,0.9725999
0.2043795,0.07916669,-0.08952571,0.9715692
0.210707,0.08269848,-0.09131824,0.9697549
0.1956079,0.07428792,-0.08703896,0.973983
0.20277,0.07826924,-0.08906914,0.9720211
0.2003448,0.0769196,-0.08838197,0.9726942
0.1932627,0.07298731,-0.08637382,0.9746085
0.1870234,0.06952238,-0.0845901,0.9762343
0.164926,0.05747514,-0.07835304,0.9815075
0.1604418,0.05505516,-0.07708231,0.9824896
0.1375853,0.0429291,-0.07061958,0.9870362
0.1454912,0.04707868,-0.07284869,0.9855501
0.1379693,0.04313046,-0.0707287,0.9869658
0.1351461,0.04165689,-0.06993093,0.9874766
0.1343459,0.04124154,-0.06970614,0.9876189
0.1469118,0.04783309,-0.07325381,0.9852729
0.1477768,0.04828724,-0.07349421,0.9851034
0.1515143,0.05027349,-0.07455266,0.9843566
0.1484571,0.0486497,-0.07368849,0.9849689
0.1433409,0.04594752,-0.07224436,0.9859629
0.1482884,0.0485558,-0.07363632,0.9850028
0.1567439,0.0530668,-0.07603258,0.9832774
0.1460648,0.04738353,-0.07301275,0.9854384
0.1211088,0.03442973,-0.06597547,0.9898457
0.09783979,0.02283608,-0.05945329,0.9931622
0.09517863,0.02154097,-0.05870753,0.993494
0.09690309,0.02237842,-0.05918957,0.9932802
0.08242105,0.0154362,-0.0551446,0.9949511
0.04870186,0.00014482,-0.04577475,0.9977639
0.008491421,-0.01628598,-0.03475371,0.9992272
-0.02066882,-0.02687437,-0.02684213,0.9990646
-0.02980734,-0.0299492,-0.02437747,0.9988094
-0.02726845,-0.02910701,-0.02506107,0.99889
-0.0298069,-0.02994902,-0.0243778,0.9988095
-0.020015,-0.02664977,-0.02701877,0.9990791
-0.007531546,-0.02224884,-0.03039655,0.9992619
0.009228932,-0.01600043,-0.03496083,0.9992179
0.02718654,-0.008898214,-0.03986603,0.9987954
0.03501534,-0.005668804,-0.04202009,0.9984868
0.02139383,-0.01123871,-0.03827341,0.998975
-0.01576283,-0.02517836,-0.02815853,0.999162
-0.04770108,-0.0356235,-0.0195672,0.9980344
-0.04067522,-0.03345082,-0.02145411,0.9983819
-0.03205764,-0.03068908,-0.02376894,0.998732
-0.02132205,-0.02709742,-0.02666739,0.9990494
-0.01275456,-0.02411648,-0.02898181,0.9992076
-0.01497335,-0.02489808,-0.02838224,0.9991749
0.007384866,-0.01670699,-0.03445642,0.9992393
0.01751398,-0.01277369,-0.03722434,0.9990718
0.02832686,-0.008432643,-0.04017923,0.9987553
0.0292154,-0.008067018,-0.04042676,0.9987227
0.02082266,-0.01146151,-0.03812712,0.9989901
0.02906497,-0.008130214,-0.04038278,0.9987283
0.02899064,-0.008158631,-0.0403659,0.998731
0.03989036,-0.003620561,-0.04336153,0.9982562
0.05869085,0.004549615,-0.04855597,0.9970843
0.06740388,0.008472727,-0.05096784,0.9963871
0.07101978,0.01012837,-0.05197399,0.9960685
0.0622817,0.006155069,-0.0495479,0.9968089
0.04212417,-0.002672835,-0.0439758,0.9981405
0.017736,-0.01269035,-0.03727641,0.999067
3.096636E-05,-0.01947638,-0.03245331,0.9992836
-0.005689907,-0.02158017,-0.03089864,0.9992734
-0.004092089,-0.02099789,-0.03133075,0.9992801
-0.009892862,-0.02309394,-0.02976567,0.9992411
0.01453686,-0.01395218,-0.03639269,0.9991344
0.02388317,-0.01023445,-0.03896442,0.9989027
0.02467988,-0.009913113,-0.03918226,0.9988781
0.01566613,-0.01350187,-0.03671757,0.9991116
0.02756179,-0.008746557,-0.03996647,0.9987826
0.04233772,-0.002581274,-0.04403569,0.9981291
0.04301678,-0.002292585,-0.04422121,0.9980925
0.0356705,-0.005394089,-0.04220213,0.9984576
0.04486115,-0.001503532,-0.04472889,0.9979903
0.05121075,0.001247426,-0.04648406,0.9976047
0.05603153,0.003365902,-0.04781552,0.9972777
0.03840276,-0.004245576,-0.04295787,0.9983295
0.007678033,-0.01659968,-0.03452727,0.9992364
-0.02296419,-0.02765787,-0.02622221,0.9990095
-0.01903533,-0.02631251,-0.02728291,0.9991
-0.02381254,-0.02794547,-0.02599358,0.9989877
-0.02064407,-0.02686588,-0.02684874,0.9990652
-0.01741946,-0.02575246,-0.02772044,0.9991321
-0.02136748,-0.02711356,-0.02665355,0.9990484
-0.01913777,-0.02634691,-0.02725744,0.9990979
-0.005990982,-0.02169003,-0.03081611,0.9992717
-0.02222326,-0.02740574,-0.02642225,0.9990279
-0.02460631,-0.02821382,-0.02577905,0.9989665
-0.0224732,-0.02748998,-0.02635717,0.9990219
-0.009433952,-0.02293351,-0.02988057,0.9992458
0.007507985,-0.01666049,-0.03448892,0.999238
0.009465711,-0.01591301,-0.03501812,0.9992151
0.02409515,-0.01014792,-0.03902457,0.9988961
0.0284992,-0.008359591,-0.04023144,0.9987489
0.03993451,-0.003601909,-0.04337366,0.9982539
0.05637819,0.003519865,-0.047912,0.997253
0.06098068,0.005570186,-0.04918616,0.9969107
0.04736577,-0.0004239453,-0.04542118,0.9978443
0.05249508,0.001809487,-0.04683897,0.9975204
0.04834442,6.030314E-07,-0.04569292,0.997785
0.05380056,0.002380677,-0.04719691,0.9974328
0.05657728,0.003608658,-0.04796817,0.9972387
0.05559511,0.003173906,-0.04769624,0.9973085
0.05628311,0.003479654,-0.04788889,0.9972597
0.03963135,-0.003740789,-0.04327204,0.9982699
0.01958039,-0.01195465,-0.03779031,0.9990222
0.002207804,-0.01866443,-0.03304525,0.9992772
0.001133125,-0.019067,-0.03275095,0.999281
0.004853093,-0.01766942,-0.03376447,0.9992619
0.007128682,-0.01680534,-0.03438501,0.999242
0.01697223,-0.01298917,-0.03707276,0.999084
0.02765443,-0.008704795,-0.03999921,0.9987791
0.04766427,-0.0003013723,-0.04549313,0.9978268
0.06496353,0.007366758,-0.05029382,0.9965921
0.0768264,0.01281443,-0.05358769,0.9955209
0.06689311,0.008239198,-0.05082451,0.9964308
0.06274992,0.00636403,-0.04967497,0.996772
0.0635828,0.006741466,-0.04990897,0.996705
0.05292732,0.001999056,-0.0469585,0.9974917
0.04866486,0.0001393752,-0.0457812,0.9977654
0.04249294,-0.002515704,-0.04407746,0.9981208
0.03145219,-0.007147108,-0.04104099,0.9986367
0.04094924,-0.003171847,-0.04365312,0.9982021
0.05737619,0.003960221,-0.04818498,0.9971813
0.08006244,0.01432611,-0.05448684,0.9951965
0.08003551,0.01431489,-0.05448123,0.9951991
0.08931336,0.01871411,-0.05706853,0.9941911
0.09365658,0.02080394,-0.05828182,0.9936794
0.09711683,0.02248239,-0.05924936,0.9932535
0.09774747,0.02279021,-0.05942645,0.993174
0.1052963,0.02649652,-0.06153973,0.9921812
0.1070528,0.02736382,-0.06202826,0.9919392
0.1013195,0.02453517,-0.0604235,0.992714
0.1075936,0.02763939,-0.06218825,0.9918631
0.1271937,0.03754491,-0.06769118,0.9888529
0.1056934,0.02667948,-0.06163391,0.9921282
0.08314965,0.01578844,-0.05535787,0.994873
0.09159811,0.01981156,-0.05770716,0.9939252
0.08003433,0.01431437,-0.05448082,0.9951992
0.07201662,0.01058676,-0.0522506,0.9959776
0.06921366,0.009299604,-0.05147116,0.9962298
0.06682126,0.00820893,-0.05080802,0.9964367
0.05680773,0.003710746,-0.04803176,0.9972221
0.0588314,0.004610955,-0.04859285,0.9970739
0.05356904,0.002286798,-0.04714648,0.9974478
0.01838299,-0.01243016,-0.0374665,0.9990515
-0.04218351,-0.03392319,-0.02104934,0.9983119
-0.05052691,-0.03647956,-0.01880123,0.9978791
-0.02959023,-0.02987404,-0.02444643,0.9988164
-0.01088288,-0.02345382,-0.02948231,0.9992309
0.01104616,-0.01530182,-0.03545401,0.9991931
0.04726497,-0.0004709181,-0.04538886,0.9978505
0.0806204,0.01459029,-0.05464595,0.9951388
0.09069742,0.01937974,-0.05745749,0.9940307
0.08158064,0.01504128,-0.0549116,0.9950392
0.07100986,0.01012349,-0.05197071,0.9960694
0.07550168,0.01219852,-0.05321943,0.9956498
0.07838097,0.01353948,-0.05401992,0.9953668
0.07859709,0.01364085,-0.05408055,0.9953451
0.08449047,0.01641617,-0.05572287,0.9947295
0.08663588,0.01743587,-0.05632192,0.9944938
0.09225971,0.02012952,-0.05789106,0.9938468
0.1022566,0.02499735,-0.06068801,0.9925904
0.1105966,0.02913136,-0.06302584,0.991437
0.09462395,0.02127077,-0.05855076,0.9935621
0.07488447,0.01191031,-0.05304526,0.9957091
0.06008722,0.005171145,-0.0489398,0.9969794
0.06820449,0.00883848,-0.05119102,0.9963181
0.07387424,0.01144412,-0.05276681,0.9958048
0.07799191,0.01335818,-0.05391217,0.9954056
0.08390646,0.01613945,-0.05555989,0.9947925
0.09941816,0.02360604,-0.0598943,0.992961
0.1117024,0.02968317,-0.06333478,0.991277
0.116803,0.03224973,-0.06476918,0.9905159
0.1160203,0.03185442,-0.06454889,0.9906352
0.1016861,0.02471781,-0.06052963,0.9926657
0.06937878,0.009354892,-0.05148784,0.9962169
0.0365756,-0.005016321,-0.04244886,0.9984162
0.0320555,-0.006897984,-0.04120658,0.9986125
0.005939773,-0.01725727,-0.03406106,0.999253
-0.008699657,-0.02266715,-0.03008615,0.9992524
-0.001631756,-0.02009249,-0.03200104,0.9992846
0.01264281,-0.01468324,-0.0358898,0.9991679
0.02423467,-0.01009266,-0.03906078,0.9988919
0.03784761,-0.00448387,-0.04279662,0.9983566
0.03576018,-0.005358757,-0.04222331,0.9984536
0.02944985,-0.007970977,-0.04049113,0.998714
0.01447406,-0.01397127,-0.03638681,0.9991352
0.03559722,-0.005425868,-0.04218036,0.9984609
0.0453318,-0.001299721,-0.04486151,0.9979633
0.04111231,-0.003102532,-0.04369802,0.9981937
0.04049927,-0.003362847,-0.04352899,0.9982253
0.03943874,-0.003811483,-0.04323718,0.9982788
0.04531282,-0.001308172,-0.04485578,0.9979645
0.03986674,-0.003630494,-0.04335497,0.9982574
0.03813866,-0.004358524,-0.04288168,0.9983425
0.02455369,-0.009966483,-0.03914454,0.9988822
-0.01530793,-0.02502329,-0.02827217,0.9991698
-0.01906626,-0.02632289,-0.0272752,0.9990994
-0.004828325,-0.02126518,-0.03113504,0.9992773
0.0009927605,-0.01911968,-0.03271204,0.9992815
0.01111063,-0.0152768,-0.03547173,0.9991921
0.01775862,-0.01267885,-0.03728781,0.9990663
0.03974109,-0.003680778,-0.04332553,0.9982635
0.03705483,-0.004816155,-0.04257989,0.9983941
0.03682792,-0.004910731,-0.04251843,0.9984046
0.04033337,-0.003469681,-0.04254155,0.9982742
0.04387303,-0.001925611,-0.0444588,0.9980455
0.05325751,0.002142461,-0.04704724,0.9974697
0.05982721,0.005054965,-0.04886813,0.996999
0.05900076,0.00468584,-0.04863887,0.9970613
0.0664342,0.008031283,-0.05069811,0.9964697
0.0677226,0.008615328,-0.0510524,0.99636
0.06437921,0.007100909,-0.05012951,0.9966404
0.06674996,0.008175811,-0.05078725,0.9964428
0.05325215,0.002140736,-0.04704675,0.9974699
0.04415789,-0.001802346,-0.04453948,0.9980295
0.05158691,0.001410966,-0.04658661,0.9975803
0.05422907,0.002571244,-0.04731843,0.9974034
0.04194165,-0.002749196,-0.04392793,0.9981501
0.042711,-0.002421684,-0.04413935,0.998109
0.05178279,0.001494544,-0.04663746,0.9975677
0.05543355,0.003102546,-0.04765157,0.9973198
0.06411646,0.006981496,-0.05005575,0.9966618
0.07813724,0.01342407,-0.05394987,0.9953912
0.08354367,0.01596836,-0.05545936,0.9948316
0.08688249,0.01755273,-0.05639,0.9944664
0.09086359,0.01945645,-0.0574995,0.9940116
0.07689046,0.01284361,-0.05360452,0.9955147
0.06883138,0.009125086,-0.05136542,0.9962633
0.0735478,0.01129283,-0.05267566,0.9958356
0.08614352,0.017202,-0.05618519,0.9945484
0.09364146,0.02079577,-0.05827646,0.9936814
0.09905191,0.02342755,-0.05979249,0.9930078
0.1109805,0.02932347,-0.06313384,0.9913816
0.1185319,0.03312414,-0.06525456,0.9902499
0.1041838,0.02594629,-0.06122738,0.9923324
0.08356415,0.01597349,-0.05545927,0.9948297
0.0824025,0.0154287,-0.05514063,0.9949529
0.0701997,0.009752251,-0.05174649,0.9961421
0.07600577,0.01243851,-0.05336805,0.9956005
0.05137461,0.001305425,-0.04650842,0.9975951
0.05834725,0.004394751,-0.04845792,0.9971099
0.07091293,0.01008034,-0.05194582,0.996078
0.05951234,0.004908497,-0.04877202,0.9970233
0.05809224,0.004280618,-0.04838639,0.9971287
0.06311403,0.006529827,-0.0497786,0.9967427
0.08631576,0.01728279,-0.05623187,0.9945295
0.09981306,0.02380077,-0.06000673,0.99291
0.1043923,0.02604976,-0.06128621,0.9923042
0.1087978,0.02823439,-0.06252141,0.991694
0.1044699,0.0260884,-0.06130846,0.9922937
0.108379,0.02802502,-0.06240284,0.9917533
0.111215,0.02944574,-0.06320558,0.9913472
0.1337128,0.04091258,-0.06952769,0.9877312
0.1255829,0.03670191,-0.06721974,0.9891226
0.08544038,0.01686006,-0.05597783,0.9946266
0.06901098,0.009209543,-0.05141855,0.9962474
0.06214493,0.006093618,-0.04951001,0.9968197
0.05579738,0.003264124,-0.04775356,0.9972941
0.04668628,-0.0007211016,-0.04522764,0.9978849
0.03352989,-0.006285059,-0.04161513,0.9985512
0.04983228,0.0006465024,-0.04610326,0.9976928
0.06624325,0.007945395,-0.05064657,0.9964857
0.07325386,0.01116307,-0.05260227,0.9958626
0.09463123,0.02126232,-0.05853709,0.9935625
0.1018962,0.0248202,-0.06058712,0.9926381
0.1072941,0.02748498,-0.06209774,0.9919054
0.1191671,0.03344629,-0.06543326,0.990151
0.1193625,0.03354519,-0.06548788,0.9901205
0.1184437,0.03307952,-0.06522985,0.9902636
0.123946,0.03587548,-0.06677213,0.9893897
0.1447467,0.04668647,-0.07263924,0.9856938
0.1586695,0.05409728,-0.07657522,0.9828702
0.1549165,0.05208754,-0.07551406,0.9836591
0.146165,0.04743728,-0.07304182,0.9854189
0.1452318,0.0469426,-0.07277644,0.9856001
0.1287983,0.03836924,-0.06814155,0.9885826
0.1139889,0.03083155,-0.06397832,0.9909403
0.1193973,0.03356332,-0.06549808,0.9901151
0.1196505,0.03369159,-0.06556911,0.9900755
0.1216513,0.03470888,-0.06613158,0.9897589
0.127104,0.03749868,-0.06766602,0.9888679
0.1420296,0.04525911,-0.07187553,0.9862114
0.1405818,0.04449483,-0.07146236,0.9864837
0.143378,0.0459644,-0.07225206,0.9859563
0.144739,0.04668364,-0.07263838,0.9856952
0.1465204,0.04762417,-0.07314122,0.9853497
0.146098,0.04740028,-0.07302129,0.9854321
0.1462899,0.04750296,-0.07307692,0.9853946
0.15367,0.05142192,-0.07516167,0.9839167
0.1563871,0.05286824,-0.07592416,0.9833531
0.1485847,0.0487154,-0.07372253,0.9849439
0.1535613,0.05136613,-0.07513324,0.9839388
0.1401249,0.04425763,-0.07133601,0.9865685
0.1288382,0.03838534,-0.06814793,0.9885764
0.1405292,0.04447024,-0.0714507,0.9864932
0.1393513,0.0438523,-0.07111766,0.986712
0.1360875,0.04214782,-0.07019715,0.9873074
0.1338957,0.04099499,-0.06956537,0.9877004
0.1172676,0.03248869,-0.06490418,0.9904444
0.1282294,0.03807664,-0.06798184,0.9886789
0.1367823,0.04251001,-0.07039313,0.987182
0.1347271,0.04144071,-0.06981474,0.987551
0.1240083,0.03590273,-0.06678449,0.9893801
0.1269367,0.03741051,-0.06761625,0.9888961
0.1158549,0.03177105,-0.06450242,0.9906603
0.1142235,0.03094601,-0.06404024,0.9909058
0.1269486,0.03742028,-0.06762389,0.9888937
0.12882,0.03838185,-0.06814928,0.9885787
0.1274115,0.03765679,-0.06775251,0.9888164
0.1334744,0.04078711,-0.06945863,0.9877735
0.1424371,0.04547931,-0.07199694,0.9861337
0.1248276,0.03635837,-0.06706011,0.9892416
0.05708338,0.003832922,-0.04810812,0.9972023
0.006082497,-0.01719964,-0.03410472,0.9992518
-0.01860092,-0.02615786,-0.02741123,0.9991087
-0.02159361,-0.02719085,-0.02659254,0.9990431
-0.01573177,-0.02516387,-0.02817703,0.9991623
-0.009560992,-0.02297818,-0.02984855,0.9992445
-0.006216734,-0.02177068,-0.03075786,0.9992704
-0.01819047,-0.0260217,-0.02750755,0.9991173
-0.02710261,-0.02905171,-0.02510573,0.998895
-0.02964915,-0.02989614,-0.02442249,0.9988146
-0.01444945,-0.02472418,-0.02849831,0.9991836
0.007902161,-0.01650859,-0.03459938,0.9992337
0.01799646,-0.01258481,-0.03735285,0.9990608
0.0114259,-0.01515808,-0.03555119,0.9991875
-0.003686752,-0.02084728,-0.03144562,0.9992813
-0.002413859,-0.02038099,-0.03178845,0.9992839
-0.00503003,-0.02133984,-0.03107778,0.9992765
0.02620557,-0.009291671,-0.03960758,0.9988284
0.03429019,-0.005969817,-0.04182279,0.9985186
0.02723612,-0.008875939,-0.03988345,0.9987936
0.01688297,-0.01302437,-0.03704837,0.999086
0.003621233,-0.01813198,-0.03343383,0.9992699
-0.01308968,-0.02424264,-0.02887185,0.9992033
-0.01882351,-0.0262385,-0.02734205,0.9991044
-0.005077556,-0.02135712,-0.0310649,0.9992763
-0.003925882,-0.02093604,-0.03137814,0.9992806
0.009612036,-0.01585541,-0.03506036,0.9992132
0.03359423,-0.006260833,-0.04162835,0.9985487
0.05764211,0.004081114,-0.04826271,0.9971617
0.08862039,0.01837514,-0.05686591,0.9942711
0.1240593,0.03593728,-0.06680908,0.9893706
0.1416879,0.04508053,-0.07178006,0.9862757
0.1561497,0.05274689,-0.07586274,0.9834022
0.1208628,0.03431647,-0.06591952,0.9898834
0.1190412,0.03337919,-0.06539398,0.9901711
0.1414275,0.04493667,-0.07169899,0.9863256
0.1497026,0.04931035,-0.07404035,0.9847211
0.1709443,0.06073404,-0.08005323,0.9801434
0.1737842,0.06227776,-0.08085468,0.979481
0.1638586,0.05689763,-0.07805055,0.9817439
0.1358714,0.04203528,-0.07013623,0.9873464
0.1047741,0.02623619,-0.06139015,0.9922526
0.08559926,0.01695246,-0.05604502,0.9946077
0.1052081,0.0264558,-0.06151732,0.9921931
0.1457281,0.0472056,-0.07291768,0.9855039
0.1931317,0.07292188,-0.08634431,0.974642
0.2258546,0.09120088,-0.09561942,0.9651574
0.2605147,0.1106178,-0.1053759,0.9533057
0.2621738,0.1115686,-0.1058606,0.9526861
0.267636,0.1146092,-0.1073898,0.950633
0.2502979,0.1049207,-0.102518,0.9569915
0.2462911,0.1026705,-0.1013868,0.9583946
0.2362744,0.09704143,-0.09855601,0.9617921
0.2416862,0.1000834,-0.1000861,0.959976
0.2370432,0.09746823,-0.09876925,0.9615379
0.2217794,0.08891653,-0.09446882,0.9664282
0.1846677,0.06824084,-0.08393759,0.9768293
0.1385422,0.04344384,-0.07090386,0.9868593
0.1229489,0.03537973,-0.06650678,0.9895498
0.140198,0.0442937,-0.07135383,0.9865552
0.1701407,0.06029353,-0.07982202,0.9803292
0.2004024,0.07695334,-0.08840018,0.9726779
0.2254326,0.09097248,-0.09550603,0.9652889
0.2670939,0.1142772,-0.1072144,0.9508452
0.2950122,0.1297292,-0.1150523,0.9396281
0.2993542,0.1320895,-0.116258,0.9377759
0.2939734,0.1291625,-0.1147633,0.9400672
0.3001351,0.1325152,-0.1164764,0.937439
0.299208,0.1320126,-0.1162192,0.9378381
0.3063225,0.135857,-0.1181915,0.9347407
0.2934152,0.1288588,-0.1146086,0.940302
0.2812774,0.1221855,-0.1112177,0.9452959
0.276598,0.1195987,-0.1099097,0.9471587
0.2616484,0.1112714,-0.1057101,0.952882
0.2364872,0.09715334,-0.09861004,0.961723
0.213676,0.08435854,-0.09215888,0.9688823
0.1995319,0.07646671,-0.08815102,0.9729179
0.2036199,0.07874222,-0.08930951,0.9717831
0.208424,0.0814236,-0.09067205,0.9704165
0.2155224,0.0853935,-0.092683,0.9683325
0.2271861,0.09193526,-0.09598537,0.964739
0.2418937,0.1001854,-0.1001332,0.9599082
0.2680802,0.1148669,-0.1075225,0.9504618
0.2752982,0.1188805,-0.1095474,0.9476696
0.2839971,0.1236888,-0.1119801,0.9441966
0.3041509,0.134693,-0.1175945,0.9356931
0.305728,0.135537,-0.118027,0.9350026
0.3060806,0.1357319,-0.1181282,0.9348461
0.3221344,0.1442773,-0.1225572,0.9275738
0.3155628,0.140803,-0.120748,0.930599
0.3152438,0.1406333,-0.12066,0.9307442
0.3216165,0.1440051,-0.1224151,0.9278146
0.3122211,0.1390218,-0.119825,0.9321121
0.3115313,0.1386539,-0.1196348,0.9324221
0.3045599,0.1349071,-0.1177031,0.9355156
0.2899822,0.1269768,-0.1136497,0.9417383
0.2789229,0.1208863,-0.1105608,0.9462372
0.2616552,0.1112819,-0.1057169,0.9528782
0.2568342,0.1085825,-0.1043585,0.9546493
0.2584997,0.1095141,-0.1048269,0.9540419
0.2626446,0.1118317,-0.105993,0.9525109
0.2729795,0.1175898,-0.1088948,0.9485762
0.2690602,0.1154105,-0.1077957,0.950088
0.2838151,0.1235843,-0.1119262,0.9442713
0.2905458,0.1272875,-0.1138081,0.9415034
0.3023603,0.1337234,-0.1170963,0.9364747
0.3036864,0.1344376,-0.1174622,0.9358973
0.3028371,0.1339788,-0.1172267,0.9362676
0.2996412,0.1322477,-0.1163395,0.9376518
0.2937794,0.1290556,-0.1147085,0.9401491
0.2960171,0.130277,-0.1153319,0.939202
0.302007,0.1335258,-0.1169936,0.9366297
0.308734,0.1371552,-0.1188608,0.9336722
0.3071631,0.1363118,-0.1184263,0.9343688
0.3017353,0.1333799,-0.116919,0.9367473
0.2924945,0.1283563,-0.1143527,0.9406886
0.2790153,0.1209375,-0.1105867,0.9462004
0.2609518,0.1108729,-0.1055071,0.953142
0.2241492,0.09020916,-0.09510766,0.9656987
0.2193913,0.0875617,-0.09377918,0.9671639
0.2325604,0.09495449,-0.09750587,0.9630119
0.2281274,0.09246506,-0.09625258,0.9644395
0.2367927,0.09732552,-0.0986968,0.9616215
0.240319,0.09931601,-0.09970054,0.9604389
0.2292352,0.09308635,-0.09656523,0.9640858
0.2130129,0.08399153,-0.09197452,0.9690777
0.2143217,0.08472358,-0.09234472,0.9686902
0.2359894,0.09686997,-0.09846619,0.9618886
0.2336821,0.09558465,-0.09782311,0.9626458
0.2349556,0.09630042,-0.09818323,0.9622277
0.2357743,0.09676101,-0.09841515,0.9619575
0.2429938,0.1008165,-0.1004541,0.9595307
0.2347883,0.09620633,-0.09813587,0.9622828
0.2310417,0.09410134,-0.09707659,0.9635044
0.2297648,0.09338563,-0.09671669,0.9639156
0.2116105,0.08319952,-0.09157082,0.9694914
0.1939295,0.0733567,-0.08656278,0.9744316
0.1771969,0.06414433,-0.08182374,0.9786683
0.1931829,0.07293785,-0.08634637,0.9746306
0.2102483,0.0824443,-0.09119025,0.9698882
0.2287744,0.09282732,-0.09643484,0.9642332
0.2340519,0.09579556,-0.09793003,0.9625241
0.2514638,0.1055445,-0.1028234,0.9565843
0.2666652,0.1140792,-0.1071257,0.9509994
0.2673424,0.1144535,-0.1073134,0.950743
0.2606387,0.1107046,-0.1054242,0.9532564
0.2504764,0.105021,-0.1025685,0.9569283
0.2454403,0.1021892,-0.1011437,0.9586899
0.2447767,0.1018185,-0.1009579,0.9589186
0.2208922,0.08836123,-0.09416818,0.9667116
0.1851937,0.06855257,-0.08410601,0.9766934
0.1901375,0.07126737,-0.08549606,0.9754276
0.2200505,0.08793057,-0.0939652,0.9669625
0.2546729,0.1073694,-0.1037484,0.9554317
0.28374,0.1235537,-0.1119134,0.9442995
0.3064913,0.1359604,-0.1182469,0.9346634
0.3406559,0.1538636,-0.1276241,0.9186901
0.3669108,0.1668326,-0.1347173,0.9052042
0.3597543,0.1633643,-0.1327857,0.9089868
0.3436336,0.1553705,-0.128432,0.9172137
0.3374035,0.1522045,-0.1267382,0.9202881
0.3482043,0.1576741,-0.1296754,0.9149191
0.3540671,0.1605725,-0.1312504,0.9119355
0.3578712,0.1624585,-0.1322877,0.9099646
0.3382122,0.1526179,-0.1269587,0.9198923
0.3127654,0.1393153,-0.1199771,0.9318662
0.2933751,0.1288389,-0.114599,0.9403183
0.2724785,0.1173047,-0.1087493,0.9487723
0.2746546,0.118521,-0.1093652,0.9479225
0.2835848,0.1234611,-0.1118646,0.944364
0.2952736,0.1298691,-0.1151232,0.939518
0.3038427,0.1345235,-0.1175066,0.9358287
0.3125201,0.1391815,-0.1199075,0.9319773
0.3222329,0.1443331,-0.122587,0.9275271
0.3344828,0.150685,-0.1259273,0.9217145
0.3471724,0.1571574,-0.1293959,0.9154395
0.3404136,0.1537404,-0.1275581,0.9188098
0.309877,0.1377753,-0.1191818,0.9331613
0.3220261,0.1442247,-0.1225304,0.9276232
0.3310504,0.1489275,-0.1249992,0.9233642
0.3217669,0.144084,-0.1224562,0.9277447
0.3139174,0.1399281,-0.1202945,0.9313458
0.3000244,0.132443,-0.116437,0.9374895
0.2911706,0.1276352,-0.1139863,0.9412417
0.2759576,0.1192438,-0.1097303,0.947411
0.2575332,0.1089784,-0.1045587,0.954394
0.2544807,0.1072624,-0.1036943,0.9555009
0.2551397,0.107638,-0.1038848,0.9552621
0.2753455,0.1189043,-0.1095588,0.9476516
0.2907863,0.1274237,-0.1138783,0.9414023
0.3141951,0.1400386,-0.120345,0.9312291
0.3210601,0.1437135,-0.1222631,0.9280725
0.32713,0.1468948,-0.1239291,0.9252294
0.3443238,0.1557091,-0.1286128,0.9168722
0.3580849,0.1625613,-0.1323438,0.909854
0.3499114,0.1585425,-0.1301479,0.9140503
0.383005,0.1743221,-0.1389863,0.8964384
0.3483402,0.1577435,-0.1297127,0.9148501
0.3343023,0.1506191,-0.1258964,0.921795
0.3317951,0.1493186,-0.1252067,0.9230055
0.3231385,0.1448053,-0.1228333,0.9271055
0.3180583,0.1421241,-0.1214341,0.9294587
0.3049286,0.135111,-0.1178089,0.9353527
0.2860599,0.1248185,-0.1125519,0.9433569
0.2723702,0.1172522,-0.1087247,0.9488126
0.2715462,0.116792,-0.1084919,0.9491322
0.2733658,0.1178015,-0.109001,0.9484265
0.2653157,0.1133244,-0.1067448,0.9515097
0.2727548,0.117466,-0.1088325,0.9486633
0.2746727,0.1185301,-0.1093695,0.9479156
0.2825184,0.1228726,-0.1115662,0.9447956
0.2869323,0.1253057,-0.112801,0.9429975
0.2963075,0.1304351,-0.1154127,0.9390786
0.3022468,0.1336538,-0.117059,0.9365258
0.3092961,0.1374563,-0.119016,0.9334221
0.3056191,0.1354811,-0.1179988,0.9350499
0.2993605,0.1320954,-0.1162615,0.9377726
0.3007703,0.1328605,-0.1166534,0.9371644
0.297273,0.1309557,-0.1156775,0.9386683
0.2867606,0.1252096,-0.1127519,0.9430684
0.2892054,0.1265525,-0.1134341,0.9420602
0.2911423,0.127618,-0.1139771,0.9412539
0.2697056,0.1157452,-0.1079587,0.9498457
0.2362237,0.0970091,-0.09853855,0.9618096
0.213961,0.08451871,-0.09224022,0.9687977
0.2015972,0.07761869,-0.08873889,0.9723474
0.2112771,0.08301663,-0.09147912,0.9695885
0.2319994,0.09463536,-0.09734403,0.963195
0.2501992,0.1048624,-0.102488,0.9570269
0.2751518,0.1188061,-0.1095116,0.9477255
0.28735,0.125527,-0.1129116,0.9428276
0.2969044,0.1307613,-0.1155797,0.938824
0.3014698,0.133239,-0.1168473,0.9368618
0.3077427,0.1366239,-0.1185871,0.9341122
0.3125051,0.1391701,-0.119901,0.931985
0.3113401,0.1385507,-0.1195813,0.9325081
0.3018543,0.1334471,-0.1169541,0.9366951
0.2945442,0.1294747,-0.1149227,0.939826
0.2999725,0.1324261,-0.1164306,0.9375092
0.3014115,0.1332153,-0.1168368,0.9368853
0.2795151,0.1212139,-0.1107265,0.9460012
0.2294149,0.09317831,-0.09660695,0.9640299
0.1954058,0.07419652,-0.08699928,0.9740342
0.2012842,0.0774455,-0.08865089,0.972434
0.2255966,0.09104283,-0.09553548,0.9652411
0.2417573,0.1001163,-0.1001006,0.9599531
0.2607209,0.1107587,-0.1054536,0.9532243
0.2614648,0.1111734,-0.1056619,0.9529492
0.2695743,0.1156968,-0.10794,0.949891
0.2764665,0.1195256,-0.1098727,0.9472106
0.2883272,0.1260659,-0.1131858,0.9424244
0.2905701,0.127308,-0.11382,0.9414916
0.3106132,0.1381623,-0.1193806,0.9328338
0.3050139,0.1351472,-0.1178255,0.9353176
0.2992461,0.1320326,-0.1162293,0.937822
0.2912495,0.1276641,-0.1139979,0.9412121
0.2802382,0.1216137,-0.110929,0.9457121
0.2725416,0.1173473,-0.1087727,0.9487461
0.2738233,0.1180633,-0.1091351,0.9482465
0.2527738,0.1063134,-0.1032199,0.9561111
0.2154566,0.08535609,-0.092664,0.9683524
0.1983058,0.07578792,-0.08780561,0.9732529
0.2157769,0.08553213,-0.0927519,0.9682571
0.2338789,0.0956965,-0.09787966,0.9625811
0.2525704,0.1061923,-0.1031565,0.9561853
0.2812456,0.122181,-0.1112188,0.9453058
0.2924108,0.1283152,-0.1143328,0.9407226
0.3143041,0.1401181,-0.1203899,0.9311746
0.3166945,0.1414033,-0.1210596,0.9300829
0.311318,0.1385425,-0.1195776,0.9325172
0.3004246,0.1326497,-0.1165409,0.9373192
0.2878673,0.1258205,-0.1130627,0.9426125
0.2885814,0.1262102,-0.1132602,0.9423183
0.2763884,0.1194845,-0.1098526,0.9472409
0.2571086,0.1087277,-0.1044295,0.9545512
0.227789,0.0922643,-0.09614807,0.9645491
0.2143302,0.08472543,-0.09234484,0.9686881
0.2222572,0.08917004,-0.09459129,0.9662831
0.2284965,0.09266661,-0.09635241,0.9643227
0.2355653,0.09664726,-0.09835887,0.9620259
0.2513837,0.1055268,-0.1028219,0.9566075
0.2737848,0.1180411,-0.1091237,0.9482617
0.2895763,0.1267542,-0.1135364,0.9419068
0.297961,0.1313359,-0.1158732,0.9383729
0.293781,0.1290572,-0.1147095,0.9401482
0.288151,0.1259526,-0.1131244,0.9425009
0.2725676,0.1173652,-0.1087824,0.9487354
0.278558,0.1206849,-0.1104591,0.9463822
0.2746108,0.1184966,-0.1093529,0.9479396
0.2652105,0.1132657,-0.1067152,0.9515493
0.2613567,0.111112,-0.1056308,0.9529895
0.2643007,0.1127557,-0.1064579,0.9518918
0.2635854,0.1123572,-0.1062576,0.9521596
0.2689596,0.1153566,-0.1077691,0.9501261
0.2566888,0.1084988,-0.1043161,0.9547026
0.2269101,0.09176411,-0.09589395,0.9648293
0.2293561,0.09315417,-0.0965994,0.964047
0.2448783,0.1018776,-0.1009885,0.9588832
0.2547641,0.1074211,-0.1037739,0.9553988
0.2642113,0.1127065,-0.1064332,0.9519252
0.2696351,0.1157307,-0.1079571,0.9498677
0.2648309,0.1130432,-0.1066007,0.9516944
0.2812046,0.1221848,-0.1112256,0.9453167
0.3211971,0.1437119,-0.1222486,0.9280273
0.3189146,0.1425791,-0.1216713,0.9290644
0.3065875,0.1359977,-0.1182637,0.9346243
0.3143121,0.1401448,-0.1204081,0.9311655
0.2888269,0.1263266,-0.1133155,0.942221
0.2948484,0.1296398,-0.1150067,0.9396976
0.269924,0.115898,-0.108043,0.9497554
0.2518262,0.1057694,-0.1029423,0.9564514
0.2354329,0.09657501,-0.09832344,0.9620692
0.2118477,0.08333631,-0.09164158,0.9694211
0.2135217,0.08426829,-0.09211191,0.9689288
0.2216775,0.08884662,-0.09442872,0.9664619
0.2300892,0.09356298,-0.09680438,0.9638121
0.2437928,0.1012658,-0.1006802,0.9592569
0.2611149,0.1109755,-0.1055618,0.9530793
0.28404,0.1237016,-0.1119843,0.9441816
0.2990627,0.1319356,-0.1161802,0.9379001
0.3054518,0.1353901,-0.1179518,0.9351236
0.3269014,0.1467627,-0.1238577,0.9253407
0.3431444,0.1551329,-0.1283057,0.9174547
0.3407878,0.1539324,-0.1276611,0.9186246
0.3307626,0.1487838,-0.1249242,0.9235007
0.3144663,0.1402229,-0.1204476,0.9310966
0.3109547,0.1383583,-0.1194846,0.9326777
0.2865096,0.1250434,-0.1126613,0.9431775
0.2823636,0.1227876,-0.1115234,0.9448579
0.2731229,0.117662,-0.1089298,0.9485219
0.2360969,0.09691626,-0.09848539,0.9618555
0.196669,0.07486758,-0.08733137,0.9736987
0.2044917,0.07922836,-0.08955677,0.9715378
0.2285283,0.09269518,-0.0963701,0.9643106
0.2540638,0.1070089,-0.1035613,0.9556547
0.2801384,0.1215587,-0.1109011,0.945752
0.2933933,0.1288452,-0.1146015,0.9403115
0.3104783,0.1380937,-0.119346,0.9328932
0.3130101,0.1394432,-0.120043,0.9317564
0.3125835,0.1392158,-0.1199254,0.9319488
0.3177309,0.1419527,-0.1213453,0.9296084
0.3210649,0.1437127,-0.122262,0.9280711
0.3162287,0.1411577,-0.1209324,0.9302952
0.3105168,0.1381151,-0.1193572,0.9328759
0.2887103,0.126281,-0.1132962,0.9422651
0.2613494,0.1111161,-0.105635,0.9529905
0.2310687,0.0940856,-0.09705894,0.9635013
0.2019197,0.07779557,-0.08882768,0.9722582
0.2008125,0.07717904,-0.08851391,0.9725651
0.2224803,0.08929133,-0.09465136,0.9662146
0.2450321,0.1019648,-0.1010323,0.9588299
0.2653258,0.1133425,-0.1067567,0.9515033
0.3018298,0.1334338,-0.1169473,0.9367056
0.3212675,0.1438223,-0.1223197,0.9279763
0.3279586,0.1473282,-0.1241572,0.9248365
0.3309421,0.1488753,-0.1249722,0.9234152
0.3307494,0.1487768,-0.1249205,0.923507
0.3223467,0.1443883,-0.1226151,0.9274752
0.314305,0.1401451,-0.120409,0.9311678
0.2918677,0.1279961,-0.1141659,0.940955
0.2689287,0.1153373,-0.1077588,0.9501383
0.2526542,0.1062373,-0.1031787,0.9561557
0.2235093,0.08985446,-0.09493092,0.9658974
0.194964,0.07393172,-0.08685733,0.9741555
0.1735371,0.06214231,-0.08078394,0.9795393
0.1752588,0.06308131,-0.08127077,0.9791323
0.2106985,0.08266716,-0.09129225,0.9697618
0.2571893,0.1087754,-0.1044537,0.9545214
0.2951736,0.1298172,-0.1150972,0.9395599
0.321575,0.1439835,-0.122404,0.9278338
0.3413857,0.154237,-0.1278245,0.9183287
0.3532246,0.1601669,-0.1310305,0.912365
0.3549775,0.1610327,-0.1315037,0.9114638
0.3492798,0.1582086,-0.1299647,0.9143757
0.3533344,0.1602236,-0.1310616,0.9123082
0.3463288,0.1567295,-0.1291642,0.9158651
0.3340246,0.1504693,-0.125816,0.9219311
0.3158698,0.1409696,-0.1208361,0.9304582
0.2674445,0.1144231,-0.1072772,0.950722
0.2073105,0.08078057,-0.09033689,0.97074
0.2099274,0.08226261,-0.09109727,0.9699818
0.2485945,0.1039684,-0.1020411,0.9575901
0.2752166,0.1188314,-0.109522,0.9477024
0.2880809,0.1259411,-0.1131247,0.9425237
0.3052273,0.1352691,-0.1178896,0.9352223
0.3254364,0.1460152,-0.1234681,0.9260272
0.3235483,0.1450143,-0.1229416,0.9269157
0.3256146,0.1461039,-0.1235139,0.9259444
0.3164411,0.1412687,-0.1209897,0.9301987
0.3058163,0.1355878,-0.1180537,0.9349629
0.2995114,0.1321864,-0.1163102,0.9377056
0.2780681,0.1204046,-0.1103154,0.9465788
0.2516359,0.1056682,-0.1028931,0.9565179
0.2220746,0.08907603,-0.0945464,0.9663381
0.2156733,0.08547881,-0.09272645,0.9682873
0.2163214,0.08584134,-0.09290966,0.968093
0.2234954,0.08986326,-0.09494063,0.9658989
0.2336607,0.0955536,-0.09780174,0.9626561
0.2618498,0.1114004,-0.1057796,0.9528039
0.2511457,0.1054903,-0.102838,0.9566723
0.1606397,0.05515616,-0.07713296,0.9824476
0.1295145,0.03877556,-0.06837722,0.9884569
0.205507,0.07945093,-0.0895485,0.9713061
0.2589648,0.1098195,-0.1049957,0.953862
0.2566947,0.1085034,-0.1043185,0.9547002
0.2482218,0.1037435,-0.1019232,0.9577239
0.2135438,0.08426841,-0.09210777,0.9689242
0.1790647,0.06515683,-0.08234341,0.9782177
0.1706698,0.06058114,-0.07997186,0.9802071
0.1827325,0.06717047,-0.08338385,0.9773147
0.2067441,0.08048661,-0.09019673,0.9708982
0.2315405,0.09437256,-0.09721027,0.9633446
0.238122,0.09807967,-0.09907826,0.9611773
0.2531213,0.106511,-0.1033197,0.9559864
0.2282982,0.09257613,-0.09631815,0.9643819
0.1583169,0.05382109,-0.0763911,0.9829565
0.1322528,0.04015541,-0.06911623,0.9879878
0.1940099,0.07326185,-0.08646895,0.9744311
0.2503148,0.1050066,-0.1025866,0.9569703
0.2242568,0.09027763,-0.09514555,0.9656636
0.2299341,0.09347875,-0.09676296,0.9638615
0.2152075,0.08521807,-0.09259465,0.9684265
0.2002098,0.07684306,-0.08834258,0.9727316
0.1789674,0.06510479,-0.08231732,0.9782412
0.1695924,0.0599956,-0.07966676,0.9804552
0.1761903,0.06358863,-0.08153363,0.9789104
0.1923076,0.07245826,-0.08610279,0.974861
0.2101931,0.08240966,-0.09117133,0.9699048
0.22553,0.09100552,-0.09551667,0.965262
0.2387034,0.09839236,-0.09923157,0.9609853
0.2596561,0.1101725,-0.1051612,0.9536152
0.2465553,0.102807,-0.101452,0.9583051
0.2362314,0.0970173,-0.09854386,0.9618063
0.2585821,0.1095678,-0.1048561,0.9540102
0.2423339,0.1004355,-0.1002596,0.9597578
0.2348246,0.09622795,-0.09814711,0.9622706
0.2359466,0.09685712,-0.09846333,0.9619007
0.232272,0.09479166,-0.09742382,0.9631059
0.214039,0.08455253,-0.09225404,0.9687762
0.1956737,0.07432377,-0.08705714,0.9739655
0.1877974,0.06996571,-0.08482467,0.9760336
0.1913337,0.07191607,-0.08582395,0.9751173
0.2039965,0.07895605,-0.08941962,0.9716766
0.217402,0.08644444,-0.09321374,0.967768
0.2327962,0.09508707,-0.09757258,0.962935
0.2501227,0.1048189,-0.1024659,0.957054
0.2748625,0.1186178,-0.1094099,0.9478449
0.2805838,0.1218441,-0.1110559,0.945565
0.230054,0.09354614,-0.09679691,0.9638229
0.1996472,0.07654838,-0.08819857,0.9728836
0.2175985,0.08658247,-0.09328949,0.9677043
0.2799325,0.1213412,-0.1107653,0.9458568
0.2802157,0.1216014,-0.1109226,0.9457211
0.2655585,0.1134622,-0.1068149,0.9514177
0.2695605,0.115688,-0.1079354,0.9498965
0.2713028,0.1166604,-0.1084264,0.9492254
0.2612855,0.1110723,-0.1056108,0.9530158
0.2357204,0.09672514,-0.09839519,0.9619763
0.2226334,0.08938801,-0.09470348,0.9661653
0.2403238,0.0993185,-0.09970147,0.9604374
0.2678717,0.1147484,-0.107462,0.9505416
0.2852682,0.1243913,-0.1123371,0.9436786
0.2957232,0.1301235,-0.1152549,0.9393253
0.3157543,0.1408916,-0.1207916,0.9305151
0.3242497,0.1453883,-0.1231386,0.9265857
0.3201658,0.1431409,-0.1219454,0.9285116
0.2763517,0.1195441,-0.1098987,0.9472387
0.3209866,0.1435784,-0.1221747,0.9281304
0.3290977,0.1479194,-0.1244683,0.9242955
0.3121215,0.1389768,-0.1198031,0.9321549
0.3039287,0.1345468,-0.1175147,0.9357964
0.2699583,0.1159089,-0.1080468,0.9497439
0.2392576,0.09871784,-0.0993992,0.9607968
0.2472052,0.1031844,-0.1016452,0.9580767
0.2538947,0.1069288,-0.103525,0.9557126
0.2748088,0.1186028,-0.1094055,0.9478629
0.2883214,0.1260674,-0.1131876,0.9424258
0.3046342,0.1349223,-0.1177063,0.9354888
0.3276805,0.147196,-0.1240899,0.9249651
0.3194599,0.1428649,-0.1218198,0.9288138
0.3196181,0.142951,-0.121865,0.9287401
0.3250931,0.1458285,-0.123369,0.9261904
0.3173951,0.1417774,-0.1212545,0.9297617
0.3087223,0.1371457,-0.1188553,0.9336782
0.3047484,0.1350109,-0.1177568,0.9354324
0.3053907,0.1353578,-0.1179353,0.9351504
0.301677,0.1333591,-0.1169108,0.9367701
0.2756822,0.1190737,-0.1096404,0.9475229
0.2569696,0.1086574,-0.1043959,0.9546003
0.2676615,0.1146166,-0.107392,0.9506247
0.2902226,0.1271194,-0.1137247,0.9416359
0.303931,0.1345708,-0.1175309,0.9357902
0.3226305,0.1445383,-0.1226937,0.9273428
0.3423572,0.154727,-0.1280868,0.917848
0.3546969,0.1608973,-0.1314298,0.9116076
0.3570405,0.1620483,-0.1320613,0.9103968
0.3457825,0.1564563,-0.129017,0.9161389
0.3338917,0.1504049,-0.1257824,0.9219943
0.3270049,0.1468349,-0.1238988,0.9252871
0.2981015,0.1313949,-0.1159001,0.9383166
0.2756231,0.1190584,-0.1096367,0.9475424
0.2761065,0.1193244,-0.1097706,0.9473528
0.2895558,0.1267437,-0.1135311,0.9419152
0.3036787,0.1344346,-0.117461,0.9359004
0.3197737,0.1430332,-0.1219079,0.9286683
0.3283246,0.1475094,-0.1242511,0.9246652
0.347067,0.1571022,-0.1293658,0.9154933
0.3544377,0.1607676,-0.1313587,0.9117416
0.3507967,0.1589639,-0.1303748,0.9136053
0.3366382,0.1518141,-0.1265305,0.9206613
0.3277637,0.1472249,-0.1241025,0.9249294
0.3296576,0.1482093,-0.124621,0.9240289
0.3279308,0.1473121,-0.1241486,0.9248501
0.296489,0.1305414,-0.1154682,0.9389995
0.2844277,0.1239306,-0.1121038,0.9440205
0.2891177,0.1265054,-0.1134104,0.9420964
0.3006895,0.1328162,-0.1166307,0.9371995
0.3124014,0.1391173,-0.1198742,0.9320311
0.3245046,0.1455209,-0.1232079,0.9264665
0.327074,0.146866,-0.123914,0.9252558
0.3307768,0.148791,-0.124928,0.9234939
0.3328653,0.1498702,-0.1254983,0.9224911
0.3364572,0.1517239,-0.1264831,0.9207488
0.3218157,0.1441018,-0.1224642,0.9277241
0.3137876,0.1398575,-0.1202576,0.9314051
0.3311839,0.1490078,-0.1250434,0.9232974
0.3245215,0.1455266,-0.1232103,0.9264594
0.3179956,0.1420958,-0.1214201,0.9294863
0.3296391,0.1482007,-0.1246165,0.9240376
0.3063189,0.1358655,-0.1181978,0.9347398
0.2901233,0.1270441,-0.1136816,0.9416818
0.2746343,0.1185113,-0.1093607,0.94793
0.282144,0.1226665,-0.111462,0.9449465
0.3076009,0.136554,-0.1185524,0.9341735
0.3292034,0.1479575,-0.1244858,0.9242494
0.3439584,0.1555403,-0.128524,0.9170505
0.3517392,0.1594321,-0.1306296,0.9131248
0.3488912,0.1580066,-0.1298541,0.9145746
0.3425733,0.1548322,-0.1281426,0.9177418
0.3483618,0.1577527,-0.1297179,0.9148395
0.3364886,0.1517358,-0.1264887,0.9207346
0.3297331,0.1482518,-0.1246438,0.9239921
0.3225919,0.1445131,-0.1226797,0.9273619
0.3031437,0.1341476,-0.1173143,0.9361333
0.2783344,0.1205606,-0.110396,0.9464712
0.2658515,0.1136246,-0.1068964,0.9513072
0.2684294,0.115059,-0.1076184,0.950329
0.2697183,0.115777,-0.1079805,0.9498357
0.2711564,0.1165772,-0.1083841,0.9492823
0.2750953,0.1187672,-0.1094899,0.9477494
0.2849312,0.1241904,-0.1122317,0.9438193
0.2917764,0.127965,-0.1141538,0.9409891
0.3037573,0.1344761,-0.1174822,0.9358662
0.3177434,0.1419622,-0.1213507,0.929602
0.3204082,0.1433684,-0.1220827,0.9283749
0.3219465,0.1441793,-0.1225061,0.927661
0.3155015,0.1407697,-0.1207306,0.930627
0.3145117,0.1402332,-0.1204505,0.9310793
0.3269903,0.1468257,-0.1238934,0.9252946
0.3213449,0.1438611,-0.1223397,0.927941
0.3182626,0.1422343,-0.1214918,0.9293643
0.318502,0.1423455,-0.1215469,0.9292581
0.2926446,0.1284365,-0.114393,0.9406261
0.2861511,0.1248785,-0.1125847,0.9433173
0.273433,0.1178428,-0.1090227,0.9483995
0.2663575,0.1139054,-0.1070376,0.9511163
0.2705556,0.1162422,-0.1082148,0.9495141
0.2805316,0.1217833,-0.1110162,0.9455931
0.3047553,0.1350146,-0.1177588,0.9354294
0.313093,0.1394889,-0.120067,0.9317185
0.3199515,0.1431218,-0.1219532,0.9285874