0.03257964,-0.03085883,0.0236303,0.9987131
-0.397689,0.1835945,0.1451636,0.8871663
-0.3504055,0.1587662,0.1302669,0.9138052
-0.3449621,0.1560447,0.1287953,0.9165496
-0.3502313,0.1586826,0.130222,0.9138929
-0.3479152,0.1575247,0.129594,0.9150664
-0.3495562,0.1583477,0.1300403,0.9142352
-0.3585944,0.16281,0.1324808,0.9095888
-0.3891364,0.1770813,0.1406023,0.8929984
-0.4250015,0.191977,0.149885,0.8718102
-0.4522057,0.2016658,0.156716,0.8545648
-0.4679364,0.2065454,0.1605735,0.8441509
-0.4718443,0.2076734,0.1615236,0.8415134
-0.459497,0.2039988,0.1585139,0.8497766
-0.4462983,0.1996944,0.1552517,0.858392
-0.4096173,0.1858403,0.1459264,0.8811257
-0.3789031,0.1724448,0.137901,0.8987094
-0.3559509,0.1615186,0.1317706,0.9109595
-0.3469997,0.1570671,0.1293465,0.9155275
-0.3417581,0.1544238,0.1279242,0.9181449
-0.3376896,0.1523508,0.1268162,0.9201482
-0.3413202,0.1541978,0.1278025,0.9183627
-0.3513768,0.1592546,0.1305331,0.913309
-0.3590785,0.1631367,0.1328167,0.9092903
-0.3650755,0.1659414,0.1342171,0.9061838
-0.3645768,0.1657019,0.1340835,0.9064482
-0.3565748,0.1618146,0.1319323,0.9106395
-0.3554858,0.161293,0.1316476,0.9111988
-0.3807293,0.1732837,0.1383848,0.8977013
-0.4191845,0.1897105,0.1483968,0.87537
-0.455429,0.2027191,0.1575179,0.8524538
-0.4897869,0.2123752,0.1658207,0.8291617
-0.5228814,0.2189295,0.1735164,0.8053303
-0.524867,0.2192299,0.1739681,0.8038582
-0.5114666,0.2169929,0.1708967,0.8137016
-0.4898296,0.2123959,0.1658377,0.8291278
-0.4595279,0.2040046,0.1585195,0.8497576
-0.4372822,0.1965224,0.1529827,0.8641525
-0.3984214,0.1811192,0.1430146,0.8876954
-0.382535,0.1741146,0.1388666,0.8966979
-0.3849744,0.1752146,0.1395065,0.8953393
-0.3701132,0.1682334,0.1354919,0.9035241
-0.2969979,0.1307875,0.1155834,0.9387904
-0.2896309,0.1267851,0.1135522,0.941884
-0.3002146,0.1325587,0.1164988,0.9374046
-0.3192022,0.1427296,0.1217495,0.9289323
-0.3326445,0.1497614,0.1254417,0.9225961
-0.339704,0.1533789,0.1273648,0.9191596
-0.3475246,0.1573306,0.1294892,0.9152629
-0.3855272,0.1754532,0.1396455,0.8950331
-0.4194918,0.1898905,0.1485116,0.8751643
-0.4703677,0.2071829,0.16112,0.8425378
-0.5019197,0.2151125,0.1686804,0.8205792
-0.5250823,0.2192675,0.174021,0.8036958
-0.5262452,0.2194325,0.1742813,0.8028333
-0.534731,0.2205542,0.1761923,0.7964766
-0.5350892,0.2206006,0.1762749,0.7962048
-0.5262644,0.2194254,0.174279,0.8028232
-0.49728,0.2141225,0.1676003,0.8238776
-0.4605166,0.20432,0.1587683,0.8490998
-0.4086451,0.1854602,0.1456882,0.8816966
-0.3670385,0.1668831,0.1347435,0.9051391
-0.353293,0.1602043,0.1310507,0.9123291
-0.3655029,0.1661563,0.1343383,0.9059542
-0.3910773,0.1779428,0.1411126,0.891898
-0.3949087,0.1796232,0.1421149,0.8897112
-0.4049174,0.1839102,0.1447246,0.8838968
-0.413817,0.1875727,0.1470215,0.8786106
-0.4238877,0.1915477,0.1496001,0.8724955
-0.4281395,0.1931688,0.1506812,0.8698722
-0.4252877,0.1920851,0.1499566,0.8716345
-0.427186,0.1928094,0.1504402,0.8704622
-0.4384254,0.1969437,0.1532778,0.8634248
-0.4640736,0.2053945,0.1596299,0.8467391
-0.484355,0.2110432,0.1645355,0.83294
-0.4919567,0.2128967,0.1663382,0.8276383
-0.5018728,0.2151021,0.1686687,0.820613
-0.4960987,0.2138485,0.167315,0.8247185
-0.4930634,0.2131652,0.1666066,0.8268563
-0.4663559,0.20606,0.1601761,0.845219
-0.4476183,0.200136,0.1555756,0.8575428
-0.4248616,0.1919278,0.1498518,0.871895
-0.4172871,0.1889676,0.1479155,0.876518
-0.4278152,0.1930403,0.1505954,0.8700751
-0.4362329,0.1961567,0.1527265,0.8648109
-0.4453858,0.1993775,0.15502,0.8589813
-0.4479262,0.200241,0.1556531,0.8573434
-0.4546692,0.2024605,0.157321,0.8529571
-0.4531297,0.201964,0.1569421,0.8539633
-0.4499563,0.2009187,0.1561557,0.8560295
-0.4429635,0.1985426,0.1544154,0.8605347
-0.4343632,0.1954769,0.152255,0.8659884
-0.4274956,0.1929253,0.1505177,0.8702711
-0.4300662,0.193893,0.1511708,0.8686748
-0.4380992,0.1968338,0.1532002,0.8636291
-0.4672131,0.206313,0.1603849,0.8446441
-0.4741147,0.2083113,0.1620722,0.8399728
-0.473261,0.2080728,0.161866,0.8405529
-0.4707679,0.207366,0.1612618,0.842242
-0.4681006,0.2065942,0.160614,0.8440402
-0.4703659,0.2072511,0.1611646,0.8425133
-0.4708624,0.2073926,0.1612844,0.8421783
-0.4723316,0.207812,0.1616418,0.8411831
-0.4625023,0.2049209,0.1592478,0.8477848
-0.4513518,0.2013817,0.1565022,0.8551221
-0.4279221,0.1930945,0.150631,0.8700042
-0.4178791,0.1891948,0.1480626,0.8761621
-0.419456,0.1898213,0.1484682,0.8752038
-0.410773,0.1863353,0.1462379,0.8804312
-0.3937823,0.1791388,0.1418251,0.8903541
-0.3903971,0.1776389,0.1409323,0.892285
-0.3761137,0.1711541,0.1371607,0.9002397
-0.3619371,0.1644294,0.1333759,0.907841
-0.3566504,0.1618546,0.1319545,0.9105995
-0.3547542,0.1609237,0.1314444,0.9115785
-0.362215,0.164562,0.1334491,0.9076955
-0.3647267,0.1657739,0.1341241,0.9063687
-0.3733633,0.1698721,0.1364307,0.9017372
-0.379122,0.1725451,0.1379588,0.8985888
-0.3826179,0.1741493,0.1388862,0.8966528
-0.396066,0.1801289,0.1424185,0.8890457
-0.4225334,0.19102,0.1492523,0.8733273
-0.4415056,0.1980412,0.1540556,0.8614635
-0.4521587,0.2016443,0.1567004,0.8545976
-0.4568854,0.2031728,0.1578695,0.8515009
-0.4545939,0.2024399,0.157305,0.853005
-0.4472596,0.2000127,0.1554847,0.8577752
-0.4341715,0.1954062,0.152206,0.866109
-0.4259699,0.1923459,0.1501304,0.8712139
-0.3892472,0.1771499,0.1406437,0.8929299
-0.3751264,0.1706966,0.1368998,0.9007781
-0.3554168,0.1612437,0.1316189,0.9112386
-0.3413329,0.1542075,0.1278082,0.9183556
-0.3447222,0.1559226,0.1287294,0.9166698
-0.3508189,0.1589734,0.1303798,0.9135944
-0.3593979,0.1631979,0.1326944,0.9091709
-0.369142,0.167881,0.1353044,0.9040149
-0.3762664,0.1712259,0.1372019,0.900156
-0.3862712,0.1757974,0.1398475,0.894613
-0.3998775,0.1817736,0.143414,0.886842
-0.4157909,0.1883669,0.1475291,0.8774229
-0.4379961,0.196791,0.1531706,0.8636964
-0.4587644,0.2037649,0.1583307,0.8502626
-0.4780058,0.2093746,0.1630083,0.8373178
-0.4930695,0.2131556,0.1666004,0.8268563
-0.4756604,0.2087401,0.1624464,0.8389195
-0.4560307,0.2028985,0.1576575,0.8520635
-0.4321564,0.1946944,0.1517164,0.8673621
-0.3842225,0.1748747,0.1393081,0.8957596
-0.3335636,0.1502357,0.1256914,0.9221531
-0.3026485,0.1338963,0.1171879,0.9363455
-0.2877952,0.1257756,0.1130387,0.9426435
-0.2790017,0.1209299,0.1105828,0.9462059
-0.2771125,0.1198844,0.1100541,0.9469553
-0.2820639,0.1226223,0.1114396,0.9449789
-0.2949484,0.129696,0.1150357,0.9396548
-0.3140332,0.1399883,0.1203254,0.9312938
-0.3212008,0.1437794,0.122296,0.9280092
-0.3411447,0.1541121,0.1277571,0.9184486
-0.3577535,0.1623926,0.1322502,0.9100279
-0.3673673,0.1670372,0.1348305,0.9049644
-0.3982362,0.1810667,0.1429851,0.8877939
-0.4164185,0.1886296,0.147698,0.8770403
-0.4323102,0.194721,0.1517352,0.8672763
-0.4153622,0.188195,0.1474194,0.8776813
-0.4053256,0.1840757,0.1448264,0.8836587
-0.3898757,0.1774153,0.1408003,0.8925784
-0.3714364,0.1689608,0.1359133,0.9027817
-0.3543952,0.1607458,0.1313466,0.9117637
-0.3330231,0.1499561,0.1255444,0.9224139
-0.3234248,0.1449579,0.1229136,0.9269714
-0.3184792,0.1423484,0.1215511,0.9292649
-0.3212103,0.1437908,0.1223031,0.9280033
-0.3293894,0.1480706,0.1245479,0.9241567
-0.3368473,0.1519205,0.1265871,0.9205595
-0.3435013,0.1553053,0.1283971,0.9172793
-0.3406443,0.1538433,0.1275878,0.9187029
-0.3347561,0.1508397,0.1260116,0.9215784
-0.3225918,0.1445242,0.1226873,0.9273592
-0.3327162,0.1497957,0.1254593,0.9225623
-0.3554935,0.1612867,0.1316429,0.9111977
-0.3947049,0.1795117,0.1420474,0.8898349
-0.4358011,0.1960114,0.1526258,0.8650794
-0.4470124,0.1999337,0.1554262,0.857933
-0.4522941,0.2016916,0.1567357,0.8545084
-0.4507383,0.2011802,0.1563515,0.8555208
-0.4445068,0.1990738,0.1547998,0.8595465
-0.4309539,0.194228,0.1513985,0.8681202
-0.407144,0.1848384,0.1453004,0.882585
-0.371738,0.1691198,0.1360047,0.902614
-0.3504746,0.1588086,0.1302911,0.9137678
-0.3254339,0.1459973,0.1234559,0.9260325
-0.314456,0.1402136,0.1204421,0.9311022
-0.3247097,0.1456265,0.1232629,0.9263707
-0.345916,0.1565174,0.1290491,0.9160736
-0.3672647,0.1669961,0.1348083,0.905017
-0.3956175,0.1799342,0.1423014,0.8893034
-0.418823,0.1895522,0.1482942,0.8755947
-0.4477338,0.2001851,0.155611,0.8574646
-0.4501068,0.2009708,0.1561947,0.855931
-0.4566612,0.2031014,0.1578139,0.8516484
-0.4474628,0.2000855,0.1555383,0.8576425
-0.4368476,0.1963708,0.1528766,0.8644255
-0.4291802,0.1935779,0.150957,0.8692203
-0.3971707,0.1806078,0.142707,0.8884093
-0.3662527,0.1665082,0.1345347,0.9055576
-0.3250037,0.1457297,0.123308,0.9262455
-0.2933773,0.128842,0.1146005,0.940317
-0.2932833,0.1287853,0.1145709,0.9403578
-0.2974701,0.1310689,0.1157367,0.9385827
-0.3091806,0.1373947,0.1189842,0.9334735
-0.3329994,0.149937,0.1255332,0.9224271
-0.3574189,0.1622311,0.1321617,0.9102011
-0.3790035,0.1724689,0.1379137,0.8986604
-0.4081984,0.1852984,0.1455877,0.881954
-0.4332331,0.1950619,0.1519688,0.866698
-0.4670175,0.2062764,0.1603504,0.8447677
-0.4660828,0.2059943,0.1601195,0.8453963
-0.452403,0.2017345,0.1567675,0.8544347
-0.4359218,0.196035,0.1526425,0.8650103
-0.4279398,0.1930935,0.1506311,0.8699958
-0.401479,0.1824429,0.1438217,0.8859145
-0.3677801,0.167241,0.1349454,0.9047419
-0.3391046,0.1530709,0.1272001,0.9194551
-0.3127635,0.1393114,0.1199749,0.9318677
-0.2940916,0.1292222,0.1147926,0.9400183
-0.2805425,0.1217874,0.111018,0.9455891
-0.2872258,0.1254636,0.1128804,0.9428777
-0.2928604,0.1285542,0.1144531,0.9405355
-0.30337,0.1342693,0.1173764,0.9360349
-0.3145622,0.1402673,0.1204694,0.9310548
-0.3361786,0.1515767,0.1264039,0.9208857
-0.3600267,0.1635031,0.1328629,0.9088426
-0.3661433,0.1664551,0.1345045,0.9056159
-0.3773074,0.1716994,0.1374722,0.8995887
-0.3984149,0.1811396,0.1430287,0.8876918
-0.3990716,0.181427,0.1432031,0.88731
-0.4019573,0.1826593,0.1439548,0.8856314
-0.4025854,0.1829259,0.1441182,0.8852644
-0.3994036,0.1815747,0.1432934,0.8871157
-0.37962,0.1727748,0.1380913,0.8983141
-0.3579259,0.1624666,0.1322899,0.9099413
-0.3265851,0.1466105,0.1237795,0.925487
-0.3041386,0.1346922,0.1175953,0.9356971
-0.2732852,0.1177605,0.1089812,0.9484571
-0.2684759,0.1150856,0.107632,0.9503112
-0.2707109,0.1163321,0.1082611,0.9494535
-0.2835341,0.1234303,0.1118484,0.9443852
-0.2982695,0.1315027,0.1159583,0.9382409
-0.3142229,0.1400836,0.1203737,0.9312093
-0.3380291,0.152521,0.1269065,0.9199829
-0.3536746,0.160403,0.1311606,0.9121305
-0.382129,0.1739235,0.1387553,0.8969253
-0.4009666,0.1822404,0.1436987,0.8862082
-0.426591,0.1925589,0.1502732,0.8708382
-0.4479031,0.2002341,0.1556481,0.857358
-0.446547,0.1997732,0.1553089,0.858234
-0.4401072,0.1975398,0.153699,0.8623574
-0.425987,0.1923516,0.1501339,0.8712037
-0.4075651,0.1850192,0.1454131,0.8823342
-0.3794317,0.1726882,0.1380413,0.898418
-0.3390531,0.1530091,0.127161,0.9194896
-0.2848855,0.1241778,0.1122263,0.9438355
-0.2535224,0.1067425,0.1034377,0.9558416
-0.2180554,0.08681209,0.09340021,0.9675701
-0.2198123,0.08779658,0.09389731,0.9670356
-0.230646,0.09387999,0.09696527,0.9636321
-0.248442,0.1038752,0.1019914,0.9576452
-0.2689162,0.1153303,0.1077553,0.9501431
-0.3035598,0.1343893,0.1174416,0.9359478
-0.3330517,0.1499271,0.1255224,0.9224113
-0.3680675,0.1673653,0.1350145,0.9045917
-0.3740735,0.1702035,0.1366187,0.9013518
-0.3945099,0.1794495,0.1420108,0.8899398
-0.4065637,0.1846031,0.1451542,0.8829258
-0.3953502,0.1798118,0.1422277,0.889459
-0.3945358,0.1794625,0.1420183,0.8899245
-0.3823043,0.1740053,0.1388026,0.8968274
-0.3707086,0.1686209,0.1357216,0.9031731
-0.3534587,0.1602829,0.1310938,0.912245
-0.3360132,0.1514919,0.1263589,0.9209661
-0.3169571,0.1415155,0.1211129,0.9299694
-0.2842684,0.1238486,0.112063,0.9440841
-0.2712066,0.1166052,0.1083981,0.9492629
-0.2688442,0.1152903,0.1077351,0.9501706
-0.2616411,0.111273,0.1057123,0.9528836
-0.2724686,0.1172964,0.1087444,0.9487766
-0.2844014,0.123918,0.1120978,0.9440309
-0.3037037,0.134447,0.1174672,0.9358897
-0.3254564,0.1460261,0.1234739,0.9260177
-0.341374,0.1542189,0.127813,0.9183378
-0.3458232,0.1564904,0.1290369,0.9161149
-0.3723906,0.1694148,0.136171,0.9022646
-0.4014418,0.1824515,0.143828,0.8859286
-0.4241533,0.1916275,0.1496537,0.8723397
-0.4362851,0.1961791,0.1527421,0.8647768
-0.4392809,0.1972481,0.1534924,0.8628822
-0.4355242,0.1958963,0.1525456,0.865259
-0.4189549,0.1896226,0.1483394,0.8755088
-0.406556,0.1845963,0.1451495,0.8829315
-0.3907472,0.1777965,0.1410254,0.8920856
-0.3657319,0.1662399,0.1343823,0.9058399
-0.3418365,0.1544795,0.127956,0.918102
-0.326806,0.1467176,0.1238347,0.9253846
-0.3230784,0.1447737,0.1228168,0.9271337
-0.3097615,0.1377088,0.119147,0.9332138
-0.3103307,0.1380109,0.1193024,0.9329603
-0.3180535,0.1421244,0.1214347,0.9294602
-0.3296332,0.1481977,0.1246149,0.9240404
-0.3397297,0.1533913,0.1273714,0.919147
-0.3480704,0.157607,0.1296391,0.9149867
-0.3574477,0.1622486,0.1321717,0.9101852
-0.3781244,0.1720858,0.1376949,0.8991376
-0.3803141,0.1730895,0.1382723,0.8979321
-0.3992405,0.1814969,0.1432454,0.8872129
-0.4189976,0.1896378,0.148349,0.8754833
-0.4299682,0.1938551,0.151145,0.8687363
-0.4347266,0.1956111,0.1523478,0.8657593
-0.4292023,0.1935687,0.1509509,0.8692124
-0.4195462,0.1898579,0.148492,0.8751487
-0.4051524,0.1840068,0.1447841,0.8837594
-0.3882861,0.1767026,0.1403793,0.8934785
-0.370145,0.1683533,0.1355702,0.903477
-0.3522342,0.1596905,0.1307725,0.9128683
-0.3200177,0.1431619,0.121975,0.9285555
-0.2926465,0.1284457,0.1143996,0.9406235
-0.2697383,0.1157715,0.1079735,0.9498315
-0.2527058,0.1062765,0.1032011,0.9561353
-0.2318777,0.09457074,0.09731273,0.9632338
-0.2234279,0.0898211,0.09491799,0.9659206
-0.2463286,0.1027277,0.1014237,0.9583749
-0.2953569,0.1298729,0.1151143,0.9394925
-0.3461924,0.1566623,0.1291281,0.9159333
-0.3875209,0.176387,0.1401958,0.8939016
-0.3830976,0.174356,0.1390057,0.8963892
-0.3936472,0.1790859,0.1417925,0.8904297
-0.4420276,0.1982158,0.1541812,0.8611331
-0.459479,0.2039966,0.158512,0.8497872
-0.4416084,0.1980521,0.1540657,0.8614065
-0.4139868,0.1876386,0.1470639,0.8785095
-0.3961434,0.1801626,0.142439,0.889001
-0.3808005,0.1733096,0.1383991,0.8976639
-0.3562198,0.1616472,0.1318414,0.9108213
-0.3295969,0.1481686,0.124598,0.9240602
-0.3139133,0.1399245,0.1202924,0.9313481
-0.300535,0.1327312,0.1165867,0.9372665
-0.3275548,0.1471256,0.1240511,0.9250261
-0.3703347,0.1684229,0.1356073,0.9033806
-0.4088013,0.1855248,0.1457285,0.8816038
-0.4266325,0.1925973,0.1502983,0.870805
-0.4417924,0.1981365,0.1541242,0.8612823
-0.4547828,0.2024989,0.1573504,0.8528819
-0.465163,0.2057257,0.1598986,0.8460099
-0.4726093,0.2078865,0.1617066,0.8409961
-0.4800113,0.209913,0.1634925,0.8359401
-0.4738059,0.2082249,0.1619974,0.8401828
-0.4658286,0.2059244,0.1600609,0.8455645
-0.4484487,0.2004132,0.1557807,0.8570068
-0.4272474,0.1928279,0.1504526,0.8704258
-0.412832,0.1871791,0.1467718,0.8791996
-0.3950929,0.1797058,0.1421646,0.8896047
-0.384619,0.1750558,0.1394138,0.8955376
-0.3809421,0.1733829,0.1384423,0.8975829
-0.3690999,0.1678569,0.1352908,0.9040385
-0.3642608,0.16555,0.1339988,0.9066154
-0.3438675,0.1554802,0.1284896,0.9170995
-0.3158181,0.1409362,0.1208165,0.9304833
-0.302405,0.1337463,0.1171078,0.9364555
-0.3021015,0.133581,0.1170227,0.9365877
-0.318299,0.1422461,0.1214966,0.9293494
-0.3449779,0.1560571,0.1288024,0.9165405
-0.37606,0.17112,0.1371404,0.9002718
-0.4031246,0.1831535,0.1442578,0.8849492
-0.4235601,0.1914284,0.1495216,0.8726943
-0.4293125,0.1936076,0.1509777,0.8691448
-0.4307421,0.1941436,0.1513409,0.8682542
-0.4284273,0.1932772,0.1507547,0.8696936
-0.4235568,0.1914207,0.1495161,0.8726985
-0.4055773,0.1841653,0.1448819,0.8835154
-0.3989666,0.1813845,0.1431778,0.8873699
-0.3918749,0.1782948,0.1413213,0.8914445
-0.3829961,0.1743202,0.1389854,0.8964427
-0.3752628,0.1707533,0.1369319,0.9007058
-0.3639878,0.1654184,0.1339258,0.9067599
-0.3629995,0.1649427,0.1336612,0.9072816
-0.3496688,0.1584056,0.1300719,0.9141776
-0.343923,0.1555193,0.1285123,0.9170689
-0.3301257,0.1484491,0.1247469,0.9238063
-0.3255765,0.1460925,0.1235252,0.9259581
-0.3230714,0.1447703,0.122815,0.927137
-0.3269435,0.1467984,0.1238786,0.9253174
-0.3384668,0.1527502,0.1270293,0.9197669
-0.3578688,0.162451,0.1322826,0.9099675
-0.3886901,0.176885,0.1404869,0.8932498
-0.4077939,0.1851126,0.1454713,0.8821993
-0.4059024,0.1843225,0.1449799,0.8833171
-0.4183342,0.1893789,0.1481812,0.875885
-0.4146845,0.187921,0.1472436,0.8780899
-0.4210148,0.1904337,0.1488675,0.874254
-0.4220531,0.1908387,0.1491331,0.8736194
-0.4297632,0.1937785,0.1510933,0.8688638
-0.4142429,0.187749,0.1471342,0.8783534
-0.4083752,0.1853479,0.1456182,0.8818567
-0.3980274,0.1809769,0.1429304,0.8879147
-0.3904892,0.1776822,0.1409577,0.8922321
-0.3794226,0.1726854,0.1380396,0.8984227
-0.3960482,0.1801271,0.1424177,0.8890541
-0.4283098,0.1932076,0.1507084,0.8697749
-0.4325249,0.1948039,0.1517916,0.8671408
-0.4301035,0.1939044,0.1511785,0.8686525
-0.4415549,0.1980501,0.1540629,0.8614349
-0.4542517,0.2023271,0.1572186,0.85323
-0.4633209,0.2051712,0.159449,0.8472393
-0.4649228,0.2056532,0.1598396,0.8461707
-0.4681269,0.2066045,0.1606222,0.8440214
-0.4771314,0.209136,0.1627967,0.837917
-0.4842124,0.2110006,0.1644969,0.8330413
-0.4832919,0.2107634,0.1642753,0.8336794
-0.4701164,0.2071785,0.1611036,0.8426822
-0.4576079,0.2034003,0.158046,0.8510258
-0.4509849,0.2012607,0.1564116,0.8553609
-0.4388883,0.1971104,0.1533957,0.8631306
-0.4354318,0.1958686,0.1525262,0.8653152
-0.4283957,0.193264,0.1507457,0.8697137
-0.4186696,0.1895118,0.1482676,0.8756813
-0.4268281,0.1926742,0.1503493,0.8706834
-0.4374749,0.1965957,0.1530341,0.8640292
-0.4511065,0.2013021,0.1564427,0.8552813
-0.4612644,0.2045421,0.1589445,0.8486073
-0.4643951,0.2054955,0.1597111,0.846523
-0.4634824,0.2052206,0.1594882,0.8471317
-0.4556566,0.20278,0.1575658,0.8523088
-0.4453148,0.1993524,0.1550017,0.8590273
-0.4384383,0.1969495,0.1532821,0.863416
-0.4334067,0.1951282,0.1520147,0.8665882
-0.4225071,0.1910145,0.1492486,0.8733419
-0.4083013,0.1853182,0.1455993,0.8819002
-0.4009033,0.1822029,0.1436754,0.8862483
-0.3810444,0.1734323,0.138471,0.8975256
-0.3628123,0.1648462,0.1336069,0.9073821
-0.3562436,0.161655,0.1318451,0.9108101
-0.3631257,0.1650048,0.1336957,0.9072148
-0.3672857,0.1669983,0.1348086,0.905008
-0.3795182,0.1727273,0.1380639,0.8983705
-0.3929942,0.1787875,0.1416152,0.8908063
-0.4075389,0.1849967,0.1453985,0.8823534
-0.4265088,0.1925535,0.1502689,0.8708804
-0.4401129,0.1975409,0.1537001,0.862354
-0.4417178,0.1981073,0.1541035,0.861331
-0.435742,0.1959799,0.1526035,0.8651202
-0.4363889,0.1962134,0.152766,0.8647125
-0.4337643,0.1952591,0.1521047,0.8663641
-0.4285398,0.1933195,0.1507831,0.8696238
-0.4222928,0.19093,0.1491933,0.8734735
-0.4147457,0.187949,0.1472618,0.8780519
-0.4073193,0.1849104,0.145345,0.8824818
-0.3992451,0.1815017,0.1432489,0.8872092
-0.3976544,0.1808163,0.1428333,0.8881301
-0.4042314,0.1836202,0.1445451,0.8843004
-0.4101645,0.1860855,0.1460804,0.8807939
-0.4140561,0.1876694,0.147083,0.878467
-0.4268914,0.192699,0.1503661,0.870644
-0.4245953,0.1918232,0.1497825,0.8720596
-0.4151062,0.188117,0.1473698,0.8778274
-0.3707694,0.1686512,0.1357388,0.9031399
-0.3224355,0.1444805,0.1226707,0.9274226
-0.2836976,0.1234359,0.1118324,0.9443373
-0.2371042,0.09750688,0.09878908,0.9615169
-0.2224525,0.08927806,0.09464544,0.9662229
-0.2324124,0.09486949,0.09746248,0.9630604
-0.2563847,0.1083096,0.1042157,0.9548168
-0.2630391,0.1120611,0.1061107,0.9523619
-0.2837909,0.123575,0.1119224,0.9442803
-0.2962893,0.1304239,0.1154067,0.9390865
-0.315379,0.1407223,0.1207085,0.9306787
-0.3529701,0.1600166,0.1309444,0.9125022
-0.3881512,0.1766419,0.1403437,0.8935546
-0.4119457,0.1868208,0.1465447,0.8797291
-0.4197973,0.1899571,0.1485565,0.8749958
-0.423083,0.1912372,0.1493955,0.8729892
-0.4242524,0.191688,0.1496929,0.8722715
-0.4159714,0.1884405,0.1475765,0.8773136
-0.4015502,0.1824893,0.1438511,0.8858679
-0.3724333,0.1694544,0.1361962,0.9022356
-0.3216624,0.1440289,0.1224274,0.9277933
-0.2602752,0.1105056,0.105323,0.9533899
-0.2045226,0.07924161,0.08955973,0.9715299
-0.1678443,0.05904499,0.07916915,0.9808538
-0.1620087,0.05589312,0.07752011,0.9821506
-0.1705791,0.06053176,0.07994609,0.9802282
-0.1854722,0.06868264,0.08416449,0.9766264
-0.205384,0.07973325,0.08981577,0.9712842
-0.2369712,0.09743299,0.09875297,0.9615609
-0.2591498,0.109881,0.1050124,0.9538029
-0.2691057,0.1154393,0.1078111,0.9500698
-0.2773943,0.1200403,0.1101329,0.9468439
-0.2909419,0.1275043,0.1139184,0.9413385
-0.3152591,0.1406424,0.1206649,0.930737
-0.3454643,0.1562839,0.1289222,0.9163017
-0.380638,0.1732324,0.1383546,0.8977545
-0.4023329,0.1828185,0.1440521,0.8854121
-0.4045773,0.1837622,0.144633,0.8840984
-0.3959287,0.180072,0.1423847,0.8891238
-0.4020765,0.1827079,0.1439846,0.8855624
-0.403703,0.1833977,0.144408,0.8846105
-0.4047998,0.1838591,0.1446927,0.8839667
-0.4047849,0.1838544,0.1446901,0.8839749
-0.3976024,0.1807985,0.1428229,0.8881587
-0.3771909,0.1716541,0.1374471,0.8996501
-0.348606,0.1578462,0.129765,0.9147237
-0.2984586,0.1315958,0.1160038,0.9381621
-0.251783,0.1057489,0.1029334,0.956466
-0.2104792,0.08257105,0.09125371,0.9698213
-0.193366,0.07304887,0.08640685,0.9745805
-0.197348,0.07525527,0.08753354,0.9735134
-0.2195391,0.08764718,0.09382268,0.9671183
-0.2526366,0.1062294,0.1031751,0.9561616
-0.2934411,0.1288665,0.114612,0.9402924
-0.3278373,0.1472831,0.1241366,0.9248894
-0.3598277,0.1633971,0.1328032,0.9089493
-0.3904861,0.177681,0.1409573,0.8922338
-0.3972839,0.1806537,0.1427347,0.8883448
-0.3823513,0.174027,0.1388155,0.8968011
-0.3671889,0.1669505,0.1347815,0.9050601
-0.3522206,0.1596708,0.1307598,0.9128788
-0.3384398,0.1527421,0.1270263,0.9197786
-0.3085513,0.1370399,0.1188002,0.9337574
-0.2512838,0.1054344,0.1027661,0.95665
-0.2099555,0.08227827,0.09110534,0.9699736
-0.1762963,0.0636586,0.08157452,0.9788835
-0.1722334,0.06144026,0.08042225,0.9798434
-0.2001314,0.07679604,0.0883166,0.9727538
-0.2360699,0.09692659,0.09849826,0.9618598
-0.2750954,0.1187493,0.1094773,0.947753
-0.3179162,0.1420564,0.1214008,0.929522
-0.3497141,0.1584218,0.13008,0.9141563
-0.3732118,0.1698001,0.1363899,0.9018196
-0.3923363,0.1784934,0.1414395,0.891183
-0.4144849,0.1878421,0.1471936,0.8782094
-0.4277753,0.1930311,0.150589,0.8700979
-0.4299986,0.1938665,0.1511529,0.8687173
-0.4287937,0.1934152,0.1508477,0.8694663
-0.4166905,0.1887263,0.1477604,0.8768798
-0.3964013,0.1802779,0.1425087,0.8888515
-0.3683524,0.1675061,0.1350938,0.9044379
-0.3356937,0.1513294,0.1262725,0.9211213
-0.3188842,0.1425731,0.1216698,0.929076
-0.3092583,0.1374348,0.1190048,0.9334393
-0.2949735,0.129708,0.1150415,0.9396446
-0.2754231,0.1189484,0.1095813,0.9476209
-0.2607816,0.11079,0.1054686,0.9532024
-0.2548156,0.1074518,0.10379,0.9553799
-0.2603123,0.110528,0.1053368,0.9533758
-0.2703019,0.1161031,0.1081453,0.9496112
-0.2831268,0.1232048,0.1117338,0.9445503
-0.3009174,0.1329383,0.116693,0.9371012
-0.3150614,0.1405356,0.1206092,0.9308273
-0.3257106,0.1461559,0.1235414,0.9258988
-0.3389546,0.1529857,0.1271531,0.919531
-0.353211,0.1601617,0.1310276,0.9123717
-0.3512832,0.1592057,0.1305064,0.9133574
-0.3474853,0.1573115,0.1294789,0.9152826
-0.3322652,0.1495514,0.1253283,0.9227823
-0.3143806,0.1401795,0.1204257,0.9311348
-0.2915224,0.1278221,0.1140803,0.9410961
-0.2649029,0.1130963,0.1066304,0.9516647
-0.2496689,0.1045685,0.1023412,0.9572132
-0.2406147,0.09948168,0.09978361,0.9603391
-0.2268771,0.0917617,0.09589782,0.9648368
-0.1980966,0.07566795,0.08774285,0.9733105
-0.1733187,0.06202371,0.08072236,0.9795905
-0.1619128,0.0558423,0.07749373,0.9821713
-0.1647229,0.05735762,0.0782882,0.9815536
-0.1740616,0.06242942,0.08093362,0.9794155
-0.183322,0.06750242,0.08355795,0.9771666
-0.2033477,0.0785955,0.08923629,0.9718588
-0.235449,0.09657756,0.09832263,0.962065
-0.2619705,0.1114539,0.1058026,0.952762
-0.2898839,0.126931,0.1136278,0.9417774
-0.3224108,0.1444308,0.1226381,0.9274433
-0.3662137,0.1664864,0.1345217,0.9055792
-0.403135,0.1831729,0.1442705,0.8849384
-0.4112448,0.186532,0.1463618,0.8801486
-0.4012695,0.1823665,0.1437754,0.8860326
-0.3876096,0.1763996,0.1402008,0.89386
-0.3677788,0.1672304,0.1349386,0.9047453
-0.3322109,0.1495142,0.1253077,0.9228106
-0.2893152,0.1265943,0.1134514,0.9420187
-0.268829,0.1152818,0.1077309,0.9501764
-0.242555,0.1005629,0.1003244,0.9596818
-0.2115261,0.08317497,0.09156685,0.9695123
-0.1700393,0.06021057,0.079767,0.9803564
-0.1450268,0.04683548,0.0727196,0.9856396
-0.1511438,0.05007496,0.07444636,0.9844317
-0.1717496,0.06116335,0.08027267,0.9799579
-0.1966293,0.0748525,0.08732662,0.9737084
-0.2167911,0.08610363,0.09304202,0.967952
-0.2438361,0.1012938,0.1006953,0.9592413
-0.2730455,0.1176068,0.1088989,0.9485546
-0.2960674,0.1303114,0.1153511,0.939179
-0.3163812,0.1412368,0.1209732,0.9302261
-0.3422075,0.1546578,0.1280506,0.9179205
-0.3633871,0.1651161,0.1337564,0.9070808
-0.3754726,0.170859,0.1369924,0.900589
-0.3715712,0.1690292,0.1359525,0.9027075
-0.3714565,0.1698599,0.1362247,0.9025578
-0.3752968,0.1707772,0.1369458,0.900685
-0.3660702,0.1664301,0.134492,0.905652
-0.3335012,0.1501995,0.1256731,0.922184
-0.3053683,0.1353387,0.1179239,0.9351618
-0.2845778,0.1240174,0.1121486,0.9439585
-0.2865464,0.1250932,0.1126929,0.9431559
-0.2976142,0.1311463,0.1157761,0.9385213
-0.3041239,0.1346685,0.1175798,0.9357072
-0.3143374,0.140153,0.1204113,0.9311553
-0.3128467,0.1393566,0.1199983,0.9318299
-0.3059327,0.1356492,0.1180851,0.9349121
-0.2822903,0.1227477,0.1115032,0.9448874
-0.2548317,0.1074739,0.1038058,0.9553713
-0.2107326,0.08269501,0.09131166,0.9697502
-0.1651673,0.05759778,0.078414,0.9814547
-0.1420958,0.04529942,0.07189973,0.9861983
-0.1513836,0.05020594,0.07451708,0.9843827
-0.1822661,0.06691458,0.08325142,0.9774307
-0.2154097,0.08532985,0.09265067,0.9683664
-0.2272443,0.09197023,0.09600356,0.9647201
-0.2463335,0.1026955,0.1013989,0.9583797
-0.2809674,0.122074,0.1111711,0.9454079
-0.3539965,0.1605488,0.1312394,0.9119686
-0.4369481,0.1965033,0.1529682,0.8643284
-0.4580105,0.2035499,0.1581597,0.8507522
-0.4380785,0.196812,0.1531864,0.8636471
-0.4022113,0.1827669,0.1440208,0.8854831
-0.3561235,0.1615521,0.1317831,0.9108843
-0.290423,0.1272289,0.1137795,0.9415526
-0.2266129,0.0915662,0.09578402,0.9649289
-0.2005382,0.07702646,0.08843613,0.9726409
-0.1904673,0.07143028,0.08557229,0.9753447
-0.1785202,0.06486723,0.08219732,0.9783488
-0.1750793,0.06298245,0.08121966,0.979175
-0.1834178,0.06755304,0.08358334,0.9771429
-0.2188913,0.08727951,0.09363596,0.9673164
-0.2637899,0.1124379,0.10629,0.9520898
-0.30324,0.1342001,0.1173413,0.9360912
-0.3312034,0.1490121,0.1250449,0.9232894
-0.3603351,0.1636487,0.1329432,0.9086823
-0.3946087,0.1794791,0.1420277,0.8898873
-0.4169709,0.1888404,0.1478337,0.8767096
-0.4255622,0.1921904,0.1500267,0.8714652
-0.4224687,0.1909972,0.1492373,0.8733662
-0.4155179,0.1882603,0.1474613,0.8775865
-0.4072781,0.1848975,0.145337,0.8825048
-0.3863673,0.1758423,0.1398737,0.8945587
-0.3585922,0.1627853,0.132465,0.9095964
-0.3074321,0.1364321,0.1184838,0.9342555
-0.2545342,0.1072713,0.1036926,0.9554858
-0.2268265,0.09173334,0.09588361,0.9648529
-0.2465178,0.1027934,0.1014472,0.9583167
-0.2707975,0.1163804,0.1082854,0.9494201
-0.2981603,0.1314417,0.1159266,0.9382881
-0.3269019,0.1467757,0.1238664,0.9253373
-0.3369665,0.1519828,0.1266204,0.9205011
-0.3417351,0.1544197,0.1279229,0.9181543
-0.3633613,0.165119,0.1337585,0.9070904
-0.3986754,0.1812567,0.1430999,0.8875395
-0.4163359,0.18859,0.1476725,0.8770925
-0.4083656,0.1853428,0.1456146,0.8818628
-0.402263,0.1827898,0.1440349,0.8854526
-0.3952369,0.1797684,0.1422019,0.8895222
-0.3838382,0.1747012,0.1392069,0.8959738
-0.362421,0.1646567,0.1335018,0.9075882
-0.3318291,0.1493405,0.1252195,0.9229881
-0.2954553,0.1299708,0.1151756,0.9394404
-0.2661697,0.1137977,0.1069823,0.951188
-0.2361386,0.0969616,0.09851456,0.9618378
-0.2135876,0.08431742,0.09214122,0.9689071
-0.1850075,0.06842797,0.08403399,0.9767436
-0.1831351,0.06739589,0.08350164,0.9772138
-0.1932407,0.07297733,0.08636957,0.9746141
-0.205703,0.07990033,0.08989701,0.9711955
-0.2103159,0.0824798,0.09120746,0.9698688
-0.2161255,0.08572951,0.09285246,0.9681522
-0.2328287,0.09511869,0.09759206,0.962922
-0.2693155,0.1155204,0.1078427,0.9499969
-0.2897342,0.1268425,0.1135817,0.9418409
-0.3271901,0.1469502,0.1239626,0.9251949
-0.3282107,0.147458,0.1242253,0.9247172
-0.330895,0.1488523,0.1249603,0.9234372
-0.3336018,0.1502515,0.1257006,0.9221353
-0.3401297,0.1535962,0.1274811,0.9189497
-0.3389105,0.1529702,0.1271459,0.9195508
-0.3327414,0.1498103,0.1254673,0.9225497
-0.3446549,0.1558883,0.1287109,0.9167035
-0.3363943,0.1516817,0.1264591,0.9207821
-0.3138683,0.1398937,0.120275,0.9313701
-0.296665,0.1306299,0.1155122,0.9389264
-0.2887188,0.1262856,0.1132984,0.9422615
-0.2845788,0.1240082,0.112142,0.9439603
-0.2746367,0.1185093,0.1093588,0.9479298
-0.2767327,0.1196727,0.1099469,0.9471056
-0.2861459,0.1248717,0.1125803,0.9433205
-0.3146733,0.1403229,0.1204978,0.9310051
-0.3489154,0.158028,0.129867,0.9145598
-0.384308,0.1748998,0.1393221,0.8957158
-0.4062809,0.1844788,0.1450767,0.8830947
-0.4255183,0.1921759,0.1500171,0.8714915
-0.4376035,0.1966515,0.1530728,0.8639445
-0.4484614,0.200419,0.1557845,0.8569983
-0.4575385,0.2033802,0.1580307,0.8510706
-0.4645643,0.2055458,0.1597518,0.8464102
-0.4715559,0.2075927,0.1614543,0.8417083
-0.4823663,0.2105249,0.1640542,0.8343189
-0.4856724,0.2113691,0.1648452,0.8320286
-0.4812212,0.2102269,0.1637802,0.8351089
-0.4628007,0.2050099,0.1593196,0.8475869
-0.4463054,0.1997008,0.1552553,0.8583861
-0.4171607,0.1889136,0.1478811,0.8765956
-0.3982452,0.1810668,0.1429844,0.88779
-0.3755113,0.1708713,0.136999,0.9005696
-0.3660888,0.1664281,0.1344896,0.9056452
-0.3662091,0.1664843,0.1345205,0.9055817
-0.376884,0.1715132,0.1373667,0.8998178
-0.389065,0.1770497,0.1405838,0.8930387
-0.4083486,0.1853508,0.14562,0.8818681
-0.4451738,0.1993041,0.1549664,0.8591179
-0.4785419,0.2095315,0.1631463,0.8369454
-0.4953312,0.2136749,0.1671343,0.8252613
-0.5089967,0.2165304,0.1703261,0.8154913
-0.5166711,0.217921,0.1720964,0.8099038
-0.5238171,0.2190721,0.1737294,0.8046374
-0.514557,0.2175567,0.1716129,0.8114489
-0.500687,0.2148483,0.1683894,0.8214607
-0.4893188,0.2122664,0.1657118,0.8294876
-0.4601395,0.2041969,0.1586707,0.8493522
-0.451787,0.2015327,0.156615,0.8548361
-0.4359813,0.1960467,0.1526515,0.8649762
-0.4204259,0.1902027,0.148717,0.8746132
-0.4086573,0.1854668,0.1456923,0.8816888
-0.4049788,0.1839349,0.1447395,0.8838611
-0.409147,0.1856662,0.1458172,0.8813989
-0.4106197,0.1862726,0.1461983,0.8805225
-0.4191242,0.1896869,0.1483811,0.8754067
-0.4377182,0.1966904,0.1530997,0.8638727
-0.4545471,0.2024249,0.1572932,0.8530357
-0.471939,0.2077003,0.1615465,0.8414493
-0.4656566,0.2058703,0.160017,0.8456807
-0.4541128,0.202285,0.1571863,0.8533198
-0.4444186,0.1990435,0.1547776,0.8596032
-0.4469658,0.199915,0.155413,0.8579641
-0.4535013,0.2020866,0.1570349,0.8537199
-0.4436032,0.1987725,0.154581,0.8601223
-0.415397,0.1882272,0.1474411,0.8776543
-0.36249,0.1646968,0.1335243,0.9075502
-0.3259212,0.1462813,0.1236096,0.9257957
-0.2953709,0.1299021,0.1151361,0.9394813
-0.2565458,0.1084053,0.104265,0.9547572
-0.2484195,0.1038636,0.1019859,0.9576529
-0.2626846,0.1118485,0.1060001,0.9524971
-0.2846256,0.1240365,0.1121569,0.9439406
-0.3044915,0.1348718,0.1176852,0.9355451
-0.3237574,0.1451301,0.1230034,0.9268163
-0.3397834,0.1534213,0.1273878,0.9191199
-0.3491937,0.1581701,0.1299443,0.9144182
-0.3644036,0.1656124,0.1340329,0.9065417
-0.3753867,0.1708163,0.1369681,0.9006367
-0.3726667,0.1695454,0.1362448,0.9021149
-0.3661746,0.1664637,0.1345088,0.9056011
-0.3516261,0.1593807,0.1306026,0.9131811
-0.3298748,0.1483231,0.1246811,0.923925
-0.2996159,0.1322325,0.1163314,0.937663
-0.2624625,0.111726,0.1059393,0.9525794
-0.2183701,0.08698108,0.09348369,0.9674759
-0.1775099,0.06431206,0.08190934,0.9785934
-0.1605307,0.05510152,0.07710592,0.9824705
-0.1691029,0.0597251,0.07952349,0.9805678
-0.1779723,0.06456568,0.0820408,0.9784818
-0.1765159,0.06376851,0.08162772,0.9788323
-0.1827217,0.06717294,0.08338831,0.9773162
-0.2023265,0.07800449,0.0889278,0.9721477
-0.2285114,0.09269922,0.09637588,0.9643138
-0.269406,0.1156031,0.1078929,0.9499556
-0.2859496,0.1247574,0.1125207,0.9434021
-0.3184592,0.1423189,0.1215326,0.9292787
-0.346406,0.1567717,0.1291875,0.9158254
-0.3659862,0.1663776,0.1344609,0.9057003
-0.3969366,0.1805098,0.1426487,0.8885432
-0.4157698,0.1883637,0.1475274,0.877434
-0.4267789,0.1926538,0.1503359,0.8707143
-0.4173065,0.1889713,0.1479181,0.8765075
-0.401429,0.1824278,0.1438131,0.8859416
-0.3681637,0.1674095,0.1350393,0.9045408
-0.3303758,0.1486178,0.124844,0.9236767
-0.2698799,0.1158669,0.108026,0.9497737
-0.1957979,0.07439851,0.08709282,0.9739316
-0.1328437,0.04046435,0.06928156,0.9878843
-0.09242126,0.02020545,0.05793311,0.9938278
-0.08752647,0.01785979,0.05656974,0.9943943
-0.1118657,0.02975837,0.06337297,0.991254
-0.1511367,0.05006839,0.07444174,0.9844335
-0.1878447,0.06998978,0.08483612,0.9760218
-0.2188742,0.08727103,0.093632,0.9673215
-0.2529866,0.1064431,0.1032878,0.9560331
-0.2619409,0.1114407,0.1057967,0.9527722
-0.2814158,0.1222664,0.1112596,0.9452394
-0.3088768,0.1372316,0.1189003,0.9336088
-0.3383907,0.1527154,0.1270117,0.9198031
-0.3560773,0.1615756,0.1318016,0.9108955
-0.367463,0.1670935,0.1348627,0.9049104
-0.3943391,0.1793769,0.1419674,0.890037
-0.3888678,0.1769607,0.1405314,0.8931504
-0.3852077,0.1753204,0.1395685,0.8952085
-0.3895983,0.1772879,0.1407246,0.8927366
-0.3809849,0.1734008,0.1384524,0.8975598
-0.3570212,0.1620467,0.132061,0.9104046
-0.349241,0.1581843,0.1299509,0.9143966
-0.3378718,0.1524434,0.1268654,0.9200591
-0.3375764,0.1522928,0.1267852,0.9202036
-0.3367704,0.1518794,0.126565,0.9205975
-0.3266791,0.1466641,0.1238087,0.9254414
-0.3061343,0.1357489,0.1181348,0.9348252
-0.2896676,0.126806,0.1135631,0.9418685
-0.2649812,0.1131375,0.1066505,0.9516357
-0.2443909,0.1016095,0.1008552,0.95905
-0.2183572,0.08696967,0.093476,0.9674805
-0.2022763,0.07799385,0.08892881,0.9721588
-0.1940762,0.07343854,0.08660494,0.9743925
-0.1958081,0.07440149,0.08709802,0.9739289
-0.2074683,0.0808847,0.09039667,0.970692
-0.2242223,0.09027115,0.0951464,0.9656721
-0.2513675,0.1055265,0.1028245,0.9566116
-0.2566668,0.1084906,0.1043128,0.9547098
-0.2650236,0.1131574,0.1066597,0.9516205
-0.273979,0.118146,0.1091759,0.9481865
-0.2779195,0.1203313,0.1102802,0.9466357
-0.2899547,0.1269707,0.1136482,0.9417477
-0.3196607,0.1429515,0.1218613,0.9287259
-0.3351323,0.1510393,0.1261185,0.9213944
-0.3516226,0.1593771,0.1306001,0.9131836
-0.35691,0.161983,0.1320252,0.9104647
-0.3538305,0.1604676,0.1311948,0.9120538
-0.3452637,0.1561951,0.1288761,0.9163989
-0.3382126,0.1526186,0.126959,0.919892
-0.3290275,0.1478831,0.1244492,0.9243289
-0.3147913,0.1403918,0.1205346,0.93095
-0.2982408,0.131487,0.1159504,0.9382533
-0.2697425,0.115802,0.1079959,0.949824
-0.2470786,0.1030961,0.1015961,0.958124
-0.2196186,0.08769745,0.09385068,0.9670929
-0.1858469,0.06889025,0.08427182,0.9765312
-0.1480073,0.04840723,0.07355657,0.9850584
-0.11189,0.02977711,0.06338672,0.9912498
-0.1008491,0.02430934,0.06029781,0.9927752
-0.1133811,0.03052613,0.06380768,0.9910305
-0.1327807,0.04042664,0.06926227,0.9878956
-0.1640134,0.05697405,0.07808654,0.9817108
-0.2036113,0.07872983,0.08929999,0.9717867
-0.2389733,0.09855787,0.0993187,0.9608923
-0.2919755,0.1280942,0.1142254,0.940901
-0.313173,0.1395405,0.1200956,0.9316803
-0.3207021,0.1435293,0.1221676,0.9282373
-0.3412316,0.154156,0.1277806,0.9184057
-0.3756131,0.1709383,0.1370397,0.9005082
-0.3819217,0.1738308,0.1387018,0.8970399
-0.3791746,0.1725719,0.1379744,0.8985592
-0.3675585,0.1671284,0.1348816,0.9048624
-0.3482949,0.1577242,0.1297036,0.914872
-0.3117203,0.1386783,0.1196332,0.9323554
-0.2798407,0.1214165,0.1108342,0.9458663
-0.2484586,0.1038855,0.101997,0.9576391
-0.2155945,0.08544922,0.09271629,0.9683084
-0.1916632,0.07207682,0.08589798,0.9750342
-0.1676478,0.05894683,0.07912219,0.9808972
-0.1462977,0.04750653,0.07307861,0.9853931
-0.1239273,0.03587487,0.06677691,0.9893916
-0.1053846,0.02653111,0.06155328,0.99217
-0.09092415,0.01948849,0.05752037,0.9940042
-0.09799016,0.02290787,0.05949366,0.9931433
-0.1199289,0.03383026,0.06564426,0.990032
-0.1529699,0.0510452,0.07496012,0.9840608
-0.1902063,0.071302,0.08551206,0.9754103
-0.2332373,0.09533457,0.09769724,0.9627912
-0.2857491,0.1246863,0.112495,0.9434752
-0.3085828,0.1370706,0.1188167,0.9337403
-0.3237756,0.1451398,0.1230085,0.9268079
-0.3246474,0.1455966,0.1232477,0.9263993
-0.3417202,0.1544085,0.1279166,0.9181626
-0.3555698,0.1613145,0.1316573,0.9111608
-0.3668966,0.1668139,0.1347053,0.9052152
-0.3645427,0.1656855,0.1340742,0.9064662
-0.3541873,0.1606422,0.1312898,0.9118708
-0.3416741,0.1543857,0.1279044,0.9181853
-0.3226773,0.1445603,0.1227048,0.9273215
-0.2999246,0.1324014,0.1164182,0.9375297
-0.2787299,0.1207669,0.1104973,0.9463167
-0.2590586,0.1098361,0.1049911,0.9538352
-0.2537847,0.1068741,0.1034995,0.9557505
-0.2412699,0.09984837,0.0999676,0.9601175
-0.2405498,0.09943108,0.09975402,0.9603637
-0.2163127,0.08583689,0.09290733,0.9680955
-0.2108489,0.08277893,0.09135956,0.9697133
-0.2056556,0.07987741,0.08988665,0.9712083
-0.2051759,0.07960978,0.08975062,0.9713444
-0.2082816,0.08134569,0.09063311,0.9704573
-0.218802,0.08723482,0.093615,0.9673427
-0.2442041,0.1014966,0.1007963,0.9591157
-0.2807332,0.1218997,0.111077,0.945511
-0.2935323,0.1289272,0.1146445,0.9402517
-0.3026127,0.1338544,0.1171624,0.9363662
-0.3056389,0.1354908,0.1180037,0.9350413
-0.3230097,0.1447261,0.1227901,0.9271687
-0.3367178,0.1518578,0.1265543,0.9206218
-0.3362992,0.1516382,0.1264368,0.920827
-0.3350999,0.1510227,0.1261097,0.9214101
-0.3373236,0.1521621,0.1267153,0.9203275
-0.3422254,0.1546611,0.1280515,0.9179132
-0.3392046,0.1531248,0.1272291,0.9194052
-0.3335308,0.1502149,0.1256812,0.9221697
-0.320788,0.1435639,0.1221839,0.9282002
-0.2981023,0.1314116,0.1159117,0.9383125
-0.2732817,0.1177601,0.1089816,0.9484581
-0.2450867,0.1019923,0.1010455,0.9588118
-0.2177696,0.08664842,0.09331603,0.9676573
-0.1987005,0.07601335,0.08792299,0.9731442
-0.1864782,0.0692387,0.08445144,0.9763708
-0.1658395,0.05796131,0.07860427,0.9813048
-0.1471885,0.04797728,0.07332961,0.985219
-0.1284104,0.0381729,0.0680362,0.9886479
-0.1060041,0.02684133,0.06173143,0.9920846
-0.0994278,0.02360999,0.05989602,0.9929598
-0.1075127,0.02759566,0.06216152,0.9918747
-0.1191924,0.0334552,0.06543582,0.9901475
-0.1266093,0.0372455,0.06752775,0.9889504
-0.1324314,0.04024794,0.0691665,0.9879565
-0.1455519,0.04711022,0.07286527,0.9855384
-0.1714995,0.06104383,0.08021659,0.9800138
-0.2134157,0.0842139,0.0920842,0.9689594
-0.2669339,0.1142258,0.1071987,0.9508981
-0.3024328,0.133763,0.1171172,0.936443
-0.3235305,0.1450188,0.1229465,0.9269206
-0.3322544,0.1495555,0.1253319,0.9227849
-0.3361905,0.1515865,0.1264158,0.9208781
-0.3376286,0.1523196,0.1267995,0.9201781
-0.3317435,0.1492904,0.1251917,0.9230306
-0.3264892,0.1465629,0.1237552,0.9255317
-0.3136447,0.1397813,0.1202182,0.9314697
-0.2917427,0.1279403,0.11414,0.9410045
-0.2629067,0.1119757,0.106065,0.9524136
-0.2309069,0.09403756,0.0970489,0.9635457
-0.1859322,0.06893719,0.08429602,0.9765096
-0.160092,0.05486662,0.07698253,0.982565
-0.1430687,0.04580005,0.07216287,0.9860153
-0.1423925,0.04545036,0.07197833,0.9861428
-0.1607759,0.05522927,0.07717127,0.9824182
-0.1838217,0.06777991,0.08370237,0.9770412
-0.1896537,0.07099164,0.08535162,0.9755546
-0.1893905,0.07084788,0.08527847,0.9756226
-0.2032749,0.07855012,0.0892119,0.9718798
-0.2293265,0.09313644,0.09659012,0.9640567
-0.2664803,0.1139398,0.1070466,0.9510767
-0.2956665,0.1300897,0.1152373,0.9393499
-0.3093716,0.1374972,0.1190372,0.9333884
-0.3212431,0.1438087,0.1223125,0.9279881
-0.3285655,0.1476434,0.1243231,0.9245485
-0.3326828,0.1497772,0.1254494,0.9225786
-0.3289364,0.1478355,0.1244241,0.9243723
-0.3203759,0.1433516,0.122074,0.9283897
-0.3043605,0.1347999,0.1176483,0.9356027
-0.2793304,0.1211195,0.1106812,0.9460731
-0.2427066,0.1006557,0.1003736,0.9596286
-0.2222201,0.08914848,0.09458029,0.9662946
-0.1994722,0.0764242,0.08812568,0.9729357
-0.1858539,0.0688967,0.08427605,0.976529
-0.1771165,0.06409701,0.08179786,0.9786881
-0.1721839,0.06140519,0.08040085,0.979856
-0.1733541,0.0620424,0.08073203,0.9795824
-0.1700562,0.0602479,0.07979836,0.9803485
-0.1753236,0.0631171,0.08128999,0.9791169
-0.1807735,0.06610005,0.08283364,0.9777987
-0.1757842,0.06336934,0.08142117,0.9790071
-0.1794842,0.06539943,0.08247414,0.9781137
-0.2026453,0.07819943,0.08903347,0.972056
-0.2402236,0.09924269,0.09965821,0.9604747
-0.289568,0.1267324,0.1135226,0.941914
-0.3230369,0.1447544,0.1228073,0.9271524
-0.3409719,0.1540242,0.1277099,0.9185342
-0.3547595,0.1609248,0.1314447,0.9115763
-0.3698369,0.1682121,0.1354913,0.9036412
-0.3883269,0.1767139,0.1403856,0.8934574
-0.3952212,0.1797615,0.1421976,0.8895313
-0.3924923,0.1785669,0.1414835,0.8910927
-0.3892792,0.1771507,0.1406438,0.8929158
-0.3730772,0.1697372,0.1363542,0.9018926
-0.3453015,0.1562141,0.1288864,0.91638
-0.3074894,0.1365028,0.1185272,0.9342207
-0.2778875,0.1202842,0.1102491,0.9466549
-0.2665064,0.1139919,0.1070819,0.9510591
-0.2738411,0.1180692,0.1091371,0.9482404
-0.2807039,0.1218634,0.1110536,0.9455272
-0.2985733,0.1316713,0.1160454,0.9381099
-0.3100742,0.137879,0.1192352,0.9330736
-0.3318265,0.1493346,0.1252153,0.9229905
-0.3621078,0.1644865,0.1334052,0.9077584
-0.3973735,0.1807132,0.142772,0.8882866
-0.4196201,0.18988,0.1485068,0.8751059
-0.4127019,0.1871215,0.1467347,0.8792791
-0.4063394,0.1845021,0.145091,0.8830605
-0.4162205,0.1885476,0.1476451,0.8771609
-0.4368471,0.1963721,0.1528773,0.8644254
-0.4637769,0.2053086,0.1595596,0.8469357
-0.4700049,0.2071483,0.1610778,0.8427568
-0.4606398,0.2043434,0.1587883,0.8490236
-0.4590557,0.2038571,0.1584032,0.8500698
-0.4535657,0.2021069,0.1570511,0.8536779
-0.4749484,0.2085466,0.1622764,0.8394038
-0.4800753,0.2099377,0.1635134,0.835893
-0.4589011,0.203799,0.1583594,0.8501753
-0.4345352,0.1955407,0.1522989,0.8658799
-0.3975982,0.1807847,0.1428132,0.888165
-0.3762486,0.1712302,0.1372056,0.9001622
-0.3751127,0.1706895,0.1368958,0.9007857
-0.383063,0.1743486,0.139002,0.8964061
-0.3691919,0.1679104,0.1353218,0.9039864
-0.3495916,0.1583298,0.130026,0.9142268
-0.341039,0.1540619,0.1277307,0.9185001
-0.332773,0.1498239,0.1254741,0.9225351
-0.3347036,0.1508213,0.1260031,0.9216017
-0.3430561,0.1550754,0.1282726,0.9175021
-0.3715803,0.1690374,0.1359573,0.9027016
-0.4075393,0.1850025,0.1454025,0.8823513
-0.4423161,0.1983159,0.1542536,0.860949
-0.4709398,0.2074165,0.1613048,0.8421252
-0.4846115,0.2111042,0.1645937,0.8327638
-0.4755817,0.2087168,0.162426,0.8389739
-0.4612819,0.2045356,0.1589412,0.8486
-0.4366003,0.1962933,0.1528215,0.8645778
-0.4241581,0.19166,0.1496745,0.8723268
-0.4002201,0.1819192,0.1435027,0.8866432
-0.3913923,0.1780763,0.1411915,0.8917208
-0.3648986,0.1658418,0.1341599,0.9062818
-0.3432351,0.1551741,0.128327,0.917411
-0.328182,0.147443,0.1242173,0.9247308
-0.3175837,0.1418767,0.121306,0.9296755
-0.319793,0.1430454,0.1219146,0.9286588
-0.3115986,0.1386885,0.1196524,0.9323921
-0.2958986,0.1302123,0.1152989,0.9392524
-0.2728783,0.117525,0.1088599,0.9486173
-0.2487659,0.1040669,0.1020904,0.9575297
-0.2316773,0.09445308,0.09725202,0.9632998
-0.2295953,0.09328857,0.0966671,0.9639702
-0.2505664,0.1050508,0.1025776,0.9569005
-0.2943578,0.1293723,0.1148698,0.9399049
-0.3425862,0.1548331,0.1281416,0.9177369
-0.3873492,0.1762829,0.1401323,0.8940066
-0.4113424,0.1865778,0.1463907,0.8800886
-0.4080199,0.1852008,0.145526,0.8820673
-0.3903216,0.1776024,0.1409105,0.8923287
-0.3800901,0.1729907,0.1382156,0.8980546
-0.3515745,0.1593556,0.1305888,0.9132074
-0.3369731,0.1519902,0.126625,0.9204967
-0.3248793,0.1457201,0.1233129,0.9262899
-0.304731,0.1350016,0.1177521,0.93544
-0.2836564,0.1235069,0.1118892,0.9443336
-0.262581,0.1117896,0.1059704,0.9525359
-0.2313082,0.0942572,0.09715747,0.9634171
-0.1914372,0.07197687,0.08585641,0.9750896
-0.1764048,0.06370974,0.08159808,0.9788586
-0.1773695,0.06423897,0.08187257,0.9786267
-0.2038255,0.07884969,0.08936138,0.9717266
-0.2300632,0.09355129,0.09679943,0.9638199
-0.2724409,0.1172786,0.1087357,0.9487877
-0.3144592,0.1402416,0.1204615,0.9310944
-0.3579844,0.1624728,0.1322907,0.9099171
-0.3820161,0.173872,0.1387251,0.8969881
-0.3775619,0.1718243,0.1375448,0.899447
-0.3512346,0.1591572,0.1304768,0.9133887
-0.3241964,0.1453633,0.1231259,0.92661
-0.3041971,0.1347133,0.117604,0.935674
-0.2810913,0.1220804,0.1111646,0.9453711
-0.2378415,0.09788334,0.09896819,0.9612781
-0.193691,0.07322077,0.08649132,0.9744956
-0.1694165,0.05990017,0.07961697,0.9804954
-0.1497249,0.04933198,0.07405634,0.9847153
-0.1712709,0.0608925,0.08012584,0.9800705
-0.2177593,0.08665778,0.09332433,0.9676579
-0.2740683,0.1181953,0.1092009,0.9481516
-0.3216394,0.1440221,0.1224258,0.9278026
-0.3618022,0.1643511,0.1333321,0.9079154
-0.3838706,0.1747188,0.1392176,0.8959548
-0.3804567,0.1731589,0.1383128,0.8978521
-0.3598114,0.1633954,0.132803,0.9089561
-0.3285391,0.147624,0.1243124,0.9245624
-0.2897648,0.1268461,0.1135808,0.9418311
-0.2609148,0.1108648,0.1055064,0.9531531
-0.2375164,0.09772965,0.09889911,0.9613812
-0.2141575,0.08463545,0.09230147,0.9687383
-0.2085449,0.0814907,0.09070601,0.9703818
-0.2043139,0.07912922,0.08950642,0.9715879
-0.2161781,0.08576074,0.0928688,0.9681361
-0.2294113,0.09318486,0.09661479,0.9640294
-0.246516,0.1027959,0.1014495,0.9583167
-0.2666906,0.11409,0.1071302,0.9509904
-0.2768996,0.1197665,0.1099945,0.9470394
-0.3015136,0.1332347,0.1168397,0.9368493
-0.3199713,0.1431426,0.1219658,0.9285758
-0.3301144,0.1484475,0.1247467,0.9238107
-0.3460012,0.1565659,0.129076,0.9160293
-0.3592191,0.1631136,0.1326483,0.9092635
-0.3732499,0.169819,0.1364004,0.9017988
-0.3929026,0.1787473,0.1415912,0.8908585
-0.3920215,0.1783585,0.141359,0.8913613
-0.3903213,0.1776091,0.1409145,0.892327
-0.3817697,0.1737533,0.138656,0.8971267
-0.3831252,0.1743768,0.1390185,0.8963714
-0.3839777,0.1747606,0.1392417,0.8958971
-0.3777021,0.1718933,0.1375847,0.8993688
-0.3709571,0.1687389,0.1357883,0.903039
-0.3564036,0.1617337,0.1318883,0.9107272
-0.3449598,0.156033,0.1287875,0.9165534
-0.3326598,0.1497703,0.1254464,0.9225884
-0.3407285,0.153899,0.1276427,0.9186547
-0.3456089,0.1563689,0.1289698,0.916226
-0.3427432,0.1549228,0.1281918,0.9176562
-0.3389558,0.152997,0.1271607,0.9195275
-0.3389014,0.1529776,0.1271516,0.919552
-0.3607516,0.1638552,0.133058,0.9084631
-0.3668314,0.1667814,0.1346868,0.9052504
-0.3828552,0.174247,0.1389424,0.8965238
-0.4021772,0.1827508,0.1440109,0.8855035
-0.4141343,0.1877012,0.1471037,0.8784198
-0.4169703,0.1888377,0.1478321,0.8767107
-0.4169723,0.1888489,0.1478394,0.8767062
-0.3968593,0.1804499,0.1426113,0.8885959
-0.3792043,0.1725838,0.1379815,0.8985433
-0.3685251,0.1675897,0.1351406,0.904345
-0.3614951,0.1642172,0.1332586,0.9080727
-0.3481801,0.157655,0.1296642,0.9149333
-0.3400986,0.1535801,0.1274724,0.9189651
-0.3292893,0.1480199,0.1245213,0.9242041
-0.3214079,0.1439001,0.1223611,0.9279103
-0.3042445,0.1347309,0.1176115,0.9356551
-0.2911005,0.1275913,0.1139627,0.9412723
-0.2770201,0.1198168,0.1100161,0.9469954
-0.2544789,0.1072717,0.1037016,0.9554995
-0.2435621,0.1011338,0.1006131,0.9593365
-0.2397294,0.09898289,0.09953237,0.9606381
-0.2564116,0.1083379,0.1042334,0.9548043
-0.2804152,0.121722,0.1109859,0.945639
-0.3093333,0.1374604,0.1190152,0.9334093
-0.327392,0.1470313,0.1240009,0.9251054
-0.3324221,0.1496423,0.1253779,0.9227042
-0.333888,0.1503984,0.1257783,0.9219972